Crime ID,Month,Reported by,Falls within,Longitude,Latitude,Location,LSOA code,LSOA name,Crime type,Last outcome category,Context
,2022-02,Gloucestershire Constabulary,Gloucestershire Constabulary,-2.097109,51.918877,On or near Runnings Road,E01022163,Cheltenham 001A,Anti-social behaviour,,
,2022-02,Gloucestershire Constabulary,Gloucestershire Constabulary,-2.088740,51.914793,On or near Pedestrian Subway,E01022163,Cheltenham 001A,Anti-social behaviour,,
695ca4e1ed19049e1c5c6f75ab176e3fffeb997bc093144b32f684d18b99f677,2022-02,Gloucestershire Constabulary,Gloucestershire Constabulary,-2.090762,51.915340,On or near Stanwick Drive,E01022163,Cheltenham 001A,Bicycle theft,Investigation complete; no suspect identified,
d7721982d987e100b2ec4af184d3a5a1fbf0ca523db5d5000285048ba53f4eba,2022-02,Gloucestershire Constabulary,Gloucestershire Constabulary,-2.089936,51.916887,On or near Linwell Close,E01022163,Cheltenham 001A,Burglary,Unable to prosecute suspect,
a96d10dba1f965ed48c3da4c4c9154e392936277a0a0cdbce16abac347e5f187,2022-02,Gloucestershire Constabulary,Gloucestershire Constabulary,-2.088173,51.914532,On or near Thomond Close,E01022163,Cheltenham 001A,Criminal damage and arson,Investigation complete; no suspect identified,
e2f212a79ed3470ec7f1b5bb0ae957ea6fcf1f0b3b62ba5c2add8271f3a59377,2022-02,Gloucestershire Constabulary,Gloucestershire Constabulary,-2.088173,51.914532,On or near Thomond Close,E01022163,Cheltenham 001A,Criminal damage and arson,Investigation complete; no suspect identified,
95dbd0c3dfce2289d7eb9ad90c0278720b30236efae74be257835f6c9f97b8d9,2022-02,Gloucestershire Constabulary,Gloucestershire Constabulary,-2.088740,51.914793,On or near Pedestrian Subway,E01022163,Cheltenham 001A,Criminal damage and arson,Investigation complete; no suspect identified,
f378a1c1863525ac8e9ebc0867a262d10db13c4727facf43d6cb1619c70f7c5f,2022-02,Gloucestershire Constabulary,Gloucestershire Constabulary,-2.089560,51.917660,On or near Mandarin Way,E01022163,Cheltenham 001A,Criminal damage and arson,Investigation complete; no suspect identified,
a448d832aeb496a296d644dfa6f9434357f6289fd99d52c21abc678501d11517,2022-02,Gloucestershire Constabulary,Gloucestershire Constabulary,-2.086896,51.916107,On or near Supermarket,E01022163,Cheltenham 001A,Shoplifting,Investigation complete; no suspect identified,
64a1c7796453f1fbdcae4281c519a84dd257158c569382f33c3ef7f2760b6292,2022-02,Gloucestershire Constabulary,Gloucestershire Constabulary,-2.097109,51.918877,On or near Runnings Road,E01022163,Cheltenham 001A,Vehicle crime,Investigation complete; no suspect identified,
ebff92a566d8961dd615dff86ff52469d7b92dd64d1a7e20364347aa483f53f4,2022-02,Gloucestershire Constabulary,Gloucestershire Constabulary,-2.086896,51.916107,On or near Supermarket,E01022163,Cheltenham 001A,Violence and sexual offences,Unable to prosecute suspect,
61a361f9742576961311cf8203aa3d738811ca830a4dad5b30c30af1e99f0134,2022-02,Gloucestershire Constabulary,Gloucestershire Constabulary,-2.088173,51.914532,On or near Thomond Close,E01022163,Cheltenham 001A,Violence and sexual offences,Investigation complete; no suspect identified,
5d6d4e9699ed3b485fcc63f8a157f4df0223f23dddccf48598aba9941278e1fb,2022-02,Gloucestershire Constabulary,Gloucestershire Constabulary,-2.089908,51.909793,On or near Waterloo Street,E01022164,Cheltenham 001B,Burglary,Unable to prosecute suspect,
648c8a3d9a903cd02a1d7cdb32cf28ed1ce4a0e85089f0b393164e0775d9af2f,2022-02,Gloucestershire Constabulary,Gloucestershire Constabulary,-2.089137,51.909533,On or near Hope Street,E01022164,Cheltenham 001B,Burglary,Unable to prosecute suspect,
c7c80edffd86445d9221ae4529ea9075f9acf267b41ba5302387ed89ed194a41,2022-02,Gloucestershire Constabulary,Gloucestershire Constabulary,-2.089908,51.909793,On or near Waterloo Street,E01022164,Cheltenham 001B,Burglary,Unable to prosecute suspect,
c0a042fc7db4ad334566130691f05f67dbbab200ea94a5b13b8070c8c175f8e9,2022-02,Gloucestershire Constabulary,Gloucestershire Constabulary,-2.096636,51.915524,On or near Kingsditch Lane,E01022164,Cheltenham 001B,Shoplifting,Investigation complete; no suspect identified,
38df6545357e57ba8c132e50a0d1be26fc8e736b62a29c382e48b7781e583693,2022-02,Gloucestershire Constabulary,Gloucestershire Constabulary,-2.093630,51.910419,On or near Tewkesbury Road,E01022164,Cheltenham 001B,Violence and sexual offences,Offender given a caution,
5ad7e8d4f89037a6ead861456ff90e0a300941dd30ef5a4b609d9d62a2f9a45f,2022-02,Gloucestershire Constabulary,Gloucestershire Constabulary,-2.089908,51.909793,On or near Waterloo Street,E01022164,Cheltenham 001B,Violence and sexual offences,Unable to prosecute suspect,
fa47575b752377cbaba4fe297caab5ad0441b87552eb207ac75e7ab72cf156eb,2022-02,Gloucestershire Constabulary,Gloucestershire Constabulary,-2.093630,51.910419,On or near Tewkesbury Road,E01022164,Cheltenham 001B,Violence and sexual offences,Offender given a caution,
ef6445b200b6d24d6f9b76380e56b4011468054e2f0f11855086f9d05861878f,2022-02,Gloucestershire Constabulary,Gloucestershire Constabulary,-2.089908,51.909793,On or near Waterloo Street,E01022164,Cheltenham 001B,Violence and sexual offences,Unable to prosecute suspect,
,2022-02,Gloucestershire Constabulary,Gloucestershire Constabulary,-2.107775,51.916629,On or near River Leys,E01022165,Cheltenham 001C,Anti-social behaviour,,
,2022-02,Gloucestershire Constabulary,Gloucestershire Constabulary,-2.099557,51.914793,On or near Shopping Area,E01022165,Cheltenham 001C,Anti-social behaviour,,
,2022-02,Gloucestershire Constabulary,Gloucestershire Constabulary,-2.099557,51.914793,On or near Shopping Area,E01022165,Cheltenham 001C,Anti-social behaviour,,
789622a2ccc5eb0f7bee5c02fec369814a2d031b45947904e20c62e4cdbeb34b,2022-02,Gloucestershire Constabulary,Gloucestershire Constabulary,-2.103256,51.917712,On or near Parking Area,E01022165,Cheltenham 001C,Burglary,Unable to prosecute suspect,
bf3848915e77ad9bb19879dc56122d339d193dbe8ed29da740fdb0a37cbbcf68,2022-02,Gloucestershire Constabulary,Gloucestershire Constabulary,-2.106698,51.915955,On or near Hayden Road,E01022165,Cheltenham 001C,Burglary,Investigation complete; no suspect identified,
1beae8ca66ca97e9cc6e3e56faadc52d0042afd01366908ed744df049032c1ad,2022-02,Gloucestershire Constabulary,Gloucestershire Constabulary,-2.103648,51.917469,On or near Petrol Station,E01022165,Cheltenham 001C,Other theft,Unable to prosecute suspect,
29ed7f02b2570c65af34107630c61124d78883615147b7e188611cf49405d42d,2022-02,Gloucestershire Constabulary,Gloucestershire Constabulary,-2.103648,51.917469,On or near Petrol Station,E01022165,Cheltenham 001C,Other theft,Investigation complete; no suspect identified,
85422975bfb4b95039c70aa911f5dff905adb1077051e53d5802ec82abb3faf5,2022-02,Gloucestershire Constabulary,Gloucestershire Constabulary,-2.103648,51.917469,On or near Petrol Station,E01022165,Cheltenham 001C,Other theft,Investigation complete; no suspect identified,
14c8092c1ac8b3b34578e03ad8abff04ae1eed5ae000a8776e2ee6fb76fdd549,2022-02,Gloucestershire Constabulary,Gloucestershire Constabulary,-2.103648,51.917469,On or near Petrol Station,E01022165,Cheltenham 001C,Other theft,Investigation complete; no suspect identified,
397582d969c60f644483a11245621aa33544aa6526276388ef40168e08679c54,2022-02,Gloucestershire Constabulary,Gloucestershire Constabulary,-2.103648,51.917469,On or near Petrol Station,E01022165,Cheltenham 001C,Other theft,Investigation complete; no suspect identified,
76f7ec390ac5c76e27b83d41f783d51077fd0229c6659b8157b3349222009543,2022-02,Gloucestershire Constabulary,Gloucestershire Constabulary,-2.094302,51.925505,On or near The Firs,E01022165,Cheltenham 001C,Other theft,Unable to prosecute suspect,
592e8c0de80d5f26886643311f2384e590ba1549136d8c1e36b8b63f6be1c8e2,2022-02,Gloucestershire Constabulary,Gloucestershire Constabulary,-2.105636,51.915678,On or near Village Road,E01022165,Cheltenham 001C,Other theft,Investigation complete; no suspect identified,
b81bfcf3e1cad4c424f3de8e92922202fdacbecb901a3ba2f16c05e1f67a656d,2022-02,Gloucestershire Constabulary,Gloucestershire Constabulary,-2.103648,51.917469,On or near Petrol Station,E01022165,Cheltenham 001C,Other theft,Investigation complete; no suspect identified,
7cbb35fd2449258e4c12183c63def012b8ade7efb2826620381231ffb23b8e35,2022-02,Gloucestershire Constabulary,Gloucestershire Constabulary,-2.103648,51.917469,On or near Petrol Station,E01022165,Cheltenham 001C,Other theft,Investigation complete; no suspect identified,
d14318a397d7e9b6cc4b1c2df75ca73f9770d0d19769601a79dd8966dcb21591,2022-02,Gloucestershire Constabulary,Gloucestershire Constabulary,-2.103018,51.915392,On or near Petrol Station,E01022165,Cheltenham 001C,Other theft,Investigation complete; no suspect identified,
7699f4d501afb238029507ba957218dad9f55241acc7f0fcedda199da2ddcda3,2022-02,Gloucestershire Constabulary,Gloucestershire Constabulary,-2.103018,51.915392,On or near Petrol Station,E01022165,Cheltenham 001C,Other theft,Investigation complete; no suspect identified,
458e2f488a3325bf8ab38ebd97bef78cace2f55375fdf1a336f350c9520e98d6,2022-02,Gloucestershire Constabulary,Gloucestershire Constabulary,-2.099557,51.914793,On or near Shopping Area,E01022165,Cheltenham 001C,Public order,Unable to prosecute suspect,
f907abea19eea583aeb4fd9f620c42688c85c479becc27ba556e269a812c3b55,2022-02,Gloucestershire Constabulary,Gloucestershire Constabulary,-2.105636,51.915678,On or near Village Road,E01022165,Cheltenham 001C,Public order,Investigation complete; no suspect identified,
b5c795b536cd6c0deaa4a613df5cab579b1cb6d838c36960aab59bacbe44857d,2022-02,Gloucestershire Constabulary,Gloucestershire Constabulary,-2.103256,51.917712,On or near Parking Area,E01022165,Cheltenham 001C,Public order,Unable to prosecute suspect,
d093b7c2f50550f35ba0b39073b6ed1119ebb4539146cfc48b93987a8b738ef6,2022-02,Gloucestershire Constabulary,Gloucestershire Constabulary,-2.106761,51.918041,On or near Supermarket,E01022165,Cheltenham 001C,Shoplifting,Unable to prosecute suspect,
3a2838c4887bb9fc5595bda5730e4127ba26cce275ce08d0cb6093ef77c55fd5,2022-02,Gloucestershire Constabulary,Gloucestershire Constabulary,-2.099557,51.914793,On or near Shopping Area,E01022165,Cheltenham 001C,Shoplifting,Investigation complete; no suspect identified,
0e5f96e98a7ccdaf79c5f379d928e82323034b359f6dde72feaea3f7b3b28161,2022-02,Gloucestershire Constabulary,Gloucestershire Constabulary,-2.099557,51.914793,On or near Shopping Area,E01022165,Cheltenham 001C,Shoplifting,Investigation complete; no suspect identified,
d0eff38bc85c55760284a5144c3d58ed8cd9d7993c66288aaa0679979a9701c0,2022-02,Gloucestershire Constabulary,Gloucestershire Constabulary,-2.099557,51.914793,On or near Shopping Area,E01022165,Cheltenham 001C,Shoplifting,Court result unavailable,
11acb7d174677b524914764ea0ee4dadb4bf68c1b0d7abb91d78f365540834a1,2022-02,Gloucestershire Constabulary,Gloucestershire Constabulary,-2.099557,51.914793,On or near Shopping Area,E01022165,Cheltenham 001C,Shoplifting,Unable to prosecute suspect,
81865d756b53d8fbfd5d3bee53fe9f934b223f3f43c1505c1bb6b00819508d93,2022-02,Gloucestershire Constabulary,Gloucestershire Constabulary,-2.099557,51.914793,On or near Shopping Area,E01022165,Cheltenham 001C,Shoplifting,Investigation complete; no suspect identified,
834ccc87abd2349c2130586f98973f11011819d2b38580bfca4b961c1e836996,2022-02,Gloucestershire Constabulary,Gloucestershire Constabulary,-2.099557,51.914793,On or near Shopping Area,E01022165,Cheltenham 001C,Shoplifting,Investigation complete; no suspect identified,
c15a331a8b1d256e9f2adb4434daf07aa5511345e32bebe6103fdb02e09fe67b,2022-02,Gloucestershire Constabulary,Gloucestershire Constabulary,-2.106761,51.918041,On or near Supermarket,E01022165,Cheltenham 001C,Shoplifting,Investigation complete; no suspect identified,
fca1e2a0b5af8f10d7b9363ca923cac040d159006aa355fd83a93f7d68bad97c,2022-02,Gloucestershire Constabulary,Gloucestershire Constabulary,-2.099557,51.914793,On or near Shopping Area,E01022165,Cheltenham 001C,Shoplifting,Investigation complete; no suspect identified,
e9d7b12c98994d8e7710abf003b2b3736136e5c8f655b5080324b87fbb9e3550,2022-02,Gloucestershire Constabulary,Gloucestershire Constabulary,-2.101858,51.916589,On or near Rutherford Way,E01022165,Cheltenham 001C,Shoplifting,Investigation complete; no suspect identified,
d818a4ea946ca552d2932e1cef690142ddf6fa826f4fe6eb9cd2309111ef8f5c,2022-02,Gloucestershire Constabulary,Gloucestershire Constabulary,-2.099557,51.914793,On or near Shopping Area,E01022165,Cheltenham 001C,Vehicle crime,Investigation complete; no suspect identified,
db9c835529b587a2e4c2f26a16cc9f43c8e33e9d2a9df497e2efeb626db50b88,2022-02,Gloucestershire Constabulary,Gloucestershire Constabulary,-2.099557,51.914793,On or near Shopping Area,E01022165,Cheltenham 001C,Violence and sexual offences,Unable to prosecute suspect,
d19cdbe3198e0399b62113dddc42b5f71eb4c00d54f5ad025b57f1b4726098c2,2022-02,Gloucestershire Constabulary,Gloucestershire Constabulary,-2.099557,51.914793,On or near Shopping Area,E01022165,Cheltenham 001C,Violence and sexual offences,Investigation complete; no suspect identified,
b7f379b818b8ae6b6a042418534d59d6a483003f2a7596fa8dc25f46a011a791,2022-02,Gloucestershire Constabulary,Gloucestershire Constabulary,-2.102652,51.914341,On or near Riverview Way,E01022165,Cheltenham 001C,Violence and sexual offences,Investigation complete; no suspect identified,
fcc730cc8246b8c7894ced6102996f274aea482e15a0aa78e2ebdb4d62fcd519,2022-02,Gloucestershire Constabulary,Gloucestershire Constabulary,-2.099557,51.914793,On or near Shopping Area,E01022165,Cheltenham 001C,Violence and sexual offences,Investigation complete; no suspect identified,
28a8e0fe8d2f04e549ab72a0da94737a561a3a6b5624c47c5f9dc12e0460f79e,2022-02,Gloucestershire Constabulary,Gloucestershire Constabulary,-2.109126,51.916034,On or near Newland View,E01022165,Cheltenham 001C,Violence and sexual offences,Unable to prosecute suspect,
2976edbe18f72a09a3bf007026b4a42fd3ed2741acf4eada7b89f5285986cead,2022-02,Gloucestershire Constabulary,Gloucestershire Constabulary,-2.109126,51.916034,On or near Newland View,E01022165,Cheltenham 001C,Violence and sexual offences,Unable to prosecute suspect,
72eaf042b621934c81e9803088c57a1c02a408125bd65486f3edb7d812130c44,2022-02,Gloucestershire Constabulary,Gloucestershire Constabulary,-2.099557,51.914793,On or near Shopping Area,E01022165,Cheltenham 001C,Violence and sexual offences,Investigation complete; no suspect identified,
f2c2bc78fa8f1a809edfe1489c2c8f04a6e93456336725343500f50944f3a664,2022-02,Gloucestershire Constabulary,Gloucestershire Constabulary,-2.082984,51.915498,On or near Yew Tree Close,E01022166,Cheltenham 001D,Vehicle crime,Investigation complete; no suspect identified,
fe08020e0acd58682e7f2731f34a98a74d7b5718dbf1658878a825ee3b014647,2022-02,Gloucestershire Constabulary,Gloucestershire Constabulary,-2.082990,51.918564,On or near Red Rower Close,E01022166,Cheltenham 001D,Vehicle crime,Investigation complete; no suspect identified,
,2022-02,Gloucestershire Constabulary,Gloucestershire Constabulary,-2.079934,51.917334,On or near Swindon Lane,E01022143,Cheltenham 002A,Anti-social behaviour,,
f6c56ca1846968f725b10a7c1d2830e7ae5874fc442ffc64891dd74933581121,2022-02,Gloucestershire Constabulary,Gloucestershire Constabulary,-2.059255,51.914362,On or near New Barn Lane,E01022143,Cheltenham 002A,Burglary,Investigation complete; no suspect identified,
42f7c0fddd9dc13c1a8181b7ea69ff87558a866488b1bbdcacc014ce49a7b708,2022-02,Gloucestershire Constabulary,Gloucestershire Constabulary,-2.067151,51.915185,On or near Lexington Square,E01022143,Cheltenham 002A,Burglary,Investigation complete; no suspect identified,
6f74821592c70612282d7a02d811f5f8d2bd8f53ecc188aebe62b7ab3bd11b21,2022-02,Gloucestershire Constabulary,Gloucestershire Constabulary,-2.067828,51.920597,On or near Pedestrian Subway,E01022143,Cheltenham 002A,Other theft,Investigation complete; no suspect identified,
778ed041059b6522ac0ce7ec8aa73a1d69a77865386e59f2a56660fcf5dfb638,2022-02,Gloucestershire Constabulary,Gloucestershire Constabulary,-2.067828,51.920597,On or near Pedestrian Subway,E01022143,Cheltenham 002A,Other theft,Investigation complete; no suspect identified,
833e9d9feff7947153f5de8bc114701be31b6c269c68f6dc914136ca876dda68,2022-02,Gloucestershire Constabulary,Gloucestershire Constabulary,-2.067828,51.920597,On or near Pedestrian Subway,E01022143,Cheltenham 002A,Theft from the person,Investigation complete; no suspect identified,
280a55e3022be59103f8cfb77b368a3efc0060e3f922838fcc75ce069d17dba2,2022-02,Gloucestershire Constabulary,Gloucestershire Constabulary,-2.067828,51.920597,On or near Pedestrian Subway,E01022143,Cheltenham 002A,Vehicle crime,Investigation complete; no suspect identified,
62f04fb8f60ca5f4cddd1d3b1294ffbf412bbcb86bed3ef63c89972497e2d2ba,2022-02,Gloucestershire Constabulary,Gloucestershire Constabulary,-2.067135,51.913935,On or near Hill Court Road,E01022143,Cheltenham 002A,Violence and sexual offences,Unable to prosecute suspect,
d820ead073b13903041b6032a137482fbd9bca0956c86fde2222fe2003401273,2022-02,Gloucestershire Constabulary,Gloucestershire Constabulary,-2.055680,51.915505,On or near Lime Close,E01022143,Cheltenham 002A,Violence and sexual offences,Unable to prosecute suspect,
6063af726d19e86c1e1853a665de4a6a827dd8b14cd263169e17322bb6aa96ad,2022-02,Gloucestershire Constabulary,Gloucestershire Constabulary,-2.067135,51.913935,On or near Hill Court Road,E01022143,Cheltenham 002A,Violence and sexual offences,Unable to prosecute suspect,
,2022-02,Gloucestershire Constabulary,Gloucestershire Constabulary,-2.052494,51.913232,On or near New Barn Close,E01022144,Cheltenham 002B,Anti-social behaviour,,
,2022-02,Gloucestershire Constabulary,Gloucestershire Constabulary,-2.054326,51.913573,On or near New Barn Avenue,E01022144,Cheltenham 002B,Anti-social behaviour,,
5b165eff41791d0728d937e6a18aca1afd5d4461d737a3fd5fd104db6f4013fa,2022-02,Gloucestershire Constabulary,Gloucestershire Constabulary,-2.044106,51.913667,On or near Parking Area,E01022144,Cheltenham 002B,Bicycle theft,Investigation complete; no suspect identified,
c59670688e0b894d767711214460532e83033b95a7000ecee448245d93bfd89d,2022-02,Gloucestershire Constabulary,Gloucestershire Constabulary,-2.053290,51.910534,On or near York Row,E01022144,Cheltenham 002B,Criminal damage and arson,Investigation complete; no suspect identified,
8b087770ab7b41d63d0eb89dafb333077c28d765d9eb0dbd9c423112d7f472f8,2022-02,Gloucestershire Constabulary,Gloucestershire Constabulary,-2.051372,51.911246,On or near Prescott Walk,E01022144,Cheltenham 002B,Violence and sexual offences,Unable to prosecute suspect,
50894f683a697f186c4e663ea560c444d928ee86d6f141933122c6464f17c26d,2022-02,Gloucestershire Constabulary,Gloucestershire Constabulary,-2.042399,51.907977,On or near Black Berry Field,E01022145,Cheltenham 002C,Criminal damage and arson,Investigation complete; no suspect identified,
03f1e1b78b0d708c25c7a2f47b807a835e8c96a5b48a9c5b90ea07e9ba76253e,2022-02,Gloucestershire Constabulary,Gloucestershire Constabulary,-2.047636,51.911418,On or near Glebe Road,E01022145,Cheltenham 002C,Violence and sexual offences,Action to be taken by another organisation,
6c02a2d5b791404e0bfce636c2317da019628a68f1435d64f5253a5d4d7a70fb,2022-02,Gloucestershire Constabulary,Gloucestershire Constabulary,-2.046355,51.910043,On or near Bouncer'S Lane,E01022145,Cheltenham 002C,Violence and sexual offences,Unable to prosecute suspect,
946699c1218d4f071b36515a238ba4a6eeacaba769eccca58199103c8d7abf4d,2022-02,Gloucestershire Constabulary,Gloucestershire Constabulary,-2.046355,51.910043,On or near Bouncer'S Lane,E01022145,Cheltenham 002C,Violence and sexual offences,Unable to prosecute suspect,
d4d1dd1589c932eb1c3cb67c989700f6963ee2048ce77589a8ebec34565376a6,2022-02,Gloucestershire Constabulary,Gloucestershire Constabulary,-2.047636,51.911418,On or near Glebe Road,E01022145,Cheltenham 002C,Violence and sexual offences,Action to be taken by another organisation,
0595bdd27c59d4aabfe67740e79dded6027c05095fe89d740a85371d63c24986,2022-02,Gloucestershire Constabulary,Gloucestershire Constabulary,-2.046355,51.910043,On or near Bouncer'S Lane,E01022145,Cheltenham 002C,Violence and sexual offences,Unable to prosecute suspect,
,2022-02,Gloucestershire Constabulary,Gloucestershire Constabulary,-2.041533,51.913929,On or near Idsall Drive,E01022146,Cheltenham 002D,Anti-social behaviour,,
28ab439fa5bca2ab62ad7c06316df9279e8b639ec8a90fe6bf0581f56e6d1560,2022-02,Gloucestershire Constabulary,Gloucestershire Constabulary,-2.119482,51.906710,On or near Graham Place,E01022122,Cheltenham 003A,Violence and sexual offences,Court result unavailable,
,2022-02,Gloucestershire Constabulary,Gloucestershire Constabulary,-2.119482,51.906710,On or near Graham Place,E01022122,Cheltenham 003A,Anti-social behaviour,,
,2022-02,Gloucestershire Constabulary,Gloucestershire Constabulary,-2.120251,51.906223,On or near Stanley Place,E01022122,Cheltenham 003A,Anti-social behaviour,,
,2022-02,Gloucestershire Constabulary,Gloucestershire Constabulary,-2.119068,51.903968,On or near Marsland Road,E01022122,Cheltenham 003A,Anti-social behaviour,,
,2022-02,Gloucestershire Constabulary,Gloucestershire Constabulary,-2.120277,51.905108,On or near Hicks Beach Road,E01022122,Cheltenham 003A,Anti-social behaviour,,
f71c0ca8a736298351265e30f7209f9e1abdecf7e3562574ed0d46edb7b65889,2022-02,Gloucestershire Constabulary,Gloucestershire Constabulary,-2.124710,51.904987,On or near Aston Grove,E01022122,Cheltenham 003A,Burglary,Investigation complete; no suspect identified,
f44d82c27a8f60c1c3bf5b00ae2e5cf90004e138018c14122258a0ab536dd726,2022-02,Gloucestershire Constabulary,Gloucestershire Constabulary,-2.126230,51.902639,On or near Beverley Croft,E01022122,Cheltenham 003A,Other theft,Investigation complete; no suspect identified,
7c822b84d506843b117f2ce5bc3dc642d10213b291515d98a16670ba1fb2c59f,2022-02,Gloucestershire Constabulary,Gloucestershire Constabulary,-2.126230,51.902639,On or near Beverley Croft,E01022122,Cheltenham 003A,Other theft,Unable to prosecute suspect,
edcf64aa1c784bdb662e5bcff1bd42b990de04eb4fcf69a428ec0639e258b528,2022-02,Gloucestershire Constabulary,Gloucestershire Constabulary,-2.119482,51.906710,On or near Graham Place,E01022122,Cheltenham 003A,Public order,Local resolution,
065250c1aca2d301e0c6dbb3839e0bddc96fe270395b85c7e3b31f3b6ede2372,2022-02,Gloucestershire Constabulary,Gloucestershire Constabulary,-2.119482,51.906710,On or near Graham Place,E01022122,Cheltenham 003A,Public order,Local resolution,
3cff358c73c16c4876743fe705a3543aed0bc3bfddce929fa5fcd6b2485e4bc8,2022-02,Gloucestershire Constabulary,Gloucestershire Constabulary,-2.122337,51.903380,On or near Terry Ruck Close,E01022122,Cheltenham 003A,Public order,Unable to prosecute suspect,
bd4c45a2c6a800fae43fd1344b919a093e49d8db64a8a23dcc78c527396dd704,2022-02,Gloucestershire Constabulary,Gloucestershire Constabulary,-2.119068,51.903968,On or near Marsland Road,E01022122,Cheltenham 003A,Vehicle crime,Investigation complete; no suspect identified,
d0e920289a45c17f1925ac54b21990982ff0b3a2717fcd8756d53dd4877cb4f9,2022-02,Gloucestershire Constabulary,Gloucestershire Constabulary,-2.119482,51.906710,On or near Graham Place,E01022122,Cheltenham 003A,Violence and sexual offences,Unable to prosecute suspect,
63a976979ec776d52d4ce7c86e47c5a3b30ce2cbbb26eb12394a5fcfeb2f5e11,2022-02,Gloucestershire Constabulary,Gloucestershire Constabulary,-2.118583,51.907367,On or near Falkland Place,E01022122,Cheltenham 003A,Violence and sexual offences,Unable to prosecute suspect,
42e1486c14af3c713152df096697111d58cc23abbf0fbabcd152a0c4fd32ec67,2022-02,Gloucestershire Constabulary,Gloucestershire Constabulary,-2.118583,51.907367,On or near Falkland Place,E01022122,Cheltenham 003A,Violence and sexual offences,Unable to prosecute suspect,
de2583e85f61934fa9ec2e76775044e7df344ea506966c8502c340d081e969ca,2022-02,Gloucestershire Constabulary,Gloucestershire Constabulary,-2.118717,51.903096,On or near Seacome Road,E01022122,Cheltenham 003A,Violence and sexual offences,Unable to prosecute suspect,
c624107fdb277cb5ebcc7ed5413f1254f051a388f139d7628e5f48eb0c747f69,2022-02,Gloucestershire Constabulary,Gloucestershire Constabulary,-2.118717,51.903096,On or near Seacome Road,E01022122,Cheltenham 003A,Violence and sexual offences,Unable to prosecute suspect,
83cf629a63b633422b9aa3d630aa1c041c566668951271dc46db80661ececee0,2022-02,Gloucestershire Constabulary,Gloucestershire Constabulary,-2.118583,51.907367,On or near Falkland Place,E01022122,Cheltenham 003A,Violence and sexual offences,Unable to prosecute suspect,
d57004a787ed5a394b85ea2237c0a41606b18e5283e2e683586c1977a22c698f,2022-02,Gloucestershire Constabulary,Gloucestershire Constabulary,-2.119482,51.906710,On or near Graham Place,E01022122,Cheltenham 003A,Violence and sexual offences,Local resolution,
be9b943888b237e9a048443321359fce86431b2abca64539f2c611f88ab261ae,2022-02,Gloucestershire Constabulary,Gloucestershire Constabulary,-2.120251,51.906223,On or near Stanley Place,E01022122,Cheltenham 003A,Other crime,Unable to prosecute suspect,
,2022-02,Gloucestershire Constabulary,Gloucestershire Constabulary,-2.116579,51.913788,On or near Parking Area,E01022160,Cheltenham 003B,Anti-social behaviour,,
,2022-02,Gloucestershire Constabulary,Gloucestershire Constabulary,-2.116579,51.913788,On or near Parking Area,E01022160,Cheltenham 003B,Anti-social behaviour,,
,2022-02,Gloucestershire Constabulary,Gloucestershire Constabulary,-2.116579,51.913788,On or near Parking Area,E01022160,Cheltenham 003B,Anti-social behaviour,,
,2022-02,Gloucestershire Constabulary,Gloucestershire Constabulary,-2.115063,51.912432,On or near Sports/Recreation Area,E01022160,Cheltenham 003B,Anti-social behaviour,,
,2022-02,Gloucestershire Constabulary,Gloucestershire Constabulary,-2.117189,51.913509,On or near Peter Pennell Close,E01022160,Cheltenham 003B,Anti-social behaviour,,
,2022-02,Gloucestershire Constabulary,Gloucestershire Constabulary,-2.112240,51.911194,On or near Lipson Road,E01022160,Cheltenham 003B,Anti-social behaviour,,
7d3615867c9101eb5c5a4fe6e5c3ae588cee82a434c1c8de3c3edd8c474e572e,2022-02,Gloucestershire Constabulary,Gloucestershire Constabulary,-2.113528,51.914753,On or near Seabright Close,E01022160,Cheltenham 003B,Bicycle theft,Investigation complete; no suspect identified,
88552d49b4cbf92d07e605f6b26559c76051dcaaa265f2bec58d3265b117ac2b,2022-02,Gloucestershire Constabulary,Gloucestershire Constabulary,-2.113528,51.914753,On or near Seabright Close,E01022160,Cheltenham 003B,Bicycle theft,Investigation complete; no suspect identified,
5411453e187c0746479685cbd9cc8d898b59c826e9b01bcb19767a6775007959,2022-02,Gloucestershire Constabulary,Gloucestershire Constabulary,-2.113528,51.914753,On or near Seabright Close,E01022160,Cheltenham 003B,Bicycle theft,Investigation complete; no suspect identified,
15a58f3e4cc86e8eebd68b0956b62b3ed6a170dfe6e79009f7fafa6d1da21bd4,2022-02,Gloucestershire Constabulary,Gloucestershire Constabulary,-2.113528,51.914753,On or near Seabright Close,E01022160,Cheltenham 003B,Burglary,Local resolution,
e4e7b4078ea78a7aabaa16efd40b2d100c4c6593a151933df4243cc4de6308bb,2022-02,Gloucestershire Constabulary,Gloucestershire Constabulary,-2.116579,51.913788,On or near Parking Area,E01022160,Cheltenham 003B,Criminal damage and arson,Investigation complete; no suspect identified,
3c4fd95b4bf8d452a65b52eff3c9ede7251cb5a78c36852487d5bd8168095ccc,2022-02,Gloucestershire Constabulary,Gloucestershire Constabulary,-2.116045,51.915506,On or near Rosebay Gardens,E01022160,Cheltenham 003B,Criminal damage and arson,Investigation complete; no suspect identified,
a853168efe8acd7aa2eda42d1f87b490b4495612ced0ae3fd6016b7879a76269,2022-02,Gloucestershire Constabulary,Gloucestershire Constabulary,-2.117060,51.914246,On or near Shopping Area,E01022160,Cheltenham 003B,Criminal damage and arson,Investigation complete; no suspect identified,
0001b7e52a0afaf46f3dda5f0d26c25b1f35cf5473574f88cbe3c8adbfe143e4,2022-02,Gloucestershire Constabulary,Gloucestershire Constabulary,-2.112659,51.910295,On or near Pennington Court,E01022160,Cheltenham 003B,Drugs,Further action is not in the public interest,
1f09a2f927b7cce6762fd51a36d1235b422b89fdd22a53ac63383744a40d71c1,2022-02,Gloucestershire Constabulary,Gloucestershire Constabulary,-2.116579,51.913788,On or near Parking Area,E01022160,Cheltenham 003B,Other theft,Investigation complete; no suspect identified,
58a277cdb6b8b556edc58f04c66780a5731fd74c031d3b612aed79ad6d4f2b38,2022-02,Gloucestershire Constabulary,Gloucestershire Constabulary,-2.116579,51.913788,On or near Parking Area,E01022160,Cheltenham 003B,Public order,Investigation complete; no suspect identified,
2c2e3c1690b20bca95a535fea97449ddd4e938fad603ab79bb6ea1de8d2ede9f,2022-02,Gloucestershire Constabulary,Gloucestershire Constabulary,-2.110209,51.912850,On or near Howell Road,E01022160,Cheltenham 003B,Violence and sexual offences,Action to be taken by another organisation,
5fa643153842c84e9ae0dd800e74382e68a6d5ac927e5493235942eb49703352,2022-02,Gloucestershire Constabulary,Gloucestershire Constabulary,-2.116579,51.913788,On or near Parking Area,E01022160,Cheltenham 003B,Violence and sexual offences,Investigation complete; no suspect identified,
0644323f745abc677f579dd36b11ff9b9fa1166313fb938671a48614a61bc700,2022-02,Gloucestershire Constabulary,Gloucestershire Constabulary,-2.117060,51.914246,On or near Shopping Area,E01022160,Cheltenham 003B,Violence and sexual offences,Investigation complete; no suspect identified,
77105a481bf3134f1defc52e496f1ca9333ec8b4a951d168c03f6ceaf69441ac,2022-02,Gloucestershire Constabulary,Gloucestershire Constabulary,-2.110209,51.912850,On or near Howell Road,E01022160,Cheltenham 003B,Violence and sexual offences,Unable to prosecute suspect,
dcfb0f8675d63028764e3d6d6dc0118a1143600f11fdf4fa6e6e24a3921184cf,2022-02,Gloucestershire Constabulary,Gloucestershire Constabulary,-2.110209,51.912850,On or near Howell Road,E01022160,Cheltenham 003B,Violence and sexual offences,Action to be taken by another organisation,
0dcc79aade3635c3632707ea22baa7fed354316ee61b1fede9f9c0089f7a550c,2022-02,Gloucestershire Constabulary,Gloucestershire Constabulary,-2.110209,51.912850,On or near Howell Road,E01022160,Cheltenham 003B,Violence and sexual offences,Action to be taken by another organisation,
5450646a86c6a76520cc9ada16ccd54e85ef5e2505fa5ed7b0dddc30a9f7367f,2022-02,Gloucestershire Constabulary,Gloucestershire Constabulary,-2.110209,51.912850,On or near Howell Road,E01022160,Cheltenham 003B,Violence and sexual offences,Action to be taken by another organisation,
f3f7a9af1ccb71d51274bcc773c39fbfdc19b02f4cf5cf2e39e0f1551517258f,2022-02,Gloucestershire Constabulary,Gloucestershire Constabulary,-2.110209,51.912850,On or near Howell Road,E01022160,Cheltenham 003B,Violence and sexual offences,Action to be taken by another organisation,
7ded99132d4f436207646b8d1cae6e71f231d922c075d4eac750ea8479831177,2022-02,Gloucestershire Constabulary,Gloucestershire Constabulary,-2.117189,51.913509,On or near Peter Pennell Close,E01022160,Cheltenham 003B,Violence and sexual offences,Investigation complete; no suspect identified,
ff451b3751b7556b1d2bc9a228829b93424e4446c4e7b5d3fc71e5d9389960b9,2022-02,Gloucestershire Constabulary,Gloucestershire Constabulary,-2.110209,51.912850,On or near Howell Road,E01022160,Cheltenham 003B,Violence and sexual offences,Action to be taken by another organisation,
de915a997089c798a74ef3fcc623902ee5bf6dc3d9cb5b05cde7fc588b7a365e,2022-02,Gloucestershire Constabulary,Gloucestershire Constabulary,-2.113142,51.911490,On or near Welch Road,E01022160,Cheltenham 003B,Violence and sexual offences,Unable to prosecute suspect,
56a9e86da5a93893992df4c65a6583e31b7fd8b0f91709245bbb833874115907,2022-02,Gloucestershire Constabulary,Gloucestershire Constabulary,-2.110209,51.912850,On or near Howell Road,E01022160,Cheltenham 003B,Violence and sexual offences,Action to be taken by another organisation,
24caeffd92186f5d59798efcc47c97672d3df5c9c76b12925be537552d9cda70,2022-02,Gloucestershire Constabulary,Gloucestershire Constabulary,-2.112659,51.910295,On or near Pennington Court,E01022160,Cheltenham 003B,Violence and sexual offences,Unable to prosecute suspect,
be9d208164853ba14987481564aac83795261af111e1ef12f144035f3e35f20b,2022-02,Gloucestershire Constabulary,Gloucestershire Constabulary,-2.112609,51.913594,On or near Persimmon Gardens,E01022160,Cheltenham 003B,Violence and sexual offences,Investigation complete; no suspect identified,
cd75a67736ceb16c4e1570bdb6636ffabb216f3e1cf8ef5a809a2f495c039b9e,2022-02,Gloucestershire Constabulary,Gloucestershire Constabulary,-2.110209,51.912850,On or near Howell Road,E01022160,Cheltenham 003B,Violence and sexual offences,Action to be taken by another organisation,
3e9a49277fd4f9460894ed7625dad4196bc159c7ada7f801065d214b16e0ed09,2022-02,Gloucestershire Constabulary,Gloucestershire Constabulary,-2.117551,51.913086,On or near Blake Croft,E01022160,Cheltenham 003B,Violence and sexual offences,Unable to prosecute suspect,
822ce927935b39fc7ed1250725b627a81124b805695562c06eeb57a1c95b823d,2022-02,Gloucestershire Constabulary,Gloucestershire Constabulary,-2.112609,51.913594,On or near Persimmon Gardens,E01022160,Cheltenham 003B,Violence and sexual offences,Investigation complete; no suspect identified,
,2022-02,Gloucestershire Constabulary,Gloucestershire Constabulary,-2.121430,51.912219,On or near Sports/Recreation Area,E01022161,Cheltenham 003C,Anti-social behaviour,,
b20df26b816220bfddb84aa4bb33de34fcb52ca9062a912b84f54e3e110beb10,2022-02,Gloucestershire Constabulary,Gloucestershire Constabulary,-2.122262,51.913252,On or near Hazledean Road,E01022161,Cheltenham 003C,Criminal damage and arson,Investigation complete; no suspect identified,
bf894c245b9482e1bf5cbcbb79a0bba0dad9a1df3428b5452cfa1ad489668427,2022-02,Gloucestershire Constabulary,Gloucestershire Constabulary,-2.121042,51.913829,On or near Harry Yates Way,E01022161,Cheltenham 003C,Vehicle crime,Investigation complete; no suspect identified,
96ee0f45eeb82bf2f3bb4b9ac69357c6ae3d27f4153ae1ca352a04fdd47d130a,2022-02,Gloucestershire Constabulary,Gloucestershire Constabulary,-2.122262,51.913252,On or near Hazledean Road,E01022161,Cheltenham 003C,Vehicle crime,Investigation complete; no suspect identified,
368486a23e884713cd44f264a8feb7cc0c6cd2912020ea484e776d92c6543b45,2022-02,Gloucestershire Constabulary,Gloucestershire Constabulary,-2.120357,51.913074,On or near Honeybourne Drive,E01022161,Cheltenham 003C,Vehicle crime,Investigation complete; no suspect identified,
6f91621ca4bb12dc10afa3c8c5acf39856b79b745d739a0680b0f1eb5df1c12f,2022-02,Gloucestershire Constabulary,Gloucestershire Constabulary,-2.121098,51.913118,On or near Maythorn Drive,E01022161,Cheltenham 003C,Vehicle crime,Investigation complete; no suspect identified,
d4f47353a732f52c2015df081519d7a3a16e8f82076dde9f8a71a5c2c3b4964d,2022-02,Gloucestershire Constabulary,Gloucestershire Constabulary,-2.120112,51.913812,On or near Whitemarsh Close,E01022161,Cheltenham 003C,Violence and sexual offences,Unable to prosecute suspect,
85350bd0def8079611e74ffa70d0402c75988ab0179ea0a72ce44c1d59b23b9c,2022-02,Gloucestershire Constabulary,Gloucestershire Constabulary,-2.118738,51.911134,On or near Beaumont Drive,E01022161,Cheltenham 003C,Violence and sexual offences,Unable to prosecute suspect,
0b2fb5d80cd8efae1640942c77f645f3bd2534f3254c5d86769640cba9fcf8fb,2022-02,Gloucestershire Constabulary,Gloucestershire Constabulary,-2.121098,51.913118,On or near Maythorn Drive,E01022161,Cheltenham 003C,Other crime,Formal action is not in the public interest,
,2022-02,Gloucestershire Constabulary,Gloucestershire Constabulary,-2.121743,51.909494,On or near Helens Close,E01022162,Cheltenham 003D,Anti-social behaviour,,
,2022-02,Gloucestershire Constabulary,Gloucestershire Constabulary,-2.127319,51.907385,On or near Ettington Close,E01022162,Cheltenham 003D,Anti-social behaviour,,
4db3eec8c439b2e81b4264c85eb3667162fe059b4a9c14d39e5e4e5cb1f9f685,2022-02,Gloucestershire Constabulary,Gloucestershire Constabulary,-2.123150,51.908396,On or near Dulverton Close,E01022162,Cheltenham 003D,Vehicle crime,Investigation complete; no suspect identified,
a20a7a68569eb70b48f6e9542b6a9b3bd9ab44257c835de771f416c6e91d4b34,2022-02,Gloucestershire Constabulary,Gloucestershire Constabulary,-2.123518,51.910176,On or near Solway Road,E01022162,Cheltenham 003D,Violence and sexual offences,Unable to prosecute suspect,
3977952616cc5604742aef84743d0457f6cfb103e43df0b9da561b02e5a21613,2022-02,Gloucestershire Constabulary,Gloucestershire Constabulary,-2.123518,51.910176,On or near Solway Road,E01022162,Cheltenham 003D,Violence and sexual offences,Unable to prosecute suspect,
,2022-02,Gloucestershire Constabulary,Gloucestershire Constabulary,-2.080609,51.912389,On or near Sports/Recreation Area,E01022139,Cheltenham 004A,Anti-social behaviour,,
,2022-02,Gloucestershire Constabulary,Gloucestershire Constabulary,-2.063686,51.911851,On or near Sports/Recreation Area,E01022139,Cheltenham 004A,Anti-social behaviour,,
8841d1c6f2475d481d909346c2a8c3e873907ae13af981d751d05518bcfe609e,2022-02,Gloucestershire Constabulary,Gloucestershire Constabulary,-2.070928,51.913025,On or near Huntsfield Close,E01022139,Cheltenham 004A,Bicycle theft,Investigation complete; no suspect identified,
15004ec306420e3cfdf61ec0d947a228a1d5f00fce65112eefd1777384039bc7,2022-02,Gloucestershire Constabulary,Gloucestershire Constabulary,-2.061389,51.911412,On or near Cakebridge Road,E01022139,Cheltenham 004A,Burglary,Investigation complete; no suspect identified,
abfdcf54a28f4bc92f8a1ace704f9ecd1e29099340ab3f0378f1185b93df6dc5,2022-02,Gloucestershire Constabulary,Gloucestershire Constabulary,-2.079936,51.910043,On or near Folly Lane,E01022139,Cheltenham 004A,Other theft,Investigation complete; no suspect identified,
d7292ca6df4fdac4b1f8c130941d8e1cb825c2d5aca5e0d26d9d1a6f6db843d9,2022-02,Gloucestershire Constabulary,Gloucestershire Constabulary,-2.080609,51.912389,On or near Sports/Recreation Area,E01022139,Cheltenham 004A,Public order,Investigation complete; no suspect identified,
541f8c5f31e07c8654a07795a413dee6a567ac9f0910ffa964244634022f63e9,2022-02,Gloucestershire Constabulary,Gloucestershire Constabulary,-2.063686,51.911851,On or near Sports/Recreation Area,E01022139,Cheltenham 004A,Public order,Investigation complete; no suspect identified,
4bd64fe228f79137f2193a4b0488ed3d7e37bddc9819f6560b43ad88d6adc892,2022-02,Gloucestershire Constabulary,Gloucestershire Constabulary,-2.079165,51.909935,On or near Parking Area,E01022139,Cheltenham 004A,Public order,Unable to prosecute suspect,
a2c182a8595f88190e3cabec17e6d72cd798e909a3ab4074527f55c89cfbf01e,2022-02,Gloucestershire Constabulary,Gloucestershire Constabulary,-2.063686,51.911851,On or near Sports/Recreation Area,E01022139,Cheltenham 004A,Violence and sexual offences,Court result unavailable,
4bee7d1cfd25529a0fd9c170950f63be8457af9f90a2a0235a8230684727d320,2022-02,Gloucestershire Constabulary,Gloucestershire Constabulary,-2.063686,51.911851,On or near Sports/Recreation Area,E01022139,Cheltenham 004A,Violence and sexual offences,Investigation complete; no suspect identified,
1c7ea36a6a217cfc4ddd93510ead4ca7f3226a7b64541786f10745d38e13daa7,2022-02,Gloucestershire Constabulary,Gloucestershire Constabulary,-2.063686,51.911851,On or near Sports/Recreation Area,E01022139,Cheltenham 004A,Violence and sexual offences,Unable to prosecute suspect,
,2022-02,Gloucestershire Constabulary,Gloucestershire Constabulary,-2.083629,51.910346,On or near Marsh Drive,E01022151,Cheltenham 004B,Anti-social behaviour,,
,2022-02,Gloucestershire Constabulary,Gloucestershire Constabulary,-2.087103,51.910505,On or near Elmfield Road,E01022151,Cheltenham 004B,Anti-social behaviour,,
,2022-02,Gloucestershire Constabulary,Gloucestershire Constabulary,-2.087103,51.910505,On or near Elmfield Road,E01022151,Cheltenham 004B,Anti-social behaviour,,
,2022-02,Gloucestershire Constabulary,Gloucestershire Constabulary,-2.085629,51.907288,On or near Cleeveland Street,E01022151,Cheltenham 004B,Anti-social behaviour,,
86d5259bfa409c435def4722e53edb24c0c3ead68d325b5154132d4625807725,2022-02,Gloucestershire Constabulary,Gloucestershire Constabulary,-2.082867,51.907308,On or near Carlton Place,E01022151,Cheltenham 004B,Burglary,Suspect charged as part of another case,
da2ac7167a6ee236d21dd69c580e087e257c850822edd97868e5f6fed5bd393e,2022-02,Gloucestershire Constabulary,Gloucestershire Constabulary,-2.086695,51.909768,On or near Bullingham Court,E01022151,Cheltenham 004B,Criminal damage and arson,Unable to prosecute suspect,
48401e2a4219af93d8c7499508960d5f765161ab53a92c967ee22cdd3bdb37f6,2022-02,Gloucestershire Constabulary,Gloucestershire Constabulary,-2.085293,51.906587,On or near Charles Street,E01022151,Cheltenham 004B,Criminal damage and arson,Investigation complete; no suspect identified,
cdc0a9af647600edbeaeca8896b0860baec985830dc8955d9412f6f173aa46f5,2022-02,Gloucestershire Constabulary,Gloucestershire Constabulary,-2.084408,51.907306,On or near Baker Street,E01022151,Cheltenham 004B,Criminal damage and arson,Investigation complete; no suspect identified,
1124d9fd9200e057bf5509a169fd431a1f24d91dd1b697d2b4ce66ea874c2883,2022-02,Gloucestershire Constabulary,Gloucestershire Constabulary,-2.085251,51.907144,On or near Russell Street,E01022151,Cheltenham 004B,Drugs,Unable to prosecute suspect,
d3793e42846aa0d30db9b65b5201dacf3bd930f0807d56f145350620f3a98338,2022-02,Gloucestershire Constabulary,Gloucestershire Constabulary,-2.085293,51.906587,On or near Charles Street,E01022151,Cheltenham 004B,Other theft,Investigation complete; no suspect identified,
0c7ecc98a0872a756f77614e8e0c95f275935c471ca5f92122ce47fc94217b76,2022-02,Gloucestershire Constabulary,Gloucestershire Constabulary,-2.084645,51.909518,On or near Marsh Close,E01022151,Cheltenham 004B,Other theft,Unable to prosecute suspect,
aa5897ef3bfcec55a9b78ba2ed3fef817442f8bf402d64cdbc5f38a2fd998cc4,2022-02,Gloucestershire Constabulary,Gloucestershire Constabulary,-2.084407,51.906488,On or near Townsend Street,E01022151,Cheltenham 004B,Public order,Unable to prosecute suspect,
15760bd8045f4a9a73155aeb2e4b57fa5899977284e5a2e95a251f50808281c1,2022-02,Gloucestershire Constabulary,Gloucestershire Constabulary,-2.086140,51.908600,On or near Swindon Close,E01022151,Cheltenham 004B,Public order,Investigation complete; no suspect identified,
3d9bdc2e4904f1d3f0ecca6e93adb974273f277f44d260adc4bd6b38496e81c7,2022-02,Gloucestershire Constabulary,Gloucestershire Constabulary,-2.086140,51.908600,On or near Swindon Close,E01022151,Cheltenham 004B,Public order,Investigation complete; no suspect identified,
fa827e2b642d2c02c6d010bd3cbf79bc739573076568ee5a7239002c52390932,2022-02,Gloucestershire Constabulary,Gloucestershire Constabulary,-2.087103,51.910505,On or near Elmfield Road,E01022151,Cheltenham 004B,Violence and sexual offences,Unable to prosecute suspect,
7d2bb2ac19c7484b78bc90d10e54fe593230aacf4fd54899160815c1d1d7368a,2022-02,Gloucestershire Constabulary,Gloucestershire Constabulary,-2.084407,51.906488,On or near Townsend Street,E01022151,Cheltenham 004B,Violence and sexual offences,Unable to prosecute suspect,
653261a23d8a9f53f0a649ae9df469606857b747fb1f0e8587c7c8b306d346a3,2022-02,Gloucestershire Constabulary,Gloucestershire Constabulary,-2.085117,51.905751,On or near Gloucester Road,E01022151,Cheltenham 004B,Violence and sexual offences,Investigation complete; no suspect identified,
228f610187240d80f04fa614ae2776f0190adbe8e2fc0a003e6c6b0678d67cde,2022-02,Gloucestershire Constabulary,Gloucestershire Constabulary,-2.085401,51.909841,On or near Midwinter Avenue,E01022151,Cheltenham 004B,Violence and sexual offences,Unable to prosecute suspect,
113dca5dc5be74513f49cdcc06e7059b16c5a48e7db3092875556d76473d53c7,2022-02,Gloucestershire Constabulary,Gloucestershire Constabulary,-2.085629,51.907288,On or near Cleeveland Street,E01022151,Cheltenham 004B,Violence and sexual offences,Investigation complete; no suspect identified,
0a80c3f76f102eb5bfadbbd3d53db81e3c592db57e58c03b4ef820e0c6a860f0,2022-02,Gloucestershire Constabulary,Gloucestershire Constabulary,-2.086042,51.910398,On or near Elmfield Avenue,E01022151,Cheltenham 004B,Violence and sexual offences,Unable to prosecute suspect,
11d21915f1de3e2e70c95021e1dd113e07ad8ceaddd04eee140bc3cebc756113,2022-02,Gloucestershire Constabulary,Gloucestershire Constabulary,-2.083629,51.910346,On or near Marsh Drive,E01022151,Cheltenham 004B,Violence and sexual offences,Investigation complete; no suspect identified,
79d569d98a395c0a7c57bd164f7dd1b1bc4ff9d3888f892f4766a9eca7256125,2022-02,Gloucestershire Constabulary,Gloucestershire Constabulary,-2.083348,51.907712,On or near Vine Court,E01022151,Cheltenham 004B,Violence and sexual offences,Unable to prosecute suspect,
81552ed871e4609f19ce5a3ff1a86d075f8a07b8c14969a53c4afab1025f1b0a,2022-02,Gloucestershire Constabulary,Gloucestershire Constabulary,-2.078365,51.909298,On or near Hudson Street,E01022152,Cheltenham 004C,Criminal damage and arson,Investigation complete; no suspect identified,
b6631c3c1870277d432ea5c02f8c2e8e0397e561124067d75c6b3bb77269d432,2022-02,Gloucestershire Constabulary,Gloucestershire Constabulary,-2.082150,51.904836,On or near Parking Area,E01022152,Cheltenham 004C,Other theft,Investigation complete; no suspect identified,
399f2e8ddd0213b174f596ca9f18464a6ccc69e82f1a296d980fbbc25caf4d23,2022-02,Gloucestershire Constabulary,Gloucestershire Constabulary,-2.083460,51.905428,On or near Manchester Way,E01022152,Cheltenham 004C,Violence and sexual offences,Unable to prosecute suspect,
f6a165f35084b2fe0cef37131827e180cfa4018028709a8d0bcad5b5dfb32d4b,2022-02,Gloucestershire Constabulary,Gloucestershire Constabulary,-2.081374,51.909251,On or near Crab Tree Place,E01022152,Cheltenham 004C,Violence and sexual offences,Unable to prosecute suspect,
23f0eb1115d16ae51f3efd7f2ed4fe116b2438ef25f6605a528e319c5dc7121c,2022-02,Gloucestershire Constabulary,Gloucestershire Constabulary,-2.078567,51.908740,On or near Manser Street,E01022152,Cheltenham 004C,Violence and sexual offences,Unable to prosecute suspect,
aa53c6adbafcb545dff0f32003afb7d94a1161b8b0279c2f8232b3d001f71281,2022-02,Gloucestershire Constabulary,Gloucestershire Constabulary,-2.081374,51.909251,On or near Crab Tree Place,E01022152,Cheltenham 004C,Violence and sexual offences,Unable to prosecute suspect,
fa25478dde5fd866d6ce77370801135d56d3efb8c72f39b4b3010f1c5263b925,2022-02,Gloucestershire Constabulary,Gloucestershire Constabulary,-2.078567,51.908740,On or near Manser Street,E01022152,Cheltenham 004C,Violence and sexual offences,Unable to prosecute suspect,
330eedfa440aeb900321810dff1c8d671b31d9b82fae4f0bf7d6ea73b3afcef9,2022-02,Gloucestershire Constabulary,Gloucestershire Constabulary,-2.083460,51.905428,On or near Manchester Way,E01022152,Cheltenham 004C,Violence and sexual offences,Unable to prosecute suspect,
,2022-02,Gloucestershire Constabulary,Gloucestershire Constabulary,-2.076944,51.903410,On or near Henrietta Street,E01022153,Cheltenham 004D,Anti-social behaviour,,
,2022-02,Gloucestershire Constabulary,Gloucestershire Constabulary,-2.076754,51.902304,On or near High Street,E01022153,Cheltenham 004D,Anti-social behaviour,,
,2022-02,Gloucestershire Constabulary,Gloucestershire Constabulary,-2.075538,51.905361,On or near Burkes Court,E01022153,Cheltenham 004D,Anti-social behaviour,,
,2022-02,Gloucestershire Constabulary,Gloucestershire Constabulary,-2.076754,51.902304,On or near High Street,E01022153,Cheltenham 004D,Anti-social behaviour,,
,2022-02,Gloucestershire Constabulary,Gloucestershire Constabulary,-2.076754,51.902304,On or near High Street,E01022153,Cheltenham 004D,Anti-social behaviour,,
,2022-02,Gloucestershire Constabulary,Gloucestershire Constabulary,-2.079022,51.903067,On or near High Street,E01022153,Cheltenham 004D,Anti-social behaviour,,
,2022-02,Gloucestershire Constabulary,Gloucestershire Constabulary,-2.080289,51.904414,On or near King Street,E01022153,Cheltenham 004D,Anti-social behaviour,,
,2022-02,Gloucestershire Constabulary,Gloucestershire Constabulary,-2.076754,51.902304,On or near High Street,E01022153,Cheltenham 004D,Anti-social behaviour,,
,2022-02,Gloucestershire Constabulary,Gloucestershire Constabulary,-2.076754,51.902304,On or near High Street,E01022153,Cheltenham 004D,Anti-social behaviour,,
,2022-02,Gloucestershire Constabulary,Gloucestershire Constabulary,-2.075474,51.901882,On or near Bus/Coach Station,E01022153,Cheltenham 004D,Anti-social behaviour,,
,2022-02,Gloucestershire Constabulary,Gloucestershire Constabulary,-2.079022,51.903067,On or near High Street,E01022153,Cheltenham 004D,Anti-social behaviour,,
,2022-02,Gloucestershire Constabulary,Gloucestershire Constabulary,-2.079022,51.903067,On or near High Street,E01022153,Cheltenham 004D,Anti-social behaviour,,
,2022-02,Gloucestershire Constabulary,Gloucestershire Constabulary,-2.076944,51.903410,On or near Henrietta Street,E01022153,Cheltenham 004D,Anti-social behaviour,,
76ae3374a3541c583e0780b8a3779e9e6605c656217fe3bb74c85d7143145dee,2022-02,Gloucestershire Constabulary,Gloucestershire Constabulary,-2.076754,51.902304,On or near High Street,E01022153,Cheltenham 004D,Bicycle theft,Unable to prosecute suspect,
9a4b3d09bec56a59e681cc7d454cf39feb0865f4425f868d97c188502f7ca0e1,2022-02,Gloucestershire Constabulary,Gloucestershire Constabulary,-2.076755,51.902915,On or near Shopping Area,E01022153,Cheltenham 004D,Burglary,Unable to prosecute suspect,
0301f3d29aeb634153b0dcd3925f814a34dd7e9dcbddd8ce04c98f06e838068d,2022-02,Gloucestershire Constabulary,Gloucestershire Constabulary,-2.076944,51.903410,On or near Henrietta Street,E01022153,Cheltenham 004D,Criminal damage and arson,Investigation complete; no suspect identified,
0b7a7d0181bcc13b2f3b88e4f831395f61e912a66c388fcb86550771fbff7c66,2022-02,Gloucestershire Constabulary,Gloucestershire Constabulary,-2.075828,51.904840,On or near Dunalley Street,E01022153,Cheltenham 004D,Criminal damage and arson,Investigation complete; no suspect identified,
c79d958e3b4d63ae47d4a200e8b0888373254b0a087b198315e5f7892a69009e,2022-02,Gloucestershire Constabulary,Gloucestershire Constabulary,-2.080289,51.904414,On or near King Street,E01022153,Cheltenham 004D,Criminal damage and arson,Unable to prosecute suspect,
48c424eccaa6a1ab125b2e3c9c66d435eb216ffcf4337f78ba37cb469ef9df52,2022-02,Gloucestershire Constabulary,Gloucestershire Constabulary,-2.080289,51.904414,On or near King Street,E01022153,Cheltenham 004D,Drugs,Unable to prosecute suspect,
78d1443cf14275ccba228837c9ec4077c3213edac41376d4ef434c4a4cd714d0,2022-02,Gloucestershire Constabulary,Gloucestershire Constabulary,-2.075474,51.901882,On or near Bus/Coach Station,E01022153,Cheltenham 004D,Drugs,Offender given a caution,
31ca497d4b8b57c7d84c26091e185df623c646d50a9b35d76d27e078bfddd176,2022-02,Gloucestershire Constabulary,Gloucestershire Constabulary,-2.076754,51.902304,On or near High Street,E01022153,Cheltenham 004D,Drugs,Formal action is not in the public interest,
2b59909b1ee8024dadb8923c1125d604777b085cec877ede1cae88bafcac8375,2022-02,Gloucestershire Constabulary,Gloucestershire Constabulary,-2.076947,51.904713,On or near Shopping Area,E01022153,Cheltenham 004D,Other theft,Investigation complete; no suspect identified,
ffd849f43d8d292c9dd25c733b603b4179a43edc2df6d6fd807f0903d4eb6330,2022-02,Gloucestershire Constabulary,Gloucestershire Constabulary,-2.078996,51.904793,On or near Swindon Road,E01022153,Cheltenham 004D,Other theft,Unable to prosecute suspect,
a32587b2d135aca0a2836ac12c0bdbae8bdb6a079de81131dba0464a5ff877ce,2022-02,Gloucestershire Constabulary,Gloucestershire Constabulary,-2.076944,51.903410,On or near Henrietta Street,E01022153,Cheltenham 004D,Other theft,Local resolution,
e1363e47159193feb0f432f0d152f8ec47fa46fe8311f6e5734a7a2742057600,2022-02,Gloucestershire Constabulary,Gloucestershire Constabulary,-2.074907,51.901613,On or near Shopping Area,E01022153,Cheltenham 004D,Other theft,Investigation complete; no suspect identified,
f6474eaca3fd4913464fe7f0acb539c5b78cfcdf630d6c301bfa5e80956f69bd,2022-02,Gloucestershire Constabulary,Gloucestershire Constabulary,-2.073633,51.904877,On or near Clarence Square,E01022153,Cheltenham 004D,Other theft,Investigation complete; no suspect identified,
0b854f7037f153cc3e2e4b45d2c8adee9343e767f0ec656e9a6ef3c9f40e75a1,2022-02,Gloucestershire Constabulary,Gloucestershire Constabulary,-2.076944,51.903410,On or near Henrietta Street,E01022153,Cheltenham 004D,Other theft,Investigation complete; no suspect identified,
5848a7c85afea58b34edebf031d54088383f9788bbe9f3de30e7433736db9f3c,2022-02,Gloucestershire Constabulary,Gloucestershire Constabulary,-2.074552,51.906648,On or near Marle Hill Parade,E01022153,Cheltenham 004D,Public order,Investigation complete; no suspect identified,
f9c481e3231a2e00b7a25a69dfb2cbc98921bb62277a4e411dd3ceb76e49d624,2022-02,Gloucestershire Constabulary,Gloucestershire Constabulary,-2.080289,51.904414,On or near King Street,E01022153,Cheltenham 004D,Public order,Unable to prosecute suspect,
07f731d91b08c041301a0e0065961ba0fb71e306646e1893697017fcf5e26f9c,2022-02,Gloucestershire Constabulary,Gloucestershire Constabulary,-2.075828,51.904840,On or near Dunalley Street,E01022153,Cheltenham 004D,Public order,Investigation complete; no suspect identified,
cc59ac243b001dd7c0e88885547d2a4ffe420a3581247b95101bc9a559402d63,2022-02,Gloucestershire Constabulary,Gloucestershire Constabulary,-2.074907,51.901613,On or near Shopping Area,E01022153,Cheltenham 004D,Public order,Investigation complete; no suspect identified,
cea53dc15bcca40228c1c7e3d98bfeb9e7c910d1a65f7b346a11048f04f28b30,2022-02,Gloucestershire Constabulary,Gloucestershire Constabulary,-2.076754,51.902304,On or near High Street,E01022153,Cheltenham 004D,Public order,Unable to prosecute suspect,
9d1136fcf1ce32a9b9c088eb6fb8d5fe0b98e19b8e49cc4c0022a8285652adc4,2022-02,Gloucestershire Constabulary,Gloucestershire Constabulary,-2.075828,51.904840,On or near Dunalley Street,E01022153,Cheltenham 004D,Public order,Investigation complete; no suspect identified,
7fd7b631709b23292e1ae7ac2842db501c5e8e29346ee4d9f8f994545b879f86,2022-02,Gloucestershire Constabulary,Gloucestershire Constabulary,-2.075474,51.901882,On or near Bus/Coach Station,E01022153,Cheltenham 004D,Public order,Unable to prosecute suspect,
b9b0656a9b9bd91f9f986ef1bd97f62338a8d1258c4403418d84f97bb394129e,2022-02,Gloucestershire Constabulary,Gloucestershire Constabulary,-2.076754,51.902304,On or near High Street,E01022153,Cheltenham 004D,Public order,Unable to prosecute suspect,
f65629d0cd15e3bc61c37e7cab8aa1319daae4f08e7c1b5c4b0d4c308139794c,2022-02,Gloucestershire Constabulary,Gloucestershire Constabulary,-2.076754,51.902304,On or near High Street,E01022153,Cheltenham 004D,Public order,Investigation complete; no suspect identified,
6f1572fad9208819dc635a770dfb2b581d4a061a11ab675f7913123e71113b16,2022-02,Gloucestershire Constabulary,Gloucestershire Constabulary,-2.076754,51.902304,On or near High Street,E01022153,Cheltenham 004D,Public order,Investigation complete; no suspect identified,
680533c11057e13194c65a9bb4c1a69bf0eb9c940109320b3608748a2e68bcfe,2022-02,Gloucestershire Constabulary,Gloucestershire Constabulary,-2.076754,51.902304,On or near High Street,E01022153,Cheltenham 004D,Public order,Unable to prosecute suspect,
2b96e78155b4b2a0624530bc299b4b250bffe4c5b7b84154f3cc097f0e08fb2b,2022-02,Gloucestershire Constabulary,Gloucestershire Constabulary,-2.079022,51.903067,On or near High Street,E01022153,Cheltenham 004D,Public order,Court result unavailable,
e7e6000f4d8128592854de1610f7ead1680645fee7fce755fb06a0ba292e45f7,2022-02,Gloucestershire Constabulary,Gloucestershire Constabulary,-2.076754,51.902304,On or near High Street,E01022153,Cheltenham 004D,Public order,Court result unavailable,
6c7d3b7f4d4a89df20975ba9f91106e812f0c2537180a27a9b110f5cfb36679b,2022-02,Gloucestershire Constabulary,Gloucestershire Constabulary,-2.074907,51.901613,On or near Shopping Area,E01022153,Cheltenham 004D,Shoplifting,Investigation complete; no suspect identified,
f6df6a16c866835e4dbb845d7bdbbaf93b1aeda4c4fa496b424bb375829bfafb,2022-02,Gloucestershire Constabulary,Gloucestershire Constabulary,-2.074907,51.901613,On or near Shopping Area,E01022153,Cheltenham 004D,Shoplifting,Court result unavailable,
17f0258245b29e37609cc2923efcecee6be22cb7235e471ef0e702af7cbe5556,2022-02,Gloucestershire Constabulary,Gloucestershire Constabulary,-2.076754,51.902304,On or near High Street,E01022153,Cheltenham 004D,Shoplifting,Court result unavailable,
dad0f2493013a5b371560803c4ebc116910317473caa33904243a6fb6dca3052,2022-02,Gloucestershire Constabulary,Gloucestershire Constabulary,-2.074907,51.901613,On or near Shopping Area,E01022153,Cheltenham 004D,Shoplifting,Investigation complete; no suspect identified,
49dcaa6bf2555a67cc3b51e02e81200af7d0a8df1d3bc510a34f6150264bffde,2022-02,Gloucestershire Constabulary,Gloucestershire Constabulary,-2.075853,51.902637,On or near Parking Area,E01022153,Cheltenham 004D,Shoplifting,Court result unavailable,
c9fc702291ba19498f4ae477d936bace16237e6a13f8d4bf413c876e8ebd84fc,2022-02,Gloucestershire Constabulary,Gloucestershire Constabulary,-2.074675,51.902503,On or near Rose And Crown Passage,E01022153,Cheltenham 004D,Shoplifting,Local resolution,
dc0e307429a3f8b5f6caf8ed7b5231ea202ebc63ecf1e6c936de627bc0eac435,2022-02,Gloucestershire Constabulary,Gloucestershire Constabulary,-2.075538,51.905361,On or near Burkes Court,E01022153,Cheltenham 004D,Vehicle crime,Investigation complete; no suspect identified,
6d3c8d67755cec8aa859773326d3de8c112cef4ec92d0dbdb888884846717b3a,2022-02,Gloucestershire Constabulary,Gloucestershire Constabulary,-2.074552,51.906648,On or near Marle Hill Parade,E01022153,Cheltenham 004D,Violence and sexual offences,Unable to prosecute suspect,
cc1f0b7e900059c0096d4ba71005f7d94396ea76e30c9ab07dba8cef00213acf,2022-02,Gloucestershire Constabulary,Gloucestershire Constabulary,-2.074552,51.906648,On or near Marle Hill Parade,E01022153,Cheltenham 004D,Violence and sexual offences,Unable to prosecute suspect,
cac796b28e61223d8a01040ca50c580f08406e9ed5b89dc865c332ab3f163908,2022-02,Gloucestershire Constabulary,Gloucestershire Constabulary,-2.078996,51.904793,On or near Swindon Road,E01022153,Cheltenham 004D,Violence and sexual offences,Unable to prosecute suspect,
b7e96c29202618bf4e5aacdfaf75ab848244364908d18d1bcd0579f70afbbe3c,2022-02,Gloucestershire Constabulary,Gloucestershire Constabulary,-2.078137,51.903723,On or near St George'S Street,E01022153,Cheltenham 004D,Violence and sexual offences,Court result unavailable,
c2f49864a213cc1ab89ab8c752babe5bb0fc70688c9d292b23cd2f70e8188b58,2022-02,Gloucestershire Constabulary,Gloucestershire Constabulary,-2.075474,51.901882,On or near Bus/Coach Station,E01022153,Cheltenham 004D,Violence and sexual offences,Investigation complete; no suspect identified,
87bf1b456bab1ea20d201cd6241959962ef845541c3d26cdfb0a381bfa94b7d9,2022-02,Gloucestershire Constabulary,Gloucestershire Constabulary,-2.078167,51.904263,On or near New Rutland Court,E01022153,Cheltenham 004D,Violence and sexual offences,Unable to prosecute suspect,
fa57ad1b3062dc81779f7d70b554c231b51149b88bedccaa848a8ed384c6f673,2022-02,Gloucestershire Constabulary,Gloucestershire Constabulary,-2.075474,51.901882,On or near Bus/Coach Station,E01022153,Cheltenham 004D,Violence and sexual offences,Unable to prosecute suspect,
f7d08232b9831e5f759156e7a6bf639c7fbeb9cb6328c9af146271b212734ba4,2022-02,Gloucestershire Constabulary,Gloucestershire Constabulary,-2.078137,51.903723,On or near St George'S Street,E01022153,Cheltenham 004D,Violence and sexual offences,Unable to prosecute suspect,
6c0d91f3db187cf6145ce4a793e37b74d5b05d76692b0bfa3c32684c4934181b,2022-02,Gloucestershire Constabulary,Gloucestershire Constabulary,-2.075474,51.901882,On or near Bus/Coach Station,E01022153,Cheltenham 004D,Violence and sexual offences,Investigation complete; no suspect identified,
80ba594ef1d7a69ee3007852a1c968db2a7f3c82bade7c2ea4afd40414beee64,2022-02,Gloucestershire Constabulary,Gloucestershire Constabulary,-2.078137,51.903723,On or near St George'S Street,E01022153,Cheltenham 004D,Violence and sexual offences,Unable to prosecute suspect,
7073e8a718f68a95964325527fee9b524c76d679fdd091a741746249420a1d8a,2022-02,Gloucestershire Constabulary,Gloucestershire Constabulary,-2.078167,51.904263,On or near New Rutland Court,E01022153,Cheltenham 004D,Violence and sexual offences,Unable to prosecute suspect,
c4010ef09b2012064c65e411869f19ef80d0910b210f299770e5cc45989916f3,2022-02,Gloucestershire Constabulary,Gloucestershire Constabulary,-2.078996,51.904793,On or near Swindon Road,E01022153,Cheltenham 004D,Violence and sexual offences,Unable to prosecute suspect,
2df0b6d8fdd0770d29a950af7efbe1e89ed6fea8e64119d4c82fa819b91bcf3c,2022-02,Gloucestershire Constabulary,Gloucestershire Constabulary,-2.078137,51.903723,On or near St George'S Street,E01022153,Cheltenham 004D,Violence and sexual offences,Unable to prosecute suspect,
50b92e0a6df478d6bb59c5d86661a4065f593d92899e1bc5888daee027afe5a0,2022-02,Gloucestershire Constabulary,Gloucestershire Constabulary,-2.080289,51.904414,On or near King Street,E01022153,Cheltenham 004D,Violence and sexual offences,Unable to prosecute suspect,
c5020e688e38aa227c7518acbf9097968c0fb772d114fb61aa9487b3cf9bed37,2022-02,Gloucestershire Constabulary,Gloucestershire Constabulary,-2.078167,51.904263,On or near New Rutland Court,E01022153,Cheltenham 004D,Violence and sexual offences,Unable to prosecute suspect,
6126b554878ebff43ad9e1a3a1c5bdddb6271cee4f2b6b46fecaec086d3de531,2022-02,Gloucestershire Constabulary,Gloucestershire Constabulary,-2.078167,51.904263,On or near New Rutland Court,E01022153,Cheltenham 004D,Violence and sexual offences,Unable to prosecute suspect,
da27f55395813b8a06296cbe532173a7e95fc91a232e19725d9892266e58a740,2022-02,Gloucestershire Constabulary,Gloucestershire Constabulary,-2.080289,51.904414,On or near King Street,E01022153,Cheltenham 004D,Violence and sexual offences,Investigation complete; no suspect identified,
360c4b606819676b3ef180c24727023736984274d83a7761c304d8cb9c9b2f0c,2022-02,Gloucestershire Constabulary,Gloucestershire Constabulary,-2.080289,51.904414,On or near King Street,E01022153,Cheltenham 004D,Violence and sexual offences,Investigation complete; no suspect identified,
f45bbae9ee189895bad8d35a6445bc6941e47770e53af8f4a5bc7840e62f1807,2022-02,Gloucestershire Constabulary,Gloucestershire Constabulary,-2.078167,51.904263,On or near New Rutland Court,E01022153,Cheltenham 004D,Violence and sexual offences,Unable to prosecute suspect,
dc5625efe0101165bacd7d79da21fabf8253971ac0867a2a3175013262760386,2022-02,Gloucestershire Constabulary,Gloucestershire Constabulary,-2.076754,51.902304,On or near High Street,E01022153,Cheltenham 004D,Violence and sexual offences,Investigation complete; no suspect identified,
c699545acffbaf434fd1a670c0b9478f640e9738ce8693a6c61dbf225be6129f,2022-02,Gloucestershire Constabulary,Gloucestershire Constabulary,-2.075828,51.904840,On or near Dunalley Street,E01022153,Cheltenham 004D,Violence and sexual offences,Investigation complete; no suspect identified,
afd230531031175221270946c60aa1f9bc308e99223b277ca78a05c4ed32d797,2022-02,Gloucestershire Constabulary,Gloucestershire Constabulary,-2.080289,51.904414,On or near King Street,E01022153,Cheltenham 004D,Violence and sexual offences,Status update unavailable,
bce2ab625f3a4a342dc750bb8b33f8a733f751d1a6e4387003e839b6c645d9ff,2022-02,Gloucestershire Constabulary,Gloucestershire Constabulary,-2.074907,51.901613,On or near Shopping Area,E01022153,Cheltenham 004D,Violence and sexual offences,Investigation complete; no suspect identified,
0d4b2091848855e4aea17bcf5f6588c7ad61075bd2554de2f34d2d7ed9769e58,2022-02,Gloucestershire Constabulary,Gloucestershire Constabulary,-2.073955,51.906450,On or near Wellesley Road,E01022153,Cheltenham 004D,Violence and sexual offences,Action to be taken by another organisation,
c846ceb1e32871a027b7d44239008d85301d22a7b70188c7383842d4ba1f9553,2022-02,Gloucestershire Constabulary,Gloucestershire Constabulary,-2.074911,51.904481,On or near Monson Avenue,E01022153,Cheltenham 004D,Violence and sexual offences,Investigation complete; no suspect identified,
e501a0754c86f2f52480ce17232db7cfbda09f9ce85af5279851f576120d34df,2022-02,Gloucestershire Constabulary,Gloucestershire Constabulary,-2.074907,51.901613,On or near Shopping Area,E01022153,Cheltenham 004D,Violence and sexual offences,Investigation complete; no suspect identified,
,2022-02,Gloucestershire Constabulary,Gloucestershire Constabulary,-2.077010,51.907671,On or near Hanover Street,E01022154,Cheltenham 004E,Anti-social behaviour,,
,2022-02,Gloucestershire Constabulary,Gloucestershire Constabulary,-2.079350,51.907724,On or near Victoria Street,E01022154,Cheltenham 004E,Anti-social behaviour,,
,2022-02,Gloucestershire Constabulary,Gloucestershire Constabulary,-2.075715,51.907115,On or near Dunalley Parade,E01022154,Cheltenham 004E,Anti-social behaviour,,
3a856a7bcc28123a8b9ef59a6deb8ebdd980c5747884ec5c427ca520f4014207,2022-02,Gloucestershire Constabulary,Gloucestershire Constabulary,-2.074974,51.907403,On or near Courtenay Street,E01022154,Cheltenham 004E,Bicycle theft,Investigation complete; no suspect identified,
ad72ff47b040a39782f64f12f9e74c410adb991e72a254f50766a58b67de40c1,2022-02,Gloucestershire Constabulary,Gloucestershire Constabulary,-2.076833,51.906458,On or near Brunswick Street,E01022154,Cheltenham 004E,Burglary,Suspect charged as part of another case,
e04aed895d485d59a6534f7e48cfebe3e1922268fe4735198271abf59a059d9e,2022-02,Gloucestershire Constabulary,Gloucestershire Constabulary,-2.076833,51.906458,On or near Brunswick Street,E01022154,Cheltenham 004E,Burglary,Investigation complete; no suspect identified,
ec9d4ca1e6cda8ca5cec218214ee2e0c4761a1907b3083897b98e3b1403d5cee,2022-02,Gloucestershire Constabulary,Gloucestershire Constabulary,-2.077010,51.907671,On or near Hanover Street,E01022154,Cheltenham 004E,Criminal damage and arson,Investigation complete; no suspect identified,
c8ee69b5ed9ac6cbc381b7b8c2a005fe3e5c5eb9070709c5798ff248c9d83133,2022-02,Gloucestershire Constabulary,Gloucestershire Constabulary,-2.074974,51.907403,On or near Courtenay Street,E01022154,Cheltenham 004E,Other theft,Investigation complete; no suspect identified,
22851d8bcfef51da21c8a33a4af3184171589a88edeefde8a5301157a07a6c85,2022-02,Gloucestershire Constabulary,Gloucestershire Constabulary,-2.077010,51.907671,On or near Hanover Street,E01022154,Cheltenham 004E,Public order,Investigation complete; no suspect identified,
2f04a33f0c8c7dd71313fff48d972bfed617325042d5cd8e32c9664efaea79c2,2022-02,Gloucestershire Constabulary,Gloucestershire Constabulary,-2.077010,51.907671,On or near Hanover Street,E01022154,Cheltenham 004E,Vehicle crime,Investigation complete; no suspect identified,
796c298f51c1f18fcbfc9b0d78a7b71cea05a0c6bb9dfe5f731063ceddedacc5,2022-02,Gloucestershire Constabulary,Gloucestershire Constabulary,-2.076833,51.906458,On or near Brunswick Street,E01022154,Cheltenham 004E,Violence and sexual offences,Unable to prosecute suspect,
1cc08e9980d59bada28b6a5fb05114703aed372a5a78e3cdbe53d790d6acbbb1,2022-02,Gloucestershire Constabulary,Gloucestershire Constabulary,-2.079102,51.907004,On or near St Paul'S Road,E01022154,Cheltenham 004E,Violence and sexual offences,Unable to prosecute suspect,
f553be98c9775d5baa3e6613849871f75a65c55cb4c5456c50dd61e6063ef2c5,2022-02,Gloucestershire Constabulary,Gloucestershire Constabulary,-2.078028,51.907967,On or near Larput Place,E01022154,Cheltenham 004E,Violence and sexual offences,Unable to prosecute suspect,
f9c33adcdff4399b79b85758e3b0347ed5ba6c091f43a1c9d3ff13bb093701c9,2022-02,Gloucestershire Constabulary,Gloucestershire Constabulary,-2.076833,51.906458,On or near Brunswick Street,E01022154,Cheltenham 004E,Violence and sexual offences,Unable to prosecute suspect,
a804713efab8f70ffe06a88cca884dd0d5983dcff1212d80c5c0ca7c004f7acd,2022-02,Gloucestershire Constabulary,Gloucestershire Constabulary,-2.078028,51.907967,On or near Larput Place,E01022154,Cheltenham 004E,Violence and sexual offences,Unable to prosecute suspect,
4a2dc4409cfc40d7285ecccd7d32eed84801eb4537d65e51b3725f66a300bd3e,2022-02,Gloucestershire Constabulary,Gloucestershire Constabulary,-2.076833,51.906458,On or near Brunswick Street,E01022154,Cheltenham 004E,Violence and sexual offences,Unable to prosecute suspect,
a9519528b69ddb7958102e279c9d67d290a7061189c78926b93fbed266cc912d,2022-02,Gloucestershire Constabulary,Gloucestershire Constabulary,-2.079350,51.907724,On or near Victoria Street,E01022154,Cheltenham 004E,Violence and sexual offences,Unable to prosecute suspect,
3647c88667419cf3ca74d97b9b5179658173582099733f1e6cf7d2676100c761,2022-02,Gloucestershire Constabulary,Gloucestershire Constabulary,-2.077998,51.907311,On or near Hungerford Street,E01022154,Cheltenham 004E,Violence and sexual offences,Unable to prosecute suspect,
1393e623fc1171e6dbfecf05fa0b753dc1016c3f33b6d0dd8193dded1de1323e,2022-02,Gloucestershire Constabulary,Gloucestershire Constabulary,-2.076323,51.905802,On or near St Paul'S Parade,E01022154,Cheltenham 004E,Violence and sexual offences,Investigation complete; no suspect identified,
e88988f1feeb3a51d58c7bbc2c6d95996117754457212906307f6e529371d2ac,2022-02,Gloucestershire Constabulary,Gloucestershire Constabulary,-2.077010,51.907671,On or near Hanover Street,E01022154,Cheltenham 004E,Violence and sexual offences,Unable to prosecute suspect,
264bf3c5eaaa32245f9a9c7824e5f74098737ea8b14c14f124e23a6b3210e96d,2022-02,Gloucestershire Constabulary,Gloucestershire Constabulary,-2.076323,51.905802,On or near St Paul'S Parade,E01022154,Cheltenham 004E,Violence and sexual offences,Unable to prosecute suspect,
fb24b831bfc34dbe565958f8d43e0f6963ea5b34dfb048aca2aef9ff3cfd7b48,2022-02,Gloucestershire Constabulary,Gloucestershire Constabulary,-2.077010,51.907671,On or near Hanover Street,E01022154,Cheltenham 004E,Violence and sexual offences,Investigation complete; no suspect identified,
00079065ce5929208f752e6e165068607551698295d8e30b1a42474b30a754b0,2022-02,Gloucestershire Constabulary,Gloucestershire Constabulary,-2.079102,51.907004,On or near St Paul'S Road,E01022154,Cheltenham 004E,Violence and sexual offences,Unable to prosecute suspect,
,2022-02,Gloucestershire Constabulary,Gloucestershire Constabulary,-2.113118,51.907849,On or near Lechmere Road,E01022120,Cheltenham 005A,Anti-social behaviour,,
,2022-02,Gloucestershire Constabulary,Gloucestershire Constabulary,-2.116277,51.909356,On or near Brown Close,E01022120,Cheltenham 005A,Anti-social behaviour,,
,2022-02,Gloucestershire Constabulary,Gloucestershire Constabulary,-2.118179,51.908509,On or near Hester'S Way Road,E01022120,Cheltenham 005A,Anti-social behaviour,,
,2022-02,Gloucestershire Constabulary,Gloucestershire Constabulary,-2.118179,51.908500,On or near Hester'S Way Road,E01022120,Cheltenham 005A,Anti-social behaviour,,
,2022-02,Gloucestershire Constabulary,Gloucestershire Constabulary,-2.113118,51.907849,On or near Lechmere Road,E01022120,Cheltenham 005A,Anti-social behaviour,,
e61d04f84d52bd30d3b9c72350892964aa30a8f023f050bd8630fbb695a3d8e9,2022-02,Gloucestershire Constabulary,Gloucestershire Constabulary,-2.111330,51.907796,On or near Montreal Drive,E01022120,Cheltenham 005A,Criminal damage and arson,Investigation complete; no suspect identified,
a62711b88df6fc82add975424160e83b82c36bf3472008cd813ef2221cbfe8ef,2022-02,Gloucestershire Constabulary,Gloucestershire Constabulary,-2.116170,51.907315,On or near Oldbury Road,E01022120,Cheltenham 005A,Drugs,Further action is not in the public interest,
aac7583d1eb1500ee6251f5ee0444f619c025f571b973d2e3db831b66cef89e1,2022-02,Gloucestershire Constabulary,Gloucestershire Constabulary,-2.113118,51.907849,On or near Lechmere Road,E01022120,Cheltenham 005A,Public order,Investigation complete; no suspect identified,
4e67211435dc05ca6f0100ae306b9ddb2288c6e070d44d544f4804872b6f593c,2022-02,Gloucestershire Constabulary,Gloucestershire Constabulary,-2.113118,51.907849,On or near Lechmere Road,E01022120,Cheltenham 005A,Violence and sexual offences,Unable to prosecute suspect,
3366a5720c2b6cb8c72e87f8de3b3874f4b3fc48cee94715fea8aa172edbef60,2022-02,Gloucestershire Constabulary,Gloucestershire Constabulary,-2.112650,51.906761,On or near Quebec Drive,E01022120,Cheltenham 005A,Violence and sexual offences,Unable to prosecute suspect,
cc779621e3a5b403353ca3dcc7af180f184bb049752d4f464450ee172bbd9d21,2022-02,Gloucestershire Constabulary,Gloucestershire Constabulary,-2.110211,51.907834,On or near Bramley Road,E01022120,Cheltenham 005A,Violence and sexual offences,Unable to prosecute suspect,
53f9a5c4e4f21c0488ec6ff3545e42548b9002b53762fda8c9fb68d1dd133760,2022-02,Gloucestershire Constabulary,Gloucestershire Constabulary,-2.111330,51.907796,On or near Montreal Drive,E01022120,Cheltenham 005A,Violence and sexual offences,Investigation complete; no suspect identified,
77cfb36d6ab1441e6c45df803efa8ae284429b4237381340d53ecfffbcd1ccad,2022-02,Gloucestershire Constabulary,Gloucestershire Constabulary,-2.113118,51.907849,On or near Lechmere Road,E01022120,Cheltenham 005A,Violence and sexual offences,Investigation complete; no suspect identified,
0edfad3eaf8559c0ef28f47d8e699219dbe6ef600829392fe72fd419ae7421c0,2022-02,Gloucestershire Constabulary,Gloucestershire Constabulary,-2.113118,51.907849,On or near Lechmere Road,E01022120,Cheltenham 005A,Violence and sexual offences,Investigation complete; no suspect identified,
26669709090290781383341677a688e1df0a10e7afbd911f5a35274153269af5,2022-02,Gloucestershire Constabulary,Gloucestershire Constabulary,-2.116277,51.909356,On or near Brown Close,E01022120,Cheltenham 005A,Other crime,Unable to prosecute suspect,
230529eaba48dcf4546fa9d507ac2e7870b426becc83e44a822c9a0dc318ba48,2022-02,Gloucestershire Constabulary,Gloucestershire Constabulary,-2.110107,51.906917,On or near Hawthorn Road,E01022121,Cheltenham 005B,Violence and sexual offences,Unable to prosecute suspect,
,2022-02,Gloucestershire Constabulary,Gloucestershire Constabulary,-2.116564,51.902379,On or near Police Station,E01022121,Cheltenham 005B,Anti-social behaviour,,
,2022-02,Gloucestershire Constabulary,Gloucestershire Constabulary,-2.114328,51.903235,On or near Yalta Close,E01022121,Cheltenham 005B,Anti-social behaviour,,
,2022-02,Gloucestershire Constabulary,Gloucestershire Constabulary,-2.116984,51.902001,On or near Hospital,E01022121,Cheltenham 005B,Anti-social behaviour,,
,2022-02,Gloucestershire Constabulary,Gloucestershire Constabulary,-2.116564,51.902379,On or near Police Station,E01022121,Cheltenham 005B,Anti-social behaviour,,
,2022-02,Gloucestershire Constabulary,Gloucestershire Constabulary,-2.116564,51.902379,On or near Police Station,E01022121,Cheltenham 005B,Anti-social behaviour,,
,2022-02,Gloucestershire Constabulary,Gloucestershire Constabulary,-2.111700,51.904497,On or near Newton Road,E01022121,Cheltenham 005B,Anti-social behaviour,,
348338688a8d7e326d7c72099d60aa0bee7827e1496c5aeb7fbc04a01dcfff81,2022-02,Gloucestershire Constabulary,Gloucestershire Constabulary,-2.113150,51.903263,On or near Laxton Road,E01022121,Cheltenham 005B,Criminal damage and arson,Investigation complete; no suspect identified,
93f88b34928b1931d181cc29fba79a849880ca27d0203749607ceed7088fa7de,2022-02,Gloucestershire Constabulary,Gloucestershire Constabulary,-2.113183,51.904648,On or near Ellison Road,E01022121,Cheltenham 005B,Criminal damage and arson,Investigation complete; no suspect identified,
e09f2d693502668c9184332c5155aec98644310c5637cd05892492fabef0d19c,2022-02,Gloucestershire Constabulary,Gloucestershire Constabulary,-2.116564,51.902379,On or near Police Station,E01022121,Cheltenham 005B,Other theft,Investigation complete; no suspect identified,
000c1486559149966d77cff758d9835df088d8a175e5df571930dc567d11d6c5,2022-02,Gloucestershire Constabulary,Gloucestershire Constabulary,-2.109014,51.905839,On or near Orchard Avenue,E01022121,Cheltenham 005B,Other theft,Unable to prosecute suspect,
318b36689d3b676f0498d8d29cfcc8393ab8c83bc24a3025f1967c4f6530a965,2022-02,Gloucestershire Constabulary,Gloucestershire Constabulary,-2.113935,51.903128,On or near Sochi Mews,E01022121,Cheltenham 005B,Public order,Investigation complete; no suspect identified,
57b5145fa234f1e4cdde3f5c6d6fe999c20a3dee18e73e57535bf88d83e0ae46,2022-02,Gloucestershire Constabulary,Gloucestershire Constabulary,-2.116564,51.902379,On or near Police Station,E01022121,Cheltenham 005B,Public order,Unable to prosecute suspect,
89a6ea273e9b30cfd82919da6d7ec1ce7ceb663612ea6ed812a6a2a18fc0bc4b,2022-02,Gloucestershire Constabulary,Gloucestershire Constabulary,-2.116984,51.902001,On or near Hospital,E01022121,Cheltenham 005B,Public order,Unable to prosecute suspect,
e048cdf1185e84384a51a3611c5f092a83535921ffedd764708de9e126062c4b,2022-02,Gloucestershire Constabulary,Gloucestershire Constabulary,-2.113935,51.903128,On or near Sochi Mews,E01022121,Cheltenham 005B,Public order,Investigation complete; no suspect identified,
ae565c1671efcd5928dcccded70ece483feb2811d05c60904210e92dadf5472d,2022-02,Gloucestershire Constabulary,Gloucestershire Constabulary,-2.113243,51.905304,On or near Braeburn Close,E01022121,Cheltenham 005B,Vehicle crime,Unable to prosecute suspect,
598ac157fbac62b3f37931acbd2d5f089fc1bf879218a73c2c7538605476215d,2022-02,Gloucestershire Constabulary,Gloucestershire Constabulary,-2.116984,51.902001,On or near Hospital,E01022121,Cheltenham 005B,Violence and sexual offences,Unable to prosecute suspect,
6349a78b9763612c945d5bd49f6fdd5edfbf324382fbfc1c6a18cca659b55cc0,2022-02,Gloucestershire Constabulary,Gloucestershire Constabulary,-2.111700,51.904497,On or near Newton Road,E01022121,Cheltenham 005B,Violence and sexual offences,Unable to prosecute suspect,
fb9f3281e433b2f3bc497c4e8d8fed83676641cd62ab3e8a2d3ffd377c7fd3ae,2022-02,Gloucestershire Constabulary,Gloucestershire Constabulary,-2.117220,51.903151,On or near St Aidans Close,E01022121,Cheltenham 005B,Violence and sexual offences,Action to be taken by another organisation,
14ae3c74ee388cf596b3c690ccc4cf69a3fd6b21b10588543b1d4f38e2d88f0e,2022-02,Gloucestershire Constabulary,Gloucestershire Constabulary,-2.110107,51.906917,On or near Hawthorn Road,E01022121,Cheltenham 005B,Violence and sexual offences,Court result unavailable,
f958b5a37bc3857dcd6220ffe20c927e9405d3650f60ac3e6de66fd9da224684,2022-02,Gloucestershire Constabulary,Gloucestershire Constabulary,-2.113196,51.904162,On or near Dowty Road,E01022121,Cheltenham 005B,Violence and sexual offences,Unable to prosecute suspect,
de3141881b9da71cb11a4879a080e354c8fe7dba404991f82f05509991b99f65,2022-02,Gloucestershire Constabulary,Gloucestershire Constabulary,-2.111700,51.904497,On or near Newton Road,E01022121,Cheltenham 005B,Violence and sexual offences,Unable to prosecute suspect,
6eb6798717e0282071b0a2acb32eb8b92f27e00f18a0f29e60309585bd2b60ee,2022-02,Gloucestershire Constabulary,Gloucestershire Constabulary,-2.111700,51.904497,On or near Newton Road,E01022121,Cheltenham 005B,Violence and sexual offences,Unable to prosecute suspect,
269efb99de4dc5793326762ba8ecc56aa23d11246e14b159bcdcf46bfcd9f080,2022-02,Gloucestershire Constabulary,Gloucestershire Constabulary,-2.113196,51.904162,On or near Dowty Road,E01022121,Cheltenham 005B,Violence and sexual offences,Unable to prosecute suspect,
48590f188069811587374f970af87af8fd4ac985173bb486eeb31f2d8f96193b,2022-02,Gloucestershire Constabulary,Gloucestershire Constabulary,-2.111700,51.904497,On or near Newton Road,E01022121,Cheltenham 005B,Violence and sexual offences,Unable to prosecute suspect,
24231a39d488f66df96547e3bcc537b720f95c545e4b7d5967da8a04dffaa470,2022-02,Gloucestershire Constabulary,Gloucestershire Constabulary,-2.117220,51.903151,On or near St Aidans Close,E01022121,Cheltenham 005B,Violence and sexual offences,Action to be taken by another organisation,
25bf9015659b281f28d9ba9bf1eabbd8ab86537f07d9a3e384422fc35962df05,2022-02,Gloucestershire Constabulary,Gloucestershire Constabulary,-2.113183,51.904648,On or near Ellison Road,E01022121,Cheltenham 005B,Violence and sexual offences,Investigation complete; no suspect identified,
df4e931bb7714127e9232645a14c6f4a0d3719ed67eae8ad96d034cad6b0e085,2022-02,Gloucestershire Constabulary,Gloucestershire Constabulary,-2.109014,51.905839,On or near Orchard Avenue,E01022121,Cheltenham 005B,Violence and sexual offences,Unable to prosecute suspect,
,2022-02,Gloucestershire Constabulary,Gloucestershire Constabulary,-2.117162,51.897667,On or near Monks Croft,E01022147,Cheltenham 005C,Anti-social behaviour,,
,2022-02,Gloucestershire Constabulary,Gloucestershire Constabulary,-2.117162,51.897667,On or near Monks Croft,E01022147,Cheltenham 005C,Anti-social behaviour,,
,2022-02,Gloucestershire Constabulary,Gloucestershire Constabulary,-2.115414,51.901634,On or near Hamlet Close,E01022147,Cheltenham 005C,Anti-social behaviour,,
,2022-02,Gloucestershire Constabulary,Gloucestershire Constabulary,-2.114352,51.901446,On or near Othello Close,E01022147,Cheltenham 005C,Anti-social behaviour,,
,2022-02,Gloucestershire Constabulary,Gloucestershire Constabulary,-2.114776,51.902534,On or near Evington Road,E01022147,Cheltenham 005C,Anti-social behaviour,,
f2c465443e291b74967dba6c068bae2f60ef0f41b02dd8c5cfbbe5b44b808764,2022-02,Gloucestershire Constabulary,Gloucestershire Constabulary,-2.115287,51.897507,On or near Wasley Road,E01022147,Cheltenham 005C,Bicycle theft,Investigation complete; no suspect identified,
64113e64a5f475f8e8b8383bbb0bf9c8b04d6b865b41f1611a86dd7561ee864f,2022-02,Gloucestershire Constabulary,Gloucestershire Constabulary,-2.113955,51.899684,On or near Shelley Avenue,E01022147,Cheltenham 005C,Burglary,Unable to prosecute suspect,
ec8b8a93bd34d1410a8ca8e20d28501db09e6376a7eea25b6965d98159967b63,2022-02,Gloucestershire Constabulary,Gloucestershire Constabulary,-2.115001,51.899530,On or near Shelley Road,E01022147,Cheltenham 005C,Burglary,Investigation complete; no suspect identified,
4cb956486185cb412c65c8f87053b00fa866a5f323e93a434eca72f7eddb4612,2022-02,Gloucestershire Constabulary,Gloucestershire Constabulary,-2.114776,51.902534,On or near Evington Road,E01022147,Cheltenham 005C,Burglary,Investigation complete; no suspect identified,
51990de49ba91e0fc52b9129f8035648b6232aa4828fc9c1275dcea6f1238763,2022-02,Gloucestershire Constabulary,Gloucestershire Constabulary,-2.115638,51.898352,On or near Wordsworth Avenue,E01022147,Cheltenham 005C,Burglary,Offender given a caution,
559d12537b3a4e97bca63d7971a6d9cac868c72c1fffaa513be8f4e230120a8c,2022-02,Gloucestershire Constabulary,Gloucestershire Constabulary,-2.111505,51.902006,On or near Britten Place,E01022147,Cheltenham 005C,Criminal damage and arson,Investigation complete; no suspect identified,
da58c975cef8ab7f8568075376f8ddea37111998f9deda46bab19c40cdd90fa7,2022-02,Gloucestershire Constabulary,Gloucestershire Constabulary,-2.114455,51.902057,On or near Parking Area,E01022147,Cheltenham 005C,Criminal damage and arson,Unable to prosecute suspect,
c82413a51a8e3b6e5e891c633b0ec6bc5fcf8ac5635f239345f75e1e9c5685b1,2022-02,Gloucestershire Constabulary,Gloucestershire Constabulary,-2.117162,51.897667,On or near Monks Croft,E01022147,Cheltenham 005C,Criminal damage and arson,Investigation complete; no suspect identified,
ac86fd7eff9046119450852914dba955add16e34e26c068a68aa0ade56cdd3b6,2022-02,Gloucestershire Constabulary,Gloucestershire Constabulary,-2.115287,51.897507,On or near Wasley Road,E01022147,Cheltenham 005C,Criminal damage and arson,Unable to prosecute suspect,
51401a8d7bb10816815544de7ee68af486480e4202cea1f57fefa1f76fc91b0f,2022-02,Gloucestershire Constabulary,Gloucestershire Constabulary,-2.115287,51.897507,On or near Wasley Road,E01022147,Cheltenham 005C,Criminal damage and arson,Investigation complete; no suspect identified,
44e14d960b4e0e6fa5e726ea5e6cc7c2ee2e8bbc672908a1bbbe63a21f8322dc,2022-02,Gloucestershire Constabulary,Gloucestershire Constabulary,-2.114776,51.902534,On or near Evington Road,E01022147,Cheltenham 005C,Criminal damage and arson,Investigation complete; no suspect identified,
cb3970cb3a0f18785d951d281e7ff92c9f6ac5b1e45d31fb1e82f66d0db73bcb,2022-02,Gloucestershire Constabulary,Gloucestershire Constabulary,-2.114776,51.902534,On or near Evington Road,E01022147,Cheltenham 005C,Public order,Investigation complete; no suspect identified,
c0ef379fd1ff0cf6d8569ada1969323e80c66ecf6a0c09fd6cd6e7b8233ab711,2022-02,Gloucestershire Constabulary,Gloucestershire Constabulary,-2.114776,51.902534,On or near Evington Road,E01022147,Cheltenham 005C,Shoplifting,Investigation complete; no suspect identified,
cdd58829f5ff6c7510fd0a93ba1cb15a983220e31bbc0cf7d0b45a41ad68ec96,2022-02,Gloucestershire Constabulary,Gloucestershire Constabulary,-2.114776,51.902534,On or near Evington Road,E01022147,Cheltenham 005C,Shoplifting,Investigation complete; no suspect identified,
2508d1ac09cef6ba2ec3ac66be00145a959a8b3fdb5d16320e2bcce4fbc36a20,2022-02,Gloucestershire Constabulary,Gloucestershire Constabulary,-2.112349,51.902572,On or near Edinburgh Place,E01022147,Cheltenham 005C,Violence and sexual offences,Unable to prosecute suspect,
ee9ce910d3b045e1dcfae96cf175dcc9b24732b36bae9b2b297e00eba75d16d6,2022-02,Gloucestershire Constabulary,Gloucestershire Constabulary,-2.117162,51.897667,On or near Monks Croft,E01022147,Cheltenham 005C,Violence and sexual offences,Investigation complete; no suspect identified,
65a3c9f7b258df9a97286c6dae7ee3efdc4548919e980fbf206369dbc3aa89cc,2022-02,Gloucestershire Constabulary,Gloucestershire Constabulary,-2.116729,51.898899,On or near Pitman Road,E01022147,Cheltenham 005C,Violence and sexual offences,Unable to prosecute suspect,
70e85620cadd6d07fd6c1d62203c166249addc55798127ab409f5239f1404d6d,2022-02,Gloucestershire Constabulary,Gloucestershire Constabulary,-2.116729,51.898899,On or near Pitman Road,E01022147,Cheltenham 005C,Violence and sexual offences,Unable to prosecute suspect,
8a2b45201b2e9fb85f1b2fbfde608dde15abc4e92224ceb079c62ed0beee102d,2022-02,Gloucestershire Constabulary,Gloucestershire Constabulary,-2.115287,51.897507,On or near Wasley Road,E01022147,Cheltenham 005C,Violence and sexual offences,Unable to prosecute suspect,
ec83dcc4f6e374161ed01b98f8513fa37e10d6f5831788ed8401500dd901ec9f,2022-02,Gloucestershire Constabulary,Gloucestershire Constabulary,-2.115287,51.897507,On or near Wasley Road,E01022147,Cheltenham 005C,Violence and sexual offences,Unable to prosecute suspect,
afe3fe61357f02a7cdcdfc8fa77d462fbdaebe8074d76ff8771d47fdb14e224f,2022-02,Gloucestershire Constabulary,Gloucestershire Constabulary,-2.115287,51.897507,On or near Wasley Road,E01022147,Cheltenham 005C,Violence and sexual offences,Unable to prosecute suspect,
3ee02bede1da49cecf0708643b8dc1c1832cfffa96165d6a6044264a18f63544,2022-02,Gloucestershire Constabulary,Gloucestershire Constabulary,-2.115287,51.897507,On or near Wasley Road,E01022147,Cheltenham 005C,Violence and sexual offences,Unable to prosecute suspect,
fbf07c46313cb41de18e234b73cb44c3d7d234cba5a7e532f888b94a2a8445d2,2022-02,Gloucestershire Constabulary,Gloucestershire Constabulary,-2.112349,51.902572,On or near Edinburgh Place,E01022147,Cheltenham 005C,Violence and sexual offences,Investigation complete; no suspect identified,
9c080f08fbd95c061dd4851b526f4789f9ae541d7f22b8069a15b87ff540fb08,2022-02,Gloucestershire Constabulary,Gloucestershire Constabulary,-2.117412,51.898863,On or near Cowper Road,E01022147,Cheltenham 005C,Violence and sexual offences,Unable to prosecute suspect,
7e9aacdb2cdf3a61a9667624f3fc4d3a4c110ebee9b49767411e13f2176d197f,2022-02,Gloucestershire Constabulary,Gloucestershire Constabulary,-2.112349,51.902572,On or near Edinburgh Place,E01022147,Cheltenham 005C,Violence and sexual offences,Unable to prosecute suspect,
42dce7cd31aaaf8143a6ab413d15d853b18176db900c95cca808e7c3ac2858c6,2022-02,Gloucestershire Constabulary,Gloucestershire Constabulary,-2.115287,51.897507,On or near Wasley Road,E01022147,Cheltenham 005C,Violence and sexual offences,Unable to prosecute suspect,
875aeddc9981b12a5cc36f136116743ba3cbb58b852910cb78593231af85071a,2022-02,Gloucestershire Constabulary,Gloucestershire Constabulary,-2.115287,51.897507,On or near Wasley Road,E01022147,Cheltenham 005C,Violence and sexual offences,Unable to prosecute suspect,
e400fec3983b63847837c87850699b52bef56f76e4fd44567a70163fc2de408a,2022-02,Gloucestershire Constabulary,Gloucestershire Constabulary,-2.113955,51.899684,On or near Shelley Avenue,E01022147,Cheltenham 005C,Violence and sexual offences,Unable to prosecute suspect,
cd6c464316cb653d41139081136545e0efa58025656da904036ce99b39e1a1bf,2022-02,Gloucestershire Constabulary,Gloucestershire Constabulary,-2.113955,51.899684,On or near Shelley Avenue,E01022147,Cheltenham 005C,Violence and sexual offences,Unable to prosecute suspect,
74e790d9a3c0548a658af48746960b8a106afa128fe4c46ad12659bd4288d9e1,2022-02,Gloucestershire Constabulary,Gloucestershire Constabulary,-2.116729,51.898899,On or near Pitman Road,E01022147,Cheltenham 005C,Violence and sexual offences,Unable to prosecute suspect,
c3b1b535c2769f8143ec21bd8ab7671412d72263bb99fe0cd47bc7795a3271c5,2022-02,Gloucestershire Constabulary,Gloucestershire Constabulary,-2.116729,51.898899,On or near Pitman Road,E01022147,Cheltenham 005C,Violence and sexual offences,Unable to prosecute suspect,
cb130560e1e3d10d892800c886a07956e54c6d61ecca7a610e17c65dd949e9dc,2022-02,Gloucestershire Constabulary,Gloucestershire Constabulary,-2.116729,51.898899,On or near Pitman Road,E01022147,Cheltenham 005C,Violence and sexual offences,Unable to prosecute suspect,
c551fd17af2b99dc0ff92c33082dd86655a045c2d72e0f10aa8d2ac7de77d331,2022-02,Gloucestershire Constabulary,Gloucestershire Constabulary,-2.117162,51.897667,On or near Monks Croft,E01022147,Cheltenham 005C,Violence and sexual offences,Unable to prosecute suspect,
b3d80fb66f66a58fbfb35c223d74b1a4712ed0848e55a813f75f6c4076a9f9f4,2022-02,Gloucestershire Constabulary,Gloucestershire Constabulary,-2.116729,51.898899,On or near Pitman Road,E01022147,Cheltenham 005C,Violence and sexual offences,Unable to prosecute suspect,
cdea61dc487c08fd6d99fb55ad523f2dbbdc9b48745e66fba27a079a66b4c7de,2022-02,Gloucestershire Constabulary,Gloucestershire Constabulary,-2.115287,51.897507,On or near Wasley Road,E01022147,Cheltenham 005C,Other crime,Formal action is not in the public interest,
,2022-02,Gloucestershire Constabulary,Gloucestershire Constabulary,-2.105578,51.909528,On or near Pennsylvania Avenue,E01022157,Cheltenham 005D,Anti-social behaviour,,
,2022-02,Gloucestershire Constabulary,Gloucestershire Constabulary,-2.103583,51.908289,On or near Brooklyn Road,E01022157,Cheltenham 005D,Anti-social behaviour,,
3608f6e1fe7476a77a397a4e95d0627dea61229b100327a05cb0d34842ee9639,2022-02,Gloucestershire Constabulary,Gloucestershire Constabulary,-2.105578,51.909528,On or near Pennsylvania Avenue,E01022157,Cheltenham 005D,Criminal damage and arson,Unable to prosecute suspect,
11b73331bdd09e62fb14f4b7e79d3e1094da42b491f4103d48702fafdebf0d88,2022-02,Gloucestershire Constabulary,Gloucestershire Constabulary,-2.101788,51.911330,On or near Providence Park,E01022157,Cheltenham 005D,Criminal damage and arson,Investigation complete; no suspect identified,
2ad516d075f6a283553eab65bd254fc2aff8c88f0a56cec23780075092746171,2022-02,Gloucestershire Constabulary,Gloucestershire Constabulary,-2.101788,51.911330,On or near Providence Park,E01022157,Cheltenham 005D,Criminal damage and arson,Investigation complete; no suspect identified,
70ab2c86f996324c3b900c2851d03bee5c6364847f31cc09b5787828a741b4cc,2022-02,Gloucestershire Constabulary,Gloucestershire Constabulary,-2.104054,51.910716,On or near Princess Elizabeth Way,E01022157,Cheltenham 005D,Criminal damage and arson,Investigation complete; no suspect identified,
b18cdf81ac2d0bdc170ff1952e1c6c53e3575a5280509b4b2faaab142e58e5d1,2022-02,Gloucestershire Constabulary,Gloucestershire Constabulary,-2.103583,51.908289,On or near Brooklyn Road,E01022157,Cheltenham 005D,Drugs,Court result unavailable,
6198bff073f74f618db869ec8909de7118891991028b366193acc2754f32ac1d,2022-02,Gloucestershire Constabulary,Gloucestershire Constabulary,-2.098111,51.911782,On or near Brook Road,E01022157,Cheltenham 005D,Drugs,Unable to prosecute suspect,
c3e1aaeabd25dfeef2ae9040a1b1ed2b268c0b143fb2f53b1f3fbb19aa13486a,2022-02,Gloucestershire Constabulary,Gloucestershire Constabulary,-2.103583,51.908289,On or near Brooklyn Road,E01022157,Cheltenham 005D,Public order,Unable to prosecute suspect,
0b34866eb05b1bf152be80d4119be153368b506699ae6c4ce0abde6c012e1a76,2022-02,Gloucestershire Constabulary,Gloucestershire Constabulary,-2.105578,51.909528,On or near Pennsylvania Avenue,E01022157,Cheltenham 005D,Public order,Unable to prosecute suspect,
ce0eab1c089e8526126b2ea817132b58bfcb2538ff9a0341ff4cdd11e37a0d3d,2022-02,Gloucestershire Constabulary,Gloucestershire Constabulary,-2.103583,51.908289,On or near Brooklyn Road,E01022157,Cheltenham 005D,Public order,Investigation complete; no suspect identified,
d5f4dd7620ef2d76fa9bc5a3b5d0003a5ec79a27b6408283abfa66af188a1faf,2022-02,Gloucestershire Constabulary,Gloucestershire Constabulary,-2.105578,51.909528,On or near Pennsylvania Avenue,E01022157,Cheltenham 005D,Public order,Investigation complete; no suspect identified,
02f60598c2aade4f0863b797167185cb64cc39d8dae109f7fc37218799679ea2,2022-02,Gloucestershire Constabulary,Gloucestershire Constabulary,-2.098111,51.911782,On or near Brook Road,E01022157,Cheltenham 005D,Vehicle crime,Investigation complete; no suspect identified,
1d0553c67b371da334450c3c84434cea5ad2ce6fd855121be88fc6cc21c22f5c,2022-02,Gloucestershire Constabulary,Gloucestershire Constabulary,-2.103583,51.908289,On or near Brooklyn Road,E01022157,Cheltenham 005D,Violence and sexual offences,Unable to prosecute suspect,
87d47408f32d745ac4394b76d74aa71f43b0ca5a65bc318aeada74a58e6f5617,2022-02,Gloucestershire Constabulary,Gloucestershire Constabulary,-2.097063,51.911262,On or near St Peter'S Square,E01022157,Cheltenham 005D,Violence and sexual offences,Unable to prosecute suspect,
9a6354759f710fd7f9177b29ef208d7075982c745b6349c7cb8b6b27fc90b0c4,2022-02,Gloucestershire Constabulary,Gloucestershire Constabulary,-2.097063,51.911262,On or near St Peter'S Square,E01022157,Cheltenham 005D,Violence and sexual offences,Unable to prosecute suspect,
e17353802ab7b83efee4efd9be918aa6798ee50e14cef387ec39e7001fae03b3,2022-02,Gloucestershire Constabulary,Gloucestershire Constabulary,-2.098111,51.911782,On or near Brook Road,E01022157,Cheltenham 005D,Violence and sexual offences,Unable to prosecute suspect,
,2022-02,Gloucestershire Constabulary,Gloucestershire Constabulary,-2.104581,51.912109,On or near Kingsmead Road,E01022159,Cheltenham 005E,Anti-social behaviour,,
,2022-02,Gloucestershire Constabulary,Gloucestershire Constabulary,-2.102883,51.913352,On or near Joyner Road,E01022159,Cheltenham 005E,Anti-social behaviour,,
ddd10e15ae04b6cd69ced1205f951670938a2861f092f16ec9221f77e510c8ed,2022-02,Gloucestershire Constabulary,Gloucestershire Constabulary,-2.104914,51.911435,On or near Redgrove Road,E01022159,Cheltenham 005E,Burglary,Unable to prosecute suspect,
161de4c96a78391f80ed07b81061e6d4de7f300fd5a3e984623f15d20d299942,2022-02,Gloucestershire Constabulary,Gloucestershire Constabulary,-2.101123,51.912832,On or near Frank Brookes Road,E01022159,Cheltenham 005E,Other theft,Court result unavailable,
65a89352851f70a49dfb320c87d90d08a14a0fbef81fe6b43a22809129777f40,2022-02,Gloucestershire Constabulary,Gloucestershire Constabulary,-2.109779,51.909713,On or near Tanner'S Lane,E01022159,Cheltenham 005E,Other theft,Investigation complete; no suspect identified,
d3a668b002fe5004a83138bf0a5aa694105811e13a6a115c8aa6bc936adacdb7,2022-02,Gloucestershire Constabulary,Gloucestershire Constabulary,-2.105766,51.915228,On or near Glynbridge Gardens,E01022159,Cheltenham 005E,Other theft,Investigation complete; no suspect identified,
b87dec49932232512928190ac04d663d2e68dbd034486022073bc90f42054b29,2022-02,Gloucestershire Constabulary,Gloucestershire Constabulary,-2.101123,51.912832,On or near Frank Brookes Road,E01022159,Cheltenham 005E,Possession of weapons,Further action is not in the public interest,
d293d023065124a627327d7781f91793fb3cf1db3ab0731c055d281ad7cf9a47,2022-02,Gloucestershire Constabulary,Gloucestershire Constabulary,-2.107110,51.912053,On or near Dunelm Close,E01022159,Cheltenham 005E,Public order,Investigation complete; no suspect identified,
b62f769da66921a6bd9b43338254bcb2b88a4801e91019abebb2538e41c09d85,2022-02,Gloucestershire Constabulary,Gloucestershire Constabulary,-2.107110,51.912053,On or near Dunelm Close,E01022159,Cheltenham 005E,Public order,Unable to prosecute suspect,
ba6128f17b0060e1a5584593e4f631e897d159071d1d472d34251fe338a00a3f,2022-02,Gloucestershire Constabulary,Gloucestershire Constabulary,-2.110800,51.910908,On or near Dill Avenue,E01022159,Cheltenham 005E,Public order,Unable to prosecute suspect,
a16bafdd9ad70f9df8663faa9808a01179a41731878a12d0ae624f04f2610487,2022-02,Gloucestershire Constabulary,Gloucestershire Constabulary,-2.110800,51.910908,On or near Dill Avenue,E01022159,Cheltenham 005E,Public order,Unable to prosecute suspect,
30c83c3e499ac4a543cb9e516c510a06f0fc47fa17d07639a45fdb08f5b3174e,2022-02,Gloucestershire Constabulary,Gloucestershire Constabulary,-2.101123,51.912832,On or near Frank Brookes Road,E01022159,Cheltenham 005E,Shoplifting,Unable to prosecute suspect,
b28bf4d473db5dccb00869c199f2698a889a4ee1183d028fbd744e72f020a384,2022-02,Gloucestershire Constabulary,Gloucestershire Constabulary,-2.109779,51.909713,On or near Tanner'S Lane,E01022159,Cheltenham 005E,Violence and sexual offences,Unable to prosecute suspect,
b5493fc8c5fb83aa01f59a21a10454c4efd8b14627e79decf072fbbd632e5f66,2022-02,Gloucestershire Constabulary,Gloucestershire Constabulary,-2.101123,51.912832,On or near Frank Brookes Road,E01022159,Cheltenham 005E,Violence and sexual offences,Unable to prosecute suspect,
139a3425326649b9c2b2293bae75de47f8369eb376c0993d41f44a59ed8071f8,2022-02,Gloucestershire Constabulary,Gloucestershire Constabulary,-2.107110,51.912053,On or near Dunelm Close,E01022159,Cheltenham 005E,Violence and sexual offences,Investigation complete; no suspect identified,
6a4b0913a27e424f182421da11e5ace3d1e61041ca3d5912fef7a342febac1f4,2022-02,Gloucestershire Constabulary,Gloucestershire Constabulary,-2.110438,51.911412,On or near Ismay Road,E01022159,Cheltenham 005E,Other crime,Unable to prosecute suspect,
,2022-02,Gloucestershire Constabulary,Gloucestershire Constabulary,-2.055756,51.905912,On or near Severn Road,E01022131,Cheltenham 006A,Anti-social behaviour,,
bac25cba9b8c80303c5545957d1c053707863572a4e0f81c94e4bed43cd68cfd,2022-02,Gloucestershire Constabulary,Gloucestershire Constabulary,-2.047503,51.909557,On or near Chiltern Road,E01022131,Cheltenham 006A,Criminal damage and arson,Local resolution,
9aed94fd3cbb1b585706afbf30e5b85f755c69bd29608255bbff83dcc1520668,2022-02,Gloucestershire Constabulary,Gloucestershire Constabulary,-2.055756,51.905912,On or near Severn Road,E01022131,Cheltenham 006A,Violence and sexual offences,Unable to prosecute suspect,
9530364a8ba9836eb6fa9a34d73005cfa67d96aaa2c8514368da5f124adf87ae,2022-02,Gloucestershire Constabulary,Gloucestershire Constabulary,-2.048883,51.907902,On or near Cromwell Road,E01022131,Cheltenham 006A,Violence and sexual offences,Unable to prosecute suspect,
0653e5c30a2c608132b689335e20e66019e6a9cd0e095b07b77c6b0b1392e728,2022-02,Gloucestershire Constabulary,Gloucestershire Constabulary,-2.054858,51.908610,On or near Lynworth Place,E01022131,Cheltenham 006A,Violence and sexual offences,Unable to prosecute suspect,
,2022-02,Gloucestershire Constabulary,Gloucestershire Constabulary,-2.047324,51.904648,On or near Somme Road,E01022132,Cheltenham 006B,Anti-social behaviour,,
,2022-02,Gloucestershire Constabulary,Gloucestershire Constabulary,-2.051047,51.907038,On or near Cam Road,E01022132,Cheltenham 006B,Anti-social behaviour,,
,2022-02,Gloucestershire Constabulary,Gloucestershire Constabulary,-2.045143,51.904280,On or near Salamanca Road,E01022132,Cheltenham 006B,Anti-social behaviour,,
,2022-02,Gloucestershire Constabulary,Gloucestershire Constabulary,-2.047573,51.906302,On or near Bouncer'S Lane,E01022132,Cheltenham 006B,Anti-social behaviour,,
,2022-02,Gloucestershire Constabulary,Gloucestershire Constabulary,-2.047573,51.906302,On or near Bouncer'S Lane,E01022132,Cheltenham 006B,Anti-social behaviour,,
2eaca4d74308f8f43c5b23819d4c347448283f8640be4f170b6cb9a60fd793bc,2022-02,Gloucestershire Constabulary,Gloucestershire Constabulary,-2.050363,51.905771,On or near Dart Road,E01022132,Cheltenham 006B,Public order,Unable to prosecute suspect,
0d67b1287c4eb476b54b2c84dc1d604d320e155dc8f60dfa356ec4ca45ca4919,2022-02,Gloucestershire Constabulary,Gloucestershire Constabulary,-2.050407,51.906517,On or near Chelt Road,E01022132,Cheltenham 006B,Vehicle crime,Investigation complete; no suspect identified,
89a2d70019a512fd8543c1f554e6ba286263f27ebc3fce9d7b62f7cddcc196ca,2022-02,Gloucestershire Constabulary,Gloucestershire Constabulary,-2.047573,51.906302,On or near Bouncer'S Lane,E01022132,Cheltenham 006B,Vehicle crime,Investigation complete; no suspect identified,
6c97144da49d6e3561216f7874d8a01371a42e3be81911f6db88fcb693cdc049,2022-02,Gloucestershire Constabulary,Gloucestershire Constabulary,-2.050363,51.905771,On or near Dart Road,E01022132,Cheltenham 006B,Violence and sexual offences,Unable to prosecute suspect,
c5b6c8efdf26eb16b329916f3dc971169a20d9a1f2f3b46b6a69c185ef1455e6,2022-02,Gloucestershire Constabulary,Gloucestershire Constabulary,-2.047573,51.906302,On or near Bouncer'S Lane,E01022132,Cheltenham 006B,Violence and sexual offences,Unable to prosecute suspect,
5176169c20dd260d98a6ab000b00698efe62e8c917d0174a22a18516456bfb97,2022-02,Gloucestershire Constabulary,Gloucestershire Constabulary,-2.050363,51.905771,On or near Dart Road,E01022132,Cheltenham 006B,Violence and sexual offences,Unable to prosecute suspect,
aa01dfd582ec49cb25d9d90c41c6cc67545338763cc46d651548c0802eed85bd,2022-02,Gloucestershire Constabulary,Gloucestershire Constabulary,-2.050363,51.905771,On or near Dart Road,E01022132,Cheltenham 006B,Violence and sexual offences,Unable to prosecute suspect,
e99c276bb376701172d41e9d2cc30e426ff855e9c5f6bd3fe4b47ad6dc1c5ead,2022-02,Gloucestershire Constabulary,Gloucestershire Constabulary,-2.049663,51.903982,On or near Priors Road,E01022132,Cheltenham 006B,Other crime,Unable to prosecute suspect,
693f8742e671c07bc495aebcf02ca9e59b6308e1ac388f3ef2d613cd9bd7bfb1,2022-02,Gloucestershire Constabulary,Gloucestershire Constabulary,-2.053557,51.903090,On or near Churn Avenue,E01022133,Cheltenham 006C,Violence and sexual offences,Unable to prosecute suspect,
3ce33eb873cc3de96c241230d62a95850488440eb82a73503eec0526b9ba8df4,2022-02,Gloucestershire Constabulary,Gloucestershire Constabulary,-2.052801,51.902461,On or near Humber Road,E01022133,Cheltenham 006C,Violence and sexual offences,Unable to prosecute suspect,
46cebd52d5707248742672f16e69862a3ae839d4d5760558e8d1217ea93b5b5d,2022-02,Gloucestershire Constabulary,Gloucestershire Constabulary,-2.052801,51.902461,On or near Humber Road,E01022133,Cheltenham 006C,Other crime,Unable to prosecute suspect,
,2022-02,Gloucestershire Constabulary,Gloucestershire Constabulary,-2.057542,51.904500,On or near Whaddon Road,E01022134,Cheltenham 006D,Anti-social behaviour,,
,2022-02,Gloucestershire Constabulary,Gloucestershire Constabulary,-2.057542,51.904500,On or near Whaddon Road,E01022134,Cheltenham 006D,Anti-social behaviour,,
dcad3e9a631a958a1d760a53c13218e1476c8315691eae06ab80900b5d7f102e,2022-02,Gloucestershire Constabulary,Gloucestershire Constabulary,-2.055390,51.904294,On or near Evenlode Avenue,E01022134,Cheltenham 006D,Other theft,Unable to prosecute suspect,
0dab47d03f99a3deec9cdcb97ee6f5575af012c12f36cea3f31d594a9bc0ae9f,2022-02,Gloucestershire Constabulary,Gloucestershire Constabulary,-2.063604,51.905018,On or near Selkirk Gardens,E01022134,Cheltenham 006D,Other theft,Unable to prosecute suspect,
40df1d57b4be5cb2f922fbdfdd18f7d36489becd3a7934f0e270a61892f64aa4,2022-02,Gloucestershire Constabulary,Gloucestershire Constabulary,-2.057916,51.901478,On or near Cleeve View Road,E01022134,Cheltenham 006D,Public order,Unable to prosecute suspect,
53f49888ecb102fc33e1f9829a2d7b0bc9c6138670468a1ce43155f2671685e5,2022-02,Gloucestershire Constabulary,Gloucestershire Constabulary,-2.060884,51.903590,On or near Westbourne Drive,E01022134,Cheltenham 006D,Vehicle crime,Investigation complete; no suspect identified,
e928cdf7c502685ec14a4f65ed5675088474bd8561b6cd3515f45f34ce56060c,2022-02,Gloucestershire Constabulary,Gloucestershire Constabulary,-2.062051,51.907015,On or near Prestbury Road,E01022134,Cheltenham 006D,Violence and sexual offences,Further action is not in the public interest,
b1512b8996096c309bf4b758e82e5f6ddd0993ac37831e52add17238f9666fe4,2022-02,Gloucestershire Constabulary,Gloucestershire Constabulary,-2.064782,51.905746,On or near Whaddon Road,E01022134,Cheltenham 006D,Violence and sexual offences,Unable to prosecute suspect,
433bab1458b3bc52c99512ade61510cb2b1ba257b8db7e13602728b41693dbeb,2022-02,Gloucestershire Constabulary,Gloucestershire Constabulary,-2.056947,51.905372,On or near Thames Road,E01022134,Cheltenham 006D,Violence and sexual offences,Action to be taken by another organisation,
8320cba16a75b9f44a06454aa4988a79cd5703a2a2346c3ef049adb15d3c8563,2022-02,Gloucestershire Constabulary,Gloucestershire Constabulary,-2.058472,51.904571,On or near Robins Close,E01022134,Cheltenham 006D,Violence and sexual offences,Unable to prosecute suspect,
f6e7ff43a50371390be16cf858e4c3933b6d27ff84cf7eaee844ae188f4533e6,2022-02,Gloucestershire Constabulary,Gloucestershire Constabulary,-2.056947,51.905372,On or near Thames Road,E01022134,Cheltenham 006D,Violence and sexual offences,Court result unavailable,
f3148ae1e3656f6058d06aaa4b98203d1af318322956c37d50a3c8c87df6495a,2022-02,Gloucestershire Constabulary,Gloucestershire Constabulary,-2.062051,51.907015,On or near Prestbury Road,E01022134,Cheltenham 006D,Violence and sexual offences,Further action is not in the public interest,
f6b575cca9f86c11487103edee9b5e6f164d9c8c1815889eace4d9510b11d9d4,2022-02,Gloucestershire Constabulary,Gloucestershire Constabulary,-2.062051,51.907015,On or near Prestbury Road,E01022134,Cheltenham 006D,Violence and sexual offences,Further action is not in the public interest,
dddfc836e024198fc5807603b360150fbcdae56ceba255db747be23a0b8e0912,2022-02,Gloucestershire Constabulary,Gloucestershire Constabulary,-2.061554,51.904875,On or near Whaddon Drive,E01022134,Cheltenham 006D,Violence and sexual offences,Unable to prosecute suspect,
3cc8da313481506fa7540ce260f86bb5fa39f580ecb4ae22be5b0120e4abe0b9,2022-02,Gloucestershire Constabulary,Gloucestershire Constabulary,-2.062051,51.907015,On or near Prestbury Road,E01022134,Cheltenham 006D,Violence and sexual offences,Further action is not in the public interest,
17eb363f7ae1c495096d4290269168ad738c005de3d3fe2267d73d8e9a06288f,2022-02,Gloucestershire Constabulary,Gloucestershire Constabulary,-2.055390,51.904294,On or near Evenlode Avenue,E01022134,Cheltenham 006D,Other crime,Unable to prosecute suspect,
,2022-02,Gloucestershire Constabulary,Gloucestershire Constabulary,-2.108146,51.895239,On or near Oldfield Crescent,E01022148,Cheltenham 007A,Anti-social behaviour,,
4ef7df9f97fe229c58484eb6658820f8652d808c531462521ebd2e2f01ddaf10,2022-02,Gloucestershire Constabulary,Gloucestershire Constabulary,-2.108922,51.897873,On or near Milton Road,E01022148,Cheltenham 007A,Public order,Investigation complete; no suspect identified,
9a75d7f68e286008b98c7bfe9b1c3017c0af8b30425b230ad1d97fd4d6d03cb1,2022-02,Gloucestershire Constabulary,Gloucestershire Constabulary,-2.108243,51.899411,On or near Byron Road,E01022148,Cheltenham 007A,Violence and sexual offences,Unable to prosecute suspect,
6c52d130ac5bab69d518ef90122daf43591adf9b8e56bdf900b8344bf94834a7,2022-02,Gloucestershire Constabulary,Gloucestershire Constabulary,-2.110183,51.896397,On or near Milton Avenue,E01022148,Cheltenham 007A,Violence and sexual offences,Unable to prosecute suspect,
e4c4c904798d034f9a1db0152b188b3e5f64f15af49f5e2258294b3e5fe20ed7,2022-02,Gloucestershire Constabulary,Gloucestershire Constabulary,-2.108922,51.897873,On or near Milton Road,E01022148,Cheltenham 007A,Violence and sexual offences,Unable to prosecute suspect,
,2022-02,Gloucestershire Constabulary,Gloucestershire Constabulary,-2.106784,51.903260,On or near Sports/Recreation Area,E01022149,Cheltenham 007B,Anti-social behaviour,,
,2022-02,Gloucestershire Constabulary,Gloucestershire Constabulary,-2.106784,51.903260,On or near Sports/Recreation Area,E01022149,Cheltenham 007B,Anti-social behaviour,,
,2022-02,Gloucestershire Constabulary,Gloucestershire Constabulary,-2.104747,51.902138,On or near Surrey Mews,E01022149,Cheltenham 007B,Anti-social behaviour,,
,2022-02,Gloucestershire Constabulary,Gloucestershire Constabulary,-2.105699,51.905518,On or near Sports/Recreation Area,E01022149,Cheltenham 007B,Anti-social behaviour,,
7ba2903c0e6b6ce55d111d73809e17f92226055465910904658e0da8adc5114a,2022-02,Gloucestershire Constabulary,Gloucestershire Constabulary,-2.105017,51.905950,On or near Lucinia Mews,E01022149,Cheltenham 007B,Criminal damage and arson,Unable to prosecute suspect,
ca658ce39f6bcd3330b63cd967e3a3c45921d58ed29e26f73f043ee098495b1e,2022-02,Gloucestershire Constabulary,Gloucestershire Constabulary,-2.106784,51.903260,On or near Sports/Recreation Area,E01022149,Cheltenham 007B,Criminal damage and arson,Investigation complete; no suspect identified,
cadc171991ddb0157e21fd36f862bf5c8b39c39ef153d2da73aa0cbc13cae8ff,2022-02,Gloucestershire Constabulary,Gloucestershire Constabulary,-2.104747,51.902138,On or near Surrey Mews,E01022149,Cheltenham 007B,Criminal damage and arson,Unable to prosecute suspect,
683aa7b5826fe777be033b1ae285614c114730379f4700896b30d5ee22fe69c5,2022-02,Gloucestershire Constabulary,Gloucestershire Constabulary,-2.105017,51.905950,On or near Lucinia Mews,E01022149,Cheltenham 007B,Criminal damage and arson,Unable to prosecute suspect,
91050209df99d4d6c9c20ee3da8c76d16f82171bc7547d1eb802edd9c0b6f51d,2022-02,Gloucestershire Constabulary,Gloucestershire Constabulary,-2.104747,51.902138,On or near Surrey Mews,E01022149,Cheltenham 007B,Criminal damage and arson,Local resolution,
631d3b1ceb6bb7415881164592c54686ecaa499069be5cdab29aa9cea415b5ae,2022-02,Gloucestershire Constabulary,Gloucestershire Constabulary,-2.105803,51.900384,On or near Cambridge Avenue,E01022149,Cheltenham 007B,Criminal damage and arson,Unable to prosecute suspect,
d323c4b4e497d2c1929fa31d51ed82e13607f66bffab81109483d213880941da,2022-02,Gloucestershire Constabulary,Gloucestershire Constabulary,-2.103927,51.906068,On or near South Bank,E01022149,Cheltenham 007B,Criminal damage and arson,Unable to prosecute suspect,
e64c13fde3fda372aca15bd0d04a727e2df3d63c103a52550fc6d059f837a2d6,2022-02,Gloucestershire Constabulary,Gloucestershire Constabulary,-2.105803,51.900384,On or near Cambridge Avenue,E01022149,Cheltenham 007B,Other theft,Unable to prosecute suspect,
84bbd16599a382240cdf5df2f2aeb39d65ac6d50a8afb175d6034bb52d995b5f,2022-02,Gloucestershire Constabulary,Gloucestershire Constabulary,-2.102423,51.902959,On or near Dorset Avenue,E01022149,Cheltenham 007B,Other theft,Unable to prosecute suspect,
15931ea77180d3ad4429654d8c987f2d645cef831884e7f18db78a8633e53df2,2022-02,Gloucestershire Constabulary,Gloucestershire Constabulary,-2.105803,51.900384,On or near Cambridge Avenue,E01022149,Cheltenham 007B,Violence and sexual offences,Court result unavailable,
bf50d4103e9e8dc3f391f19ec54fbbe67749804393a8664aabfcc25a6eddfb06,2022-02,Gloucestershire Constabulary,Gloucestershire Constabulary,-2.105803,51.900384,On or near Cambridge Avenue,E01022149,Cheltenham 007B,Violence and sexual offences,Unable to prosecute suspect,
22c00a4aa288b29d86baffe19cce494b90d4a3b192b45e4145430c190af67434,2022-02,Gloucestershire Constabulary,Gloucestershire Constabulary,-2.105268,51.901329,On or near Norfolk Mews,E01022149,Cheltenham 007B,Violence and sexual offences,Unable to prosecute suspect,
a9941d2793383eb4aa05476cf93a9d1d162b83700700ccf86fb4a5d6dba5692d,2022-02,Gloucestershire Constabulary,Gloucestershire Constabulary,-2.104391,51.905510,On or near Stone Crescent,E01022149,Cheltenham 007B,Violence and sexual offences,Unable to prosecute suspect,
ac722e34ff767e2fe6203049b80878c04945c563d0d2ee6fc78f2e5489d22e58,2022-02,Gloucestershire Constabulary,Gloucestershire Constabulary,-2.102423,51.902959,On or near Dorset Avenue,E01022149,Cheltenham 007B,Violence and sexual offences,Investigation complete; no suspect identified,
ad509904718e1152cae51d531b99cfed300225046bceba59755b29c5c2bc639e,2022-02,Gloucestershire Constabulary,Gloucestershire Constabulary,-2.104747,51.902138,On or near Surrey Mews,E01022149,Cheltenham 007B,Violence and sexual offences,Unable to prosecute suspect,
bc93b533a4cb37e927e78b6ee11931e9333c096f73718f77676d061ac4516b61,2022-02,Gloucestershire Constabulary,Gloucestershire Constabulary,-2.104747,51.902138,On or near Surrey Mews,E01022149,Cheltenham 007B,Violence and sexual offences,Unable to prosecute suspect,
8f39cbdf8a84b240593c831c801ce5798dacd6c94020ccdd3e16880226450a5c,2022-02,Gloucestershire Constabulary,Gloucestershire Constabulary,-2.109118,51.900840,On or near Sports/Recreation Area,E01022149,Cheltenham 007B,Violence and sexual offences,Further action is not in the public interest,
,2022-02,Gloucestershire Constabulary,Gloucestershire Constabulary,-2.101219,51.897637,On or near Libertus Court,E01022150,Cheltenham 007C,Anti-social behaviour,,
,2022-02,Gloucestershire Constabulary,Gloucestershire Constabulary,-2.100645,51.900991,On or near Rowanfield Road,E01022150,Cheltenham 007C,Anti-social behaviour,,
62ef401b0660d09563e4afba117d7033445693292aa281c6c564ba82301b4515,2022-02,Gloucestershire Constabulary,Gloucestershire Constabulary,-2.102376,51.901376,On or near Devon Avenue,E01022150,Cheltenham 007C,Burglary,Investigation complete; no suspect identified,
e66e925467cc5b309c00b220e8b44655c0689fedfceb61a44b01d4f367b15365,2022-02,Gloucestershire Constabulary,Gloucestershire Constabulary,-2.102649,51.900090,On or near Ashtree Mews,E01022150,Cheltenham 007C,Vehicle crime,Investigation complete; no suspect identified,
,2022-02,Gloucestershire Constabulary,Gloucestershire Constabulary,-2.090633,51.908983,On or near Waterloo Street,E01022155,Cheltenham 007D,Anti-social behaviour,,
,2022-02,Gloucestershire Constabulary,Gloucestershire Constabulary,-2.095607,51.910301,On or near St Peters Close,E01022155,Cheltenham 007D,Anti-social behaviour,,
32d3bd7d46f86f691911db8ecaf53438b479295b71b0cb17f64fe8521ae1c3ba,2022-02,Gloucestershire Constabulary,Gloucestershire Constabulary,-2.098444,51.904697,On or near Bryanstone Close,E01022155,Cheltenham 007D,Criminal damage and arson,Court result unavailable,
cd703beadd15f0d88c4a80b01290b1f2fd0c48f23657e3e129c893612a12cf07,2022-02,Gloucestershire Constabulary,Gloucestershire Constabulary,-2.096931,51.910623,On or near Moors Avenue,E01022155,Cheltenham 007D,Other theft,Investigation complete; no suspect identified,
ecf92fd9f04022de7c0845667948c265cb215a749c05af180cc33a2f89703edb,2022-02,Gloucestershire Constabulary,Gloucestershire Constabulary,-2.097533,51.906649,On or near Arle Road,E01022155,Cheltenham 007D,Possession of weapons,Court result unavailable,
26380c446814d8b919e058f4ec56d5d51dd5572accfa27f48db0fa29c51da37b,2022-02,Gloucestershire Constabulary,Gloucestershire Constabulary,-2.098444,51.904697,On or near Bryanstone Close,E01022155,Cheltenham 007D,Public order,Court result unavailable,
ba2c0f4c1763c1e4445fb716515f6ad9178631332c813e019368b6cf006b80dc,2022-02,Gloucestershire Constabulary,Gloucestershire Constabulary,-2.099805,51.908922,On or near Brooklyn Gardens,E01022155,Cheltenham 007D,Public order,Unable to prosecute suspect,
bc8be336b93c8c2e883516790364433a7bfd5af9712b97304766657fe62adb90,2022-02,Gloucestershire Constabulary,Gloucestershire Constabulary,-2.091957,51.909575,On or near Tewkesbury Road,E01022155,Cheltenham 007D,Shoplifting,Investigation complete; no suspect identified,
1cf0038de0b5597188d735c39232da344612ca69d1af44236fc6127ec177b13e,2022-02,Gloucestershire Constabulary,Gloucestershire Constabulary,-2.091957,51.909575,On or near Tewkesbury Road,E01022155,Cheltenham 007D,Shoplifting,Investigation complete; no suspect identified,
24a01f27c3fa38b3bf35ba4e4730fe529ec35f318dd204be53199cc532a52a99,2022-02,Gloucestershire Constabulary,Gloucestershire Constabulary,-2.100673,51.906997,On or near Netherwood Gardens,E01022155,Cheltenham 007D,Vehicle crime,Investigation complete; no suspect identified,
911a7d736e1ea5c55b3cb934da9f92c197ecb234596596428204f448651e0bf2,2022-02,Gloucestershire Constabulary,Gloucestershire Constabulary,-2.091957,51.909575,On or near Tewkesbury Road,E01022155,Cheltenham 007D,Violence and sexual offences,Unable to prosecute suspect,
84e3a009f694dfec69f12af6d484a7b9ced01bd9c448162d5cb8b02f790c6ea7,2022-02,Gloucestershire Constabulary,Gloucestershire Constabulary,-2.091957,51.909575,On or near Tewkesbury Road,E01022155,Cheltenham 007D,Violence and sexual offences,Investigation complete; no suspect identified,
bd534921529c23a515f5a7b08ace6acd534e87afe49df73176620244e3b69d0e,2022-02,Gloucestershire Constabulary,Gloucestershire Constabulary,-2.090633,51.908983,On or near Waterloo Street,E01022155,Cheltenham 007D,Violence and sexual offences,Investigation complete; no suspect identified,
8f5d8269aa5e5cb86e4063d525384b1d6baa1a51f92db1e7841d45dcf605711c,2022-02,Gloucestershire Constabulary,Gloucestershire Constabulary,-2.101692,51.907302,On or near Netherwood Close,E01022155,Cheltenham 007D,Violence and sexual offences,Unable to prosecute suspect,
7ffc383ee3d3a8455d19b66f422cb6fd032722418f08b76daf6c80e9c0518adf,2022-02,Gloucestershire Constabulary,Gloucestershire Constabulary,-2.098444,51.904697,On or near Bryanstone Close,E01022155,Cheltenham 007D,Violence and sexual offences,Unable to prosecute suspect,
dfbeb0cd7c6d6b22ec8a069481efd7fd0218c7c8db41462d717cbabf18a59f5c,2022-02,Gloucestershire Constabulary,Gloucestershire Constabulary,-2.091957,51.909575,On or near Tewkesbury Road,E01022155,Cheltenham 007D,Violence and sexual offences,Investigation complete; no suspect identified,
,2022-02,Gloucestershire Constabulary,Gloucestershire Constabulary,-2.097473,51.899151,On or near Stow Court,E01022156,Cheltenham 007E,Anti-social behaviour,,
,2022-02,Gloucestershire Constabulary,Gloucestershire Constabulary,-2.097473,51.899151,On or near Stow Court,E01022156,Cheltenham 007E,Anti-social behaviour,,
,2022-02,Gloucestershire Constabulary,Gloucestershire Constabulary,-2.091924,51.900684,On or near Malvern Road,E01022156,Cheltenham 007E,Anti-social behaviour,,
01dd4631994a6c6e9853521e47feb65cd1fc28f759b347180515b9d727e74c11,2022-02,Gloucestershire Constabulary,Gloucestershire Constabulary,-2.097473,51.899151,On or near Stow Court,E01022156,Cheltenham 007E,Criminal damage and arson,Unable to prosecute suspect,
c5b367eb3af2d9babe5378ab997e7303b508de4da6755db9b6d80bbffe5e591d,2022-02,Gloucestershire Constabulary,Gloucestershire Constabulary,-2.098850,51.897378,On or near Queen'S Road,E01022156,Cheltenham 007E,Other theft,Investigation complete; no suspect identified,
43db71316a1ee22aa05f2b75a152ac2a12bd3b4a5a645e632565e01c313243f2,2022-02,Gloucestershire Constabulary,Gloucestershire Constabulary,-2.091924,51.900684,On or near Malvern Road,E01022156,Cheltenham 007E,Possession of weapons,Unable to prosecute suspect,
8893ded843f023267e8d0c80b1cb0c631b69a5fa6ff300c56aac33efe831072d,2022-02,Gloucestershire Constabulary,Gloucestershire Constabulary,-2.093193,51.902517,On or near Thornbury Close,E01022156,Cheltenham 007E,Vehicle crime,Investigation complete; no suspect identified,
9ee96ac190d6d3c88b7e48e3b9f15dc860aa35581fc2ce9799c73d1805726a10,2022-02,Gloucestershire Constabulary,Gloucestershire Constabulary,-2.097473,51.899151,On or near Stow Court,E01022156,Cheltenham 007E,Violence and sexual offences,Unable to prosecute suspect,
206378fb3af8a352e2fbf3af44d9d49917bd339fe2fa96f4dbb36fd9858dd98a,2022-02,Gloucestershire Constabulary,Gloucestershire Constabulary,-2.097473,51.899151,On or near Stow Court,E01022156,Cheltenham 007E,Violence and sexual offences,Unable to prosecute suspect,
d38f19b5e0bd9b009200c808c9afc83d3695eb9e0f4840ac16bec7a42fd525ce,2022-02,Gloucestershire Constabulary,Gloucestershire Constabulary,-2.090070,51.903580,On or near Old Millbrook Terrace,E01022156,Cheltenham 007E,Violence and sexual offences,Investigation complete; no suspect identified,
1ff35b0421be866b35cbb9013a8a51d669cbe1c286cb9e8e83a4942941f7c2fe,2022-02,Gloucestershire Constabulary,Gloucestershire Constabulary,-2.097473,51.899151,On or near Stow Court,E01022156,Cheltenham 007E,Other crime,Unable to prosecute suspect,
,2022-02,Gloucestershire Constabulary,Gloucestershire Constabulary,-2.086804,51.906046,On or near Supermarket,E01022158,Cheltenham 007F,Anti-social behaviour,,
,2022-02,Gloucestershire Constabulary,Gloucestershire Constabulary,-2.083195,51.903666,On or near Burton Street,E01022158,Cheltenham 007F,Anti-social behaviour,,
,2022-02,Gloucestershire Constabulary,Gloucestershire Constabulary,-2.081508,51.903281,On or near Devonshire Street,E01022158,Cheltenham 007F,Anti-social behaviour,,
,2022-02,Gloucestershire Constabulary,Gloucestershire Constabulary,-2.081508,51.903281,On or near Devonshire Street,E01022158,Cheltenham 007F,Anti-social behaviour,,
,2022-02,Gloucestershire Constabulary,Gloucestershire Constabulary,-2.089027,51.905451,On or near Lower Mill Street,E01022158,Cheltenham 007F,Anti-social behaviour,,
f9c8e67890e4455b1e1923dba3919250dd78a8cb565523a283defdece1299b68,2022-02,Gloucestershire Constabulary,Gloucestershire Constabulary,-2.082205,51.902651,On or near New Street,E01022158,Cheltenham 007F,Bicycle theft,Investigation complete; no suspect identified,
307f0a3d4e0d6e42598beed90fc75eb8f5faa2431d2874da9f3e24361bf28844,2022-02,Gloucestershire Constabulary,Gloucestershire Constabulary,-2.089094,51.902520,On or near St George'S Drive,E01022158,Cheltenham 007F,Criminal damage and arson,Unable to prosecute suspect,
74286266a115a56d72e3239d66be9026004cb9d599dbc45f29cbfe54c010c579,2022-02,Gloucestershire Constabulary,Gloucestershire Constabulary,-2.086804,51.906046,On or near Supermarket,E01022158,Cheltenham 007F,Criminal damage and arson,Unable to prosecute suspect,
cce795586124d80fb1d7cbd6ba8773bb08e3c841e28ba024bd9907684986f629,2022-02,Gloucestershire Constabulary,Gloucestershire Constabulary,-2.088245,51.906854,On or near Petrol Station,E01022158,Cheltenham 007F,Other theft,Investigation complete; no suspect identified,
4a1c59987a347c348fcf73f2b055cde3bdee271ab0f1e1f7c0e665c3f0be33a7,2022-02,Gloucestershire Constabulary,Gloucestershire Constabulary,-2.083195,51.903666,On or near Burton Street,E01022158,Cheltenham 007F,Public order,Unable to prosecute suspect,
cc057c5997f06e9ab7e2b1f37094890fb5f85f20541430d08eabe82705f4ca39,2022-02,Gloucestershire Constabulary,Gloucestershire Constabulary,-2.083195,51.903666,On or near Burton Street,E01022158,Cheltenham 007F,Public order,Unable to prosecute suspect,
e30dc7d286d031383f46b5a9dce900f50e76f10e46f1f79f6aec00763e55747c,2022-02,Gloucestershire Constabulary,Gloucestershire Constabulary,-2.081710,51.902669,On or near New Street,E01022158,Cheltenham 007F,Public order,Offender given a caution,
b32534da990b8398a8a2aa072295423a113b12e5e9ca99d5a08b2947017dc606,2022-02,Gloucestershire Constabulary,Gloucestershire Constabulary,-2.086804,51.906046,On or near Supermarket,E01022158,Cheltenham 007F,Public order,Unable to prosecute suspect,
db03edb8763577a2856a3cbbaf632cbfd75683f4b8d066e5c94fae6cab452a66,2022-02,Gloucestershire Constabulary,Gloucestershire Constabulary,-2.086804,51.906046,On or near Supermarket,E01022158,Cheltenham 007F,Shoplifting,Unable to prosecute suspect,
c0c4f359e13652f7ac5a7e0f0454d3b8aec2c41732a3932e1cbfbff6498e8a8f,2022-02,Gloucestershire Constabulary,Gloucestershire Constabulary,-2.086804,51.906046,On or near Supermarket,E01022158,Cheltenham 007F,Shoplifting,Investigation complete; no suspect identified,
b3379b5522872bf9d2ebc5d04b58d93a90a5d509c995b270c4727e743bb26cd4,2022-02,Gloucestershire Constabulary,Gloucestershire Constabulary,-2.086804,51.906046,On or near Supermarket,E01022158,Cheltenham 007F,Shoplifting,Unable to prosecute suspect,
7585ded9e956a077a701d99df60c795fd4c936ea5be4eabc7dd3714b6129f8c8,2022-02,Gloucestershire Constabulary,Gloucestershire Constabulary,-2.086804,51.906046,On or near Supermarket,E01022158,Cheltenham 007F,Shoplifting,Court result unavailable,
2245764b09f95f78a928a840800b380108fec820e1500e0efe8f979905e9d465,2022-02,Gloucestershire Constabulary,Gloucestershire Constabulary,-2.089094,51.902520,On or near St George'S Drive,E01022158,Cheltenham 007F,Violence and sexual offences,Unable to prosecute suspect,
91d22c86440e3efb6a5a4e025aa9c2ba5dc644b9c2477313a6c1b7a3051b06e6,2022-02,Gloucestershire Constabulary,Gloucestershire Constabulary,-2.081710,51.902669,On or near New Street,E01022158,Cheltenham 007F,Violence and sexual offences,Offender given a caution,
f9b80b1bdc27e02c8e91843954c88e1d3cf62e63f7b2525e4570e6082413ef9d,2022-02,Gloucestershire Constabulary,Gloucestershire Constabulary,-2.089094,51.902520,On or near St George'S Drive,E01022158,Cheltenham 007F,Violence and sexual offences,Unable to prosecute suspect,
c0235eaa170d6f65ff7286ba34af28b02f7d19f9973999dac058de18dc5acde2,2022-02,Gloucestershire Constabulary,Gloucestershire Constabulary,-2.083195,51.903666,On or near Burton Street,E01022158,Cheltenham 007F,Violence and sexual offences,Unable to prosecute suspect,
,2022-02,Gloucestershire Constabulary,Gloucestershire Constabulary,-2.063131,51.899768,On or near Westdown Gardens,E01022100,Cheltenham 008A,Anti-social behaviour,,
4703705561035e7cf2e6251601e5da0f5fcdfda2d56568fbcced673d70ee5197,2022-02,Gloucestershire Constabulary,Gloucestershire Constabulary,-2.062356,51.896495,On or near Sydenham Road,E01022100,Cheltenham 008A,Burglary,Investigation complete; no suspect identified,
f8a4ad70e9feb000f370bbdc1a5c0c558b857cc360f8bd35c3099df55c0f6ba2,2022-02,Gloucestershire Constabulary,Gloucestershire Constabulary,-2.063131,51.899768,On or near Westdown Gardens,E01022100,Cheltenham 008A,Criminal damage and arson,Unable to prosecute suspect,
821abd0a4d56517fe0e66af7d2a9a120a397cb3f4300eb0c076542ca3d2e383a,2022-02,Gloucestershire Constabulary,Gloucestershire Constabulary,-2.054485,51.900851,On or near B4075,E01022100,Cheltenham 008A,Shoplifting,Unable to prosecute suspect,
55aa146da2123aaca00cefb3a4468170c84752706d1ea1fde565fe516ee952ab,2022-02,Gloucestershire Constabulary,Gloucestershire Constabulary,-2.064801,51.898436,On or near Duke Street,E01022100,Cheltenham 008A,Violence and sexual offences,Unable to prosecute suspect,
cb1b3946b78739f98a88118a2f3c7ff5b00ebea487be76f82eea3c9bf10768bc,2022-02,Gloucestershire Constabulary,Gloucestershire Constabulary,-2.054485,51.900851,On or near B4075,E01022100,Cheltenham 008A,Violence and sexual offences,Unable to prosecute suspect,
5cf86cffed873e98b462893fbd3637d93fb4840178c3515e1b9b197b92e1dc05,2022-02,Gloucestershire Constabulary,Gloucestershire Constabulary,-2.063131,51.899768,On or near Westdown Gardens,E01022100,Cheltenham 008A,Violence and sexual offences,Unable to prosecute suspect,
,2022-02,Gloucestershire Constabulary,Gloucestershire Constabulary,-2.064148,51.899380,On or near Brighton Road,E01022101,Cheltenham 008B,Anti-social behaviour,,
ba33a4b66739f3e3df2c5b59762cb3c02a724a6fd26bdb6f80f10a2c2600dcf7,2022-02,Gloucestershire Constabulary,Gloucestershire Constabulary,-2.064037,51.903058,On or near St Anne'S Close,E01022101,Cheltenham 008B,Burglary,Investigation complete; no suspect identified,
87354f3e7a232df66e0fedb278ffa8f07bfc95723a03541a8c910fa3e073b059,2022-02,Gloucestershire Constabulary,Gloucestershire Constabulary,-2.060284,51.900992,On or near All Saints' Terrace,E01022101,Cheltenham 008B,Criminal damage and arson,Unable to prosecute suspect,
8f2c17c9dfa588600aabc1a29283343a4beb6859dfc656310916c60950e4eee8,2022-02,Gloucestershire Constabulary,Gloucestershire Constabulary,-2.060284,51.900992,On or near All Saints' Terrace,E01022101,Cheltenham 008B,Violence and sexual offences,Unable to prosecute suspect,
2ccf363f55dad5f8eab9632012501567bd539f2f28848791d86d0f211e720e32,2022-02,Gloucestershire Constabulary,Gloucestershire Constabulary,-2.064936,51.901295,On or near All Saints' Road,E01022101,Cheltenham 008B,Violence and sexual offences,Investigation complete; no suspect identified,
,2022-02,Gloucestershire Constabulary,Gloucestershire Constabulary,-2.071124,51.899376,On or near Grosvenor Terrace,E01022102,Cheltenham 008C,Anti-social behaviour,,
,2022-02,Gloucestershire Constabulary,Gloucestershire Constabulary,-2.069217,51.897130,On or near Berkeley Place,E01022102,Cheltenham 008C,Anti-social behaviour,,
,2022-02,Gloucestershire Constabulary,Gloucestershire Constabulary,-2.070004,51.898442,On or near St James Street,E01022102,Cheltenham 008C,Anti-social behaviour,,
,2022-02,Gloucestershire Constabulary,Gloucestershire Constabulary,-2.069217,51.897130,On or near Berkeley Place,E01022102,Cheltenham 008C,Anti-social behaviour,,
,2022-02,Gloucestershire Constabulary,Gloucestershire Constabulary,-2.074658,51.901001,On or near High Street,E01022102,Cheltenham 008C,Anti-social behaviour,,
,2022-02,Gloucestershire Constabulary,Gloucestershire Constabulary,-2.071997,51.899969,On or near Shopping Area,E01022102,Cheltenham 008C,Anti-social behaviour,,
,2022-02,Gloucestershire Constabulary,Gloucestershire Constabulary,-2.066881,51.899765,On or near St Anne'S Terrace,E01022102,Cheltenham 008C,Anti-social behaviour,,
,2022-02,Gloucestershire Constabulary,Gloucestershire Constabulary,-2.073687,51.902387,On or near North Place,E01022102,Cheltenham 008C,Anti-social behaviour,,
f59ee37600a1a41c4196b630d04bde6e288f71ce35f52d610dcbe92277a3d37b,2022-02,Gloucestershire Constabulary,Gloucestershire Constabulary,-2.071187,51.902128,On or near Fairview Road,E01022102,Cheltenham 008C,Burglary,Suspect charged as part of another case,
dc90ef22652a5f026f2a485899ab6d602b29ecc4e7bc686961120c8aedf3fce0,2022-02,Gloucestershire Constabulary,Gloucestershire Constabulary,-2.071777,51.898495,On or near Supermarket,E01022102,Cheltenham 008C,Criminal damage and arson,Court result unavailable,
57159cf65f1af57f34d563da1fd59458874317deb4d27bc628d8c640faaca427,2022-02,Gloucestershire Constabulary,Gloucestershire Constabulary,-2.072392,51.901605,On or near Albion Place,E01022102,Cheltenham 008C,Criminal damage and arson,Formal action is not in the public interest,
b9d46b6153cac1c953e17baafdf872df48fdd9fe36e8c8a0aa11501a530a666d,2022-02,Gloucestershire Constabulary,Gloucestershire Constabulary,-2.070659,51.899386,On or near Supermarket,E01022102,Cheltenham 008C,Criminal damage and arson,Investigation complete; no suspect identified,
2f8b67ba7bc3a524da62ca8a9b9c3063dd5d80ed8d905a5f44a3ee1e550f4dfd,2022-02,Gloucestershire Constabulary,Gloucestershire Constabulary,-2.069629,51.900726,On or near Sherborne Place,E01022102,Cheltenham 008C,Criminal damage and arson,Investigation complete; no suspect identified,
eb3dddfeb8876d1330fc7420e8a3597e64d4adfa7c93b55c95bc92a27b5cebd4,2022-02,Gloucestershire Constabulary,Gloucestershire Constabulary,-2.071777,51.898495,On or near Supermarket,E01022102,Cheltenham 008C,Criminal damage and arson,Investigation complete; no suspect identified,
b91094ca9bdbf2633376d4e18fd42b5d48775f11c953731ab516fa162e5ab574,2022-02,Gloucestershire Constabulary,Gloucestershire Constabulary,-2.070659,51.899386,On or near Supermarket,E01022102,Cheltenham 008C,Criminal damage and arson,Investigation complete; no suspect identified,
467a383d65539ed21512c62ecaaa8d7279994f0fadd516115de9ed0cd2d5b5a5,2022-02,Gloucestershire Constabulary,Gloucestershire Constabulary,-2.070761,51.899251,On or near Parking Area,E01022102,Cheltenham 008C,Criminal damage and arson,Investigation complete; no suspect identified,
b718fcf11f3439108f9737d582dacd5027c3bfb8e56a9c8e6e4cb97e2b91b5a5,2022-02,Gloucestershire Constabulary,Gloucestershire Constabulary,-2.074658,51.901001,On or near High Street,E01022102,Cheltenham 008C,Criminal damage and arson,Investigation complete; no suspect identified,
75bb767edaa51393ccf78078ff0c66611bc38d43e105830524ff855817246829,2022-02,Gloucestershire Constabulary,Gloucestershire Constabulary,-2.070371,51.901157,On or near Gloucester Place,E01022102,Cheltenham 008C,Criminal damage and arson,Investigation complete; no suspect identified,
8d2919ec476c7379c8dc8d24c3d837c77e73bfbd5b1baedb07c3ab04107d95ba,2022-02,Gloucestershire Constabulary,Gloucestershire Constabulary,-2.070659,51.899386,On or near Supermarket,E01022102,Cheltenham 008C,Criminal damage and arson,Investigation complete; no suspect identified,
4b2c1e51ec9b223bf9371260d197eab523c02de26a0fd963cd58f1aa0eff24ac,2022-02,Gloucestershire Constabulary,Gloucestershire Constabulary,-2.071997,51.899969,On or near Shopping Area,E01022102,Cheltenham 008C,Criminal damage and arson,Court result unavailable,
77e98becd3fdbdaa26d7685bb9da504d73aefdaa9e351cf7587b971a577020cd,2022-02,Gloucestershire Constabulary,Gloucestershire Constabulary,-2.072696,51.900562,On or near Winchcombe Street,E01022102,Cheltenham 008C,Criminal damage and arson,Court result unavailable,
4d7b5fccc34b215fbb832ef3e28b506e2c1c752178b22dd074ff31f32434d9b5,2022-02,Gloucestershire Constabulary,Gloucestershire Constabulary,-2.071187,51.902128,On or near Fairview Road,E01022102,Cheltenham 008C,Criminal damage and arson,Investigation complete; no suspect identified,
d974f402919bf5a00d886d1bf7142630e00593ea94d28d95c452e08f9957e124,2022-02,Gloucestershire Constabulary,Gloucestershire Constabulary,-2.072392,51.901605,On or near Albion Place,E01022102,Cheltenham 008C,Drugs,Court result unavailable,
a24cc95e0ef2e81a82de825695803c5a8fda92495449093d9a43d740511bd246,2022-02,Gloucestershire Constabulary,Gloucestershire Constabulary,-2.070371,51.901157,On or near Gloucester Place,E01022102,Cheltenham 008C,Other theft,Formal action is not in the public interest,
639466bff15dde46282f6bfa3b00fa54f9b019ab7cc3c5b2d95fa5f56e7bfc0e,2022-02,Gloucestershire Constabulary,Gloucestershire Constabulary,-2.070382,51.898693,On or near Grosvenor Street,E01022102,Cheltenham 008C,Other theft,Unable to prosecute suspect,
bf35067ec0072139208986bcf3a6ac3c13377ef2a88d2f4a27467ced7b02c2c2,2022-02,Gloucestershire Constabulary,Gloucestershire Constabulary,-2.071777,51.898495,On or near Supermarket,E01022102,Cheltenham 008C,Other theft,Unable to prosecute suspect,
4df98a61a362ec682c1fe75417bd974d896db7e44492771bb644c9e62683833e,2022-02,Gloucestershire Constabulary,Gloucestershire Constabulary,-2.071777,51.898495,On or near Supermarket,E01022102,Cheltenham 008C,Possession of weapons,Court result unavailable,
eee8afc2556af19b6045d0af529cb4408e06d63fe234214b4d35cfd184f0c29b,2022-02,Gloucestershire Constabulary,Gloucestershire Constabulary,-2.071997,51.899969,On or near Shopping Area,E01022102,Cheltenham 008C,Public order,Court result unavailable,
2eabe67630a4b4e4a7494f0c752bcceeb64d3702e21ab897a45e2b191ddb69f9,2022-02,Gloucestershire Constabulary,Gloucestershire Constabulary,-2.071997,51.899969,On or near Shopping Area,E01022102,Cheltenham 008C,Public order,Court result unavailable,
2b144f312c3740389a17058aad2787d83477a506db3ee303121a0155651b4b91,2022-02,Gloucestershire Constabulary,Gloucestershire Constabulary,-2.071777,51.898495,On or near Supermarket,E01022102,Cheltenham 008C,Public order,Formal action is not in the public interest,
f13878385400b5f556342ff56db63c62f7323fecfb60af8766c72a041c830d05,2022-02,Gloucestershire Constabulary,Gloucestershire Constabulary,-2.074658,51.901001,On or near High Street,E01022102,Cheltenham 008C,Public order,Investigation complete; no suspect identified,
b4ecb1cb51dd69c8bc5943310e90eab580929ec3b8fd2e6c2f5c3a8787440c9b,2022-02,Gloucestershire Constabulary,Gloucestershire Constabulary,-2.067386,51.897410,On or near Sidney Street,E01022102,Cheltenham 008C,Public order,Unable to prosecute suspect,
7d6b5349356de1f9dd9b8e7becb3a9c4285dbe5193f385f3a625709321a02de1,2022-02,Gloucestershire Constabulary,Gloucestershire Constabulary,-2.071777,51.898495,On or near Supermarket,E01022102,Cheltenham 008C,Public order,Unable to prosecute suspect,
ffaa8d91bbd2504de56ec50712ce75a38b9a9aae2ea9f7dcc04544f24143a8f3,2022-02,Gloucestershire Constabulary,Gloucestershire Constabulary,-2.071997,51.899969,On or near Shopping Area,E01022102,Cheltenham 008C,Public order,Unable to prosecute suspect,
11a7f10fb105d109b0a1bb9fc2f16641c978529b376ef3c89e2df85f0eeea61d,2022-02,Gloucestershire Constabulary,Gloucestershire Constabulary,-2.070677,51.901813,On or near Fishers Lane,E01022102,Cheltenham 008C,Robbery,Investigation complete; no suspect identified,
522d6eb2dcabd5b77126aa756da227a86d0669ca9b87e16743c6a4f9ce786e79,2022-02,Gloucestershire Constabulary,Gloucestershire Constabulary,-2.071997,51.899969,On or near Shopping Area,E01022102,Cheltenham 008C,Shoplifting,Investigation complete; no suspect identified,
19d48b33ac76b68ab043b26be832e6402aedba10b3aa3a522ffc1ef6e9b8f945,2022-02,Gloucestershire Constabulary,Gloucestershire Constabulary,-2.074658,51.901001,On or near High Street,E01022102,Cheltenham 008C,Shoplifting,Investigation complete; no suspect identified,
4a36bee983a664c50ecf6e2855662ca4487ced28025aea8c084cb319d8db713c,2022-02,Gloucestershire Constabulary,Gloucestershire Constabulary,-2.074658,51.901001,On or near High Street,E01022102,Cheltenham 008C,Shoplifting,Unable to prosecute suspect,
13cab71c737288e994cb2121aacc8a35899d4d68876ac5695a0acff38cf25fec,2022-02,Gloucestershire Constabulary,Gloucestershire Constabulary,-2.074658,51.901001,On or near High Street,E01022102,Cheltenham 008C,Shoplifting,Unable to prosecute suspect,
1e433e98bb92b4cdf7d929f1314fbd5ba18955a66f5d6e41e9bab1f7a7536e5f,2022-02,Gloucestershire Constabulary,Gloucestershire Constabulary,-2.074658,51.901001,On or near High Street,E01022102,Cheltenham 008C,Shoplifting,Investigation complete; no suspect identified,
16c80126aaf099d27f38d3804a19908421ced6da5393628c826f7f57b8dc1734,2022-02,Gloucestershire Constabulary,Gloucestershire Constabulary,-2.071997,51.899969,On or near Shopping Area,E01022102,Cheltenham 008C,Shoplifting,Court result unavailable,
1381348ed268f1216b04f98758d020ffc9304ec5008fc6fa06884dd19cd1dc83,2022-02,Gloucestershire Constabulary,Gloucestershire Constabulary,-2.071997,51.899969,On or near Shopping Area,E01022102,Cheltenham 008C,Shoplifting,Court result unavailable,
f11b805e4c23bef9bcd3189a27a7c30cf157bf8ca9363837c9740f2dcc5ff414,2022-02,Gloucestershire Constabulary,Gloucestershire Constabulary,-2.069456,51.901715,On or near Sherborne Street,E01022102,Cheltenham 008C,Shoplifting,Investigation complete; no suspect identified,
7a654bad1a3056dc8a8886f5f19fc87936ddcad8e40e5e50869d4b9117b6eaa4,2022-02,Gloucestershire Constabulary,Gloucestershire Constabulary,-2.071997,51.899969,On or near Shopping Area,E01022102,Cheltenham 008C,Shoplifting,Unable to prosecute suspect,
11869d648f3beb75ae0173219407a7b195827fd401b7853634b94138305054c0,2022-02,Gloucestershire Constabulary,Gloucestershire Constabulary,-2.073962,51.901514,On or near Albion Walk,E01022102,Cheltenham 008C,Shoplifting,Investigation complete; no suspect identified,
0cc1ae6dddc007131dc385ae1950f2422e4e98936e79a0c65ddbe5a16da8edd5,2022-02,Gloucestershire Constabulary,Gloucestershire Constabulary,-2.071997,51.899969,On or near Shopping Area,E01022102,Cheltenham 008C,Shoplifting,Investigation complete; no suspect identified,
38126f026f7151a8049f910f8cd1b8476656e7096e2161c8aa2432514a7ae56a,2022-02,Gloucestershire Constabulary,Gloucestershire Constabulary,-2.074658,51.901001,On or near High Street,E01022102,Cheltenham 008C,Shoplifting,Unable to prosecute suspect,
feab6f60ec0875ca59ec1fd6d1d08d36e2625a421fbf099462d208204605c0d8,2022-02,Gloucestershire Constabulary,Gloucestershire Constabulary,-2.073582,51.900643,On or near Shopping Area,E01022102,Cheltenham 008C,Shoplifting,Unable to prosecute suspect,
4f195c94bd9fafcd54a1fd24a77291c61d3be24a333f9fafd5894ff9bbef148a,2022-02,Gloucestershire Constabulary,Gloucestershire Constabulary,-2.071997,51.899969,On or near Shopping Area,E01022102,Cheltenham 008C,Shoplifting,Formal action is not in the public interest,
f7b777252c320f7fba6b9b715178ff99c62d7323e9a4e137525dc8316104dcbd,2022-02,Gloucestershire Constabulary,Gloucestershire Constabulary,-2.074658,51.901001,On or near High Street,E01022102,Cheltenham 008C,Shoplifting,Investigation complete; no suspect identified,
0e2d75b26e44a7871301ea7f0871fae9fe2dffe898d4ef28008e0bb6470eb199,2022-02,Gloucestershire Constabulary,Gloucestershire Constabulary,-2.071997,51.899969,On or near Shopping Area,E01022102,Cheltenham 008C,Shoplifting,Formal action is not in the public interest,
2ee7eed7806a8683b768777cfc4c9fd18e1de464eff2889852ffa48524d378b2,2022-02,Gloucestershire Constabulary,Gloucestershire Constabulary,-2.071997,51.899969,On or near Shopping Area,E01022102,Cheltenham 008C,Shoplifting,Court result unavailable,
116e6438722104a89d398700f8330b6a4353683015a8960d6cdbfaa234ec977e,2022-02,Gloucestershire Constabulary,Gloucestershire Constabulary,-2.074658,51.901001,On or near High Street,E01022102,Cheltenham 008C,Shoplifting,Unable to prosecute suspect,
08eaed11c308754ce355f81eb98cd1489f034422578d8cd795698de4c0cfa599,2022-02,Gloucestershire Constabulary,Gloucestershire Constabulary,-2.071997,51.899969,On or near Shopping Area,E01022102,Cheltenham 008C,Violence and sexual offences,Court result unavailable,
dffbfa5a011b5ed78dfb33e717889cbcad11393bd36f8536ec3fa6daa0fa8a49,2022-02,Gloucestershire Constabulary,Gloucestershire Constabulary,-2.073687,51.902387,On or near North Place,E01022102,Cheltenham 008C,Violence and sexual offences,Court result unavailable,
41ef2f7da1b952b72249b1e7d1b8a98bf7354c24925dec29f734cd801509f8e8,2022-02,Gloucestershire Constabulary,Gloucestershire Constabulary,-2.073801,51.901182,On or near Pittville Street,E01022102,Cheltenham 008C,Violence and sexual offences,Unable to prosecute suspect,
cc710ea180fa2a7af3bcdb9b8b8e7449ec58e67ac67fa9a75d60303ff1fd5e81,2022-02,Gloucestershire Constabulary,Gloucestershire Constabulary,-2.073687,51.902387,On or near North Place,E01022102,Cheltenham 008C,Violence and sexual offences,Court result unavailable,
5721174d84e0c0ed866f696145dfab8dbcab54d61e86b4ebeec9d9b1d83660df,2022-02,Gloucestershire Constabulary,Gloucestershire Constabulary,-2.066881,51.899765,On or near St Anne'S Terrace,E01022102,Cheltenham 008C,Violence and sexual offences,Unable to prosecute suspect,
e8bc181f728ca10e62ad97739cf829f30ef23d9c8e4167917824092c29a88f8f,2022-02,Gloucestershire Constabulary,Gloucestershire Constabulary,-2.066881,51.899765,On or near St Anne'S Terrace,E01022102,Cheltenham 008C,Violence and sexual offences,Unable to prosecute suspect,
138eac69d92f5f0cbf6eb013bf9745b9d5e53ba16372ab2794b7350c605dc2a6,2022-02,Gloucestershire Constabulary,Gloucestershire Constabulary,-2.074658,51.901001,On or near High Street,E01022102,Cheltenham 008C,Violence and sexual offences,Unable to prosecute suspect,
e7e4088e06a1a3add3bf2cb3674edbb6545022c7bc7eb92785f8b5ed7b73093e,2022-02,Gloucestershire Constabulary,Gloucestershire Constabulary,-2.069629,51.900726,On or near Sherborne Place,E01022102,Cheltenham 008C,Violence and sexual offences,Investigation complete; no suspect identified,
ea4ff42085d1646c8927be3f75ffd7c7495dd78d7630a82a6e9ef6f8bbc7e322,2022-02,Gloucestershire Constabulary,Gloucestershire Constabulary,-2.073582,51.900643,On or near Shopping Area,E01022102,Cheltenham 008C,Violence and sexual offences,Investigation complete; no suspect identified,
b5e5a98d21c08e14f54d602439a00a451aa9c51ffe956f3e149ccb20d745dec8,2022-02,Gloucestershire Constabulary,Gloucestershire Constabulary,-2.070677,51.901813,On or near Fishers Lane,E01022102,Cheltenham 008C,Violence and sexual offences,Unable to prosecute suspect,
3309bc5637b5c1909dae963417532f6f380d8e21215af0eef4912c143976207e,2022-02,Gloucestershire Constabulary,Gloucestershire Constabulary,-2.073032,51.902027,On or near Portland Street,E01022102,Cheltenham 008C,Violence and sexual offences,Unable to prosecute suspect,
8826c642634b48bbe52e698eaf7712d3a19a3ed98d13b2c11d34b0bce7bf64dc,2022-02,Gloucestershire Constabulary,Gloucestershire Constabulary,-2.073801,51.901182,On or near Pittville Street,E01022102,Cheltenham 008C,Violence and sexual offences,Unable to prosecute suspect,
ca9c2ce85465ea662abbe62646ca4691ead5b829e9e12d646abc32b0d2ae1e3c,2022-02,Gloucestershire Constabulary,Gloucestershire Constabulary,-2.069217,51.897130,On or near Berkeley Place,E01022102,Cheltenham 008C,Other crime,Unable to prosecute suspect,
,2022-02,Gloucestershire Constabulary,Gloucestershire Constabulary,-2.060152,51.910945,On or near Cleevemount Road,E01022140,Cheltenham 008D,Anti-social behaviour,,
3a3f9fbbbc6d1659771b9b83073782c468b3b7a29670c60b36c7f9833df3f1d9,2022-02,Gloucestershire Constabulary,Gloucestershire Constabulary,-2.058116,51.910146,On or near Welland Drive,E01022140,Cheltenham 008D,Burglary,Investigation complete; no suspect identified,
f20ff75a79366c4fb2646f82955f11f972be87566eba66e008664301b6b17fa1,2022-02,Gloucestershire Constabulary,Gloucestershire Constabulary,-2.067997,51.907506,On or near Central Cross Drive,E01022140,Cheltenham 008D,Other theft,Investigation complete; no suspect identified,
73512aee5c8f6b16dc537b01059aa5a75f2a3d446d5b05f4a3bc4f6a1e6a5583,2022-02,Gloucestershire Constabulary,Gloucestershire Constabulary,-2.062763,51.906942,On or near Petrol Station,E01022140,Cheltenham 008D,Shoplifting,Court result unavailable,
fbeca5e625a7b61d685d358817a7adb00e9b7e1e76217616843dbd163ff94a2a,2022-02,Gloucestershire Constabulary,Gloucestershire Constabulary,-2.062763,51.906942,On or near Petrol Station,E01022140,Cheltenham 008D,Violence and sexual offences,Unable to prosecute suspect,
d8e0c559b531d70a73aa99f0dce687129c1528ac65c70b137e0af9b026a833a4,2022-02,Gloucestershire Constabulary,Gloucestershire Constabulary,-2.065645,51.909584,On or near Albert Road,E01022140,Cheltenham 008D,Violence and sexual offences,Unable to prosecute suspect,
adbbe70862b02d34adf056918b5e47cb5067f4ceb79454ce8d34e975ab55d7c2,2022-02,Gloucestershire Constabulary,Gloucestershire Constabulary,-2.062763,51.906942,On or near Petrol Station,E01022140,Cheltenham 008D,Violence and sexual offences,Unable to prosecute suspect,
99428322ccb1b9d85cdc81565c0415dd645cce56a1b1b519e035cc35dd6ac355,2022-02,Gloucestershire Constabulary,Gloucestershire Constabulary,-2.056895,51.910578,On or near Welland Court,E01022140,Cheltenham 008D,Violence and sexual offences,Unable to prosecute suspect,
,2022-02,Gloucestershire Constabulary,Gloucestershire Constabulary,-2.069346,51.905581,On or near Wellington Road,E01022141,Cheltenham 008E,Anti-social behaviour,,
,2022-02,Gloucestershire Constabulary,Gloucestershire Constabulary,-2.072341,51.906272,On or near Wellington Square,E01022141,Cheltenham 008E,Anti-social behaviour,,
,2022-02,Gloucestershire Constabulary,Gloucestershire Constabulary,-2.071606,51.909787,On or near Park/Open Space,E01022141,Cheltenham 008E,Anti-social behaviour,,
f0713a52bc5312bee5959f6f097d91fd7788c91379fcbea0d598828aab8ee303,2022-02,Gloucestershire Constabulary,Gloucestershire Constabulary,-2.071583,51.904411,On or near Clarence Road,E01022141,Cheltenham 008E,Burglary,Investigation complete; no suspect identified,
c7f3424023501677a1cba19e991add8210156470aa2c8df374a5544b1bc485b7,2022-02,Gloucestershire Constabulary,Gloucestershire Constabulary,-2.070455,51.908350,On or near West Drive,E01022141,Cheltenham 008E,Criminal damage and arson,Unable to prosecute suspect,
6887f755c475c7012e8979722d632ee2618750806dbc6871e41402356b1a485a,2022-02,Gloucestershire Constabulary,Gloucestershire Constabulary,-2.071606,51.909787,On or near Park/Open Space,E01022141,Cheltenham 008E,Criminal damage and arson,Investigation complete; no suspect identified,
801baf91e7d448387fcae6fe83d6858ae7c6cc3223328dcf17c7a1f393c243f4,2022-02,Gloucestershire Constabulary,Gloucestershire Constabulary,-2.071583,51.904411,On or near Clarence Road,E01022141,Cheltenham 008E,Public order,Investigation complete; no suspect identified,
6c988d22088415c87364eb8cc1e0e376c3b837ea1802e9f6c63754e4064423bc,2022-02,Gloucestershire Constabulary,Gloucestershire Constabulary,-2.072341,51.906272,On or near Wellington Square,E01022141,Cheltenham 008E,Vehicle crime,Investigation complete; no suspect identified,
bdaeb6b0b1b0dc02027834d633d7cacfcba050b80c29478d0f10a9ea3d378270,2022-02,Gloucestershire Constabulary,Gloucestershire Constabulary,-2.070057,51.904655,On or near Pittville Mews,E01022141,Cheltenham 008E,Vehicle crime,Investigation complete; no suspect identified,
a7a2d9d420815f89a13bd8d4bf0ae03362d3613b59793e2c0706d132440b5b2f,2022-02,Gloucestershire Constabulary,Gloucestershire Constabulary,-2.070455,51.908350,On or near West Drive,E01022141,Cheltenham 008E,Violence and sexual offences,Unable to prosecute suspect,
77a56620b56b810af6c4fb9d4e388a37973cb5c22f7a76e99b18346eda1c9819,2022-02,Gloucestershire Constabulary,Gloucestershire Constabulary,-2.065682,51.904567,On or near Pittville Circus,E01022141,Cheltenham 008E,Violence and sexual offences,Unable to prosecute suspect,
d538062737c98a9bf7672bd32107958e20817cdccb959f19ec25eb4337c57ba1,2022-02,Gloucestershire Constabulary,Gloucestershire Constabulary,-2.068355,51.904008,On or near Portland Place,E01022142,Cheltenham 008F,Burglary,Court result unavailable,
0f5e54af8943cea2bd153b4c32ec7681c01d1be0a63f0acb5c23cb0d75967ff5,2022-02,Gloucestershire Constabulary,Gloucestershire Constabulary,-2.068355,51.904008,On or near Portland Place,E01022142,Cheltenham 008F,Burglary,Suspect charged as part of another case,
2697ccac1d6836a6cbd40dd67fdbb2e46bf2ab708baa8012a8aa5fd22fea34a3,2022-02,Gloucestershire Constabulary,Gloucestershire Constabulary,-2.070462,51.903602,On or near Winchcombe Street,E01022142,Cheltenham 008F,Burglary,Suspect charged as part of another case,
a13649cb2e6def4a8452e27b58cb771dc58c9c7d819b8eb9933805bb00f72581,2022-02,Gloucestershire Constabulary,Gloucestershire Constabulary,-2.070462,51.903602,On or near Winchcombe Street,E01022142,Cheltenham 008F,Public order,Unable to prosecute suspect,
cb8242fc7709e6ccf64e71319952eb794799361c1729326cebf5753075865aab,2022-02,Gloucestershire Constabulary,Gloucestershire Constabulary,-2.070636,51.903045,On or near Winchcombe Street,E01022142,Cheltenham 008F,Vehicle crime,Unable to prosecute suspect,
06238d1143b824d0d9fa471ac37e48a388be2619370ece672fd7f0d814aec99b,2022-02,Gloucestershire Constabulary,Gloucestershire Constabulary,-2.066739,51.901968,On or near Fairview Street,E01022142,Cheltenham 008F,Violence and sexual offences,Unable to prosecute suspect,
33e853eb23c8d9be0f96c05f47702dfda5973cd2e18fc2b08cb3fe54fbe7cfc6,2022-02,Gloucestershire Constabulary,Gloucestershire Constabulary,-2.070257,51.902326,On or near Sheldons Court,E01022142,Cheltenham 008F,Violence and sexual offences,Action to be taken by another organisation,
,2022-02,Gloucestershire Constabulary,Gloucestershire Constabulary,-2.073024,51.896912,On or near Parking Area,E01022116,Cheltenham 009A,Anti-social behaviour,,
,2022-02,Gloucestershire Constabulary,Gloucestershire Constabulary,-2.072037,51.897479,On or near Nightclub,E01022116,Cheltenham 009A,Anti-social behaviour,,
,2022-02,Gloucestershire Constabulary,Gloucestershire Constabulary,-2.073878,51.894583,On or near Olio Lane,E01022116,Cheltenham 009A,Anti-social behaviour,,
,2022-02,Gloucestershire Constabulary,Gloucestershire Constabulary,-2.072750,51.898269,On or near Bath Street,E01022116,Cheltenham 009A,Anti-social behaviour,,
,2022-02,Gloucestershire Constabulary,Gloucestershire Constabulary,-2.076229,51.893098,On or near Bath Road,E01022116,Cheltenham 009A,Anti-social behaviour,,
d0def62b3b1a5deb65583dfccd6a32a7edb508add6b55975f6dd7590bdb6c3e3,2022-02,Gloucestershire Constabulary,Gloucestershire Constabulary,-2.072750,51.898269,On or near Bath Street,E01022116,Cheltenham 009A,Burglary,Investigation complete; no suspect identified,
de2aafcea505c3b8e72ed8134c2626e2a2187947d2c0d88ba83cacb3c907d647,2022-02,Gloucestershire Constabulary,Gloucestershire Constabulary,-2.072352,51.894709,On or near College Road,E01022116,Cheltenham 009A,Burglary,Unable to prosecute suspect,
a96d20613ce513ae8b648e8455057c3dec9531eb78feb81b4565c3bf7af52be2,2022-02,Gloucestershire Constabulary,Gloucestershire Constabulary,-2.072352,51.894709,On or near College Road,E01022116,Cheltenham 009A,Criminal damage and arson,Investigation complete; no suspect identified,
52d96f619823e105e186ba35099d569dd09e48d31147a520df22c61c2b62bc79,2022-02,Gloucestershire Constabulary,Gloucestershire Constabulary,-2.073602,51.894978,On or near St Luke'S Road,E01022116,Cheltenham 009A,Drugs,Unable to prosecute suspect,
285b3793917045749493252ff9520fc25b59883f3289e2d2d56326dd9806674f,2022-02,Gloucestershire Constabulary,Gloucestershire Constabulary,-2.070903,51.897327,On or near Barratt'S Mill Lane,E01022116,Cheltenham 009A,Other theft,Investigation complete; no suspect identified,
4be5781f84ffe84ec9d7a7e0f49b08701af2e6251a4e549600199994e480b655,2022-02,Gloucestershire Constabulary,Gloucestershire Constabulary,-2.072750,51.898269,On or near Bath Street,E01022116,Cheltenham 009A,Public order,Court result unavailable,
7c84f8246708923d02459d63b1d18ae6bbfd0895f1876771e40362679bc86740,2022-02,Gloucestershire Constabulary,Gloucestershire Constabulary,-2.073878,51.894583,On or near Olio Lane,E01022116,Cheltenham 009A,Public order,Investigation complete; no suspect identified,
180aae0d4bf9217ff8d7fba77851e21f89cb57c36232d426ec9450319c2d05f0,2022-02,Gloucestershire Constabulary,Gloucestershire Constabulary,-2.071415,51.890421,On or near College Lawn,E01022116,Cheltenham 009A,Vehicle crime,Unable to prosecute suspect,
aabcfa78c0037c176fc4cb9f92fa968a65895905780afd00ab0ae93594d365f6,2022-02,Gloucestershire Constabulary,Gloucestershire Constabulary,-2.071415,51.890421,On or near College Lawn,E01022116,Cheltenham 009A,Vehicle crime,Unable to prosecute suspect,
812f5a224b65ae55e535bc5301dd73a80a611fae34f72a6f1413ebc99dbaf66b,2022-02,Gloucestershire Constabulary,Gloucestershire Constabulary,-2.072750,51.898269,On or near Bath Street,E01022116,Cheltenham 009A,Violence and sexual offences,Unable to prosecute suspect,
fd7cf2cfe4ca478d23fb5750a3aa2a1f75117b88ce0504ba7a90003375918338,2022-02,Gloucestershire Constabulary,Gloucestershire Constabulary,-2.069986,51.896761,On or near Nightclub,E01022116,Cheltenham 009A,Violence and sexual offences,Investigation complete; no suspect identified,
76a4f7404353c6c25e85786e1afec68d93c709f9cc3ebf95c567e1185fb26b24,2022-02,Gloucestershire Constabulary,Gloucestershire Constabulary,-2.073546,51.896111,On or near Sandford Street,E01022116,Cheltenham 009A,Violence and sexual offences,Unable to prosecute suspect,
dbae5b7ea4f448cc706c462d35793d6288c29aa854bd410ff793fd9ddf166673,2022-02,Gloucestershire Constabulary,Gloucestershire Constabulary,-2.070903,51.897327,On or near Barratt'S Mill Lane,E01022116,Cheltenham 009A,Violence and sexual offences,Unable to prosecute suspect,
,2022-02,Gloucestershire Constabulary,Gloucestershire Constabulary,-2.076539,51.895804,On or near Vittoria Walk,E01022117,Cheltenham 009B,Anti-social behaviour,,
,2022-02,Gloucestershire Constabulary,Gloucestershire Constabulary,-2.073567,51.900076,On or near Shopping Area,E01022117,Cheltenham 009B,Anti-social behaviour,,
,2022-02,Gloucestershire Constabulary,Gloucestershire Constabulary,-2.073567,51.900076,On or near Shopping Area,E01022117,Cheltenham 009B,Anti-social behaviour,,
,2022-02,Gloucestershire Constabulary,Gloucestershire Constabulary,-2.077547,51.898797,On or near Promenade,E01022117,Cheltenham 009B,Anti-social behaviour,,
,2022-02,Gloucestershire Constabulary,Gloucestershire Constabulary,-2.076539,51.895804,On or near Vittoria Walk,E01022117,Cheltenham 009B,Anti-social behaviour,,
,2022-02,Gloucestershire Constabulary,Gloucestershire Constabulary,-2.074641,51.899464,On or near Shopping Area,E01022117,Cheltenham 009B,Anti-social behaviour,,
,2022-02,Gloucestershire Constabulary,Gloucestershire Constabulary,-2.077153,51.897826,On or near Imperial Lane,E01022117,Cheltenham 009B,Anti-social behaviour,,
,2022-02,Gloucestershire Constabulary,Gloucestershire Constabulary,-2.077547,51.898797,On or near Promenade,E01022117,Cheltenham 009B,Anti-social behaviour,,
,2022-02,Gloucestershire Constabulary,Gloucestershire Constabulary,-2.079572,51.893257,On or near Back Montpellier Terrace,E01022117,Cheltenham 009B,Anti-social behaviour,,
56f056c48b7a35e91957f7f1e8b432c094dc2e51c106d1ea9f80a1a77af749df,2022-02,Gloucestershire Constabulary,Gloucestershire Constabulary,-2.076399,51.899076,On or near Ormond Place,E01022117,Cheltenham 009B,Bicycle theft,Investigation complete; no suspect identified,
d4fe007b4a3d8636dab95b31f1e7a7fb17d0709d3865136009bc360d1fb29b82,2022-02,Gloucestershire Constabulary,Gloucestershire Constabulary,-2.079572,51.893257,On or near Back Montpellier Terrace,E01022117,Cheltenham 009B,Drugs,Status update unavailable,
2b1490f883b3457b181d5e7c9d8768d522f611570195f5e1ae9886075968ed7d,2022-02,Gloucestershire Constabulary,Gloucestershire Constabulary,-2.079572,51.893257,On or near Back Montpellier Terrace,E01022117,Cheltenham 009B,Drugs,Unable to prosecute suspect,
1cdb2088e90461d1cc0ced34984c7b4a371e3ab6e577a56c7dab177b3e998768,2022-02,Gloucestershire Constabulary,Gloucestershire Constabulary,-2.074641,51.899464,On or near Shopping Area,E01022117,Cheltenham 009B,Drugs,Court result unavailable,
80107978cb3301c5952eb51ef756c3ff4d1978514ef6a13d3e057df6215ab1b7,2022-02,Gloucestershire Constabulary,Gloucestershire Constabulary,-2.077153,51.897826,On or near Imperial Lane,E01022117,Cheltenham 009B,Other theft,Investigation complete; no suspect identified,
174d90ac6c61197e0549fa76c580f66759e230d966e779b02a795c5a0dd72858,2022-02,Gloucestershire Constabulary,Gloucestershire Constabulary,-2.077153,51.897826,On or near Imperial Lane,E01022117,Cheltenham 009B,Possession of weapons,Investigation complete; no suspect identified,
ae1d09d2147e1d62e92b2a731671d9a5199bad54d4c6d58068e0562b89de7b36,2022-02,Gloucestershire Constabulary,Gloucestershire Constabulary,-2.077547,51.898797,On or near Promenade,E01022117,Cheltenham 009B,Public order,Unable to prosecute suspect,
6aa603f78de15789571a713b2dcdca96246e98ffbb8216fadc89d4e6042be707,2022-02,Gloucestershire Constabulary,Gloucestershire Constabulary,-2.073840,51.898449,On or near Cambray Place,E01022117,Cheltenham 009B,Public order,Investigation complete; no suspect identified,
8f85686bd57adcfe8a673343e59c9d7ff35c47e84069b49b4a6652dadaf701a8,2022-02,Gloucestershire Constabulary,Gloucestershire Constabulary,-2.073233,51.900022,On or near High Street,E01022117,Cheltenham 009B,Public order,Investigation complete; no suspect identified,
8f121a1e78aff2e21cefa661d46d1471c7577a566d3a873b40cf7efab3189c54,2022-02,Gloucestershire Constabulary,Gloucestershire Constabulary,-2.074641,51.899464,On or near Shopping Area,E01022117,Cheltenham 009B,Public order,Investigation complete; no suspect identified,
2989866f06f52952e5d1dd662a13fc7cc06bfa554f9cb4add108b655b83c162c,2022-02,Gloucestershire Constabulary,Gloucestershire Constabulary,-2.074641,51.899464,On or near Shopping Area,E01022117,Cheltenham 009B,Public order,Court result unavailable,
52200433c40597bc5433cade258f94c0d82ff4d2dc36a82552713fedf94bcbc4,2022-02,Gloucestershire Constabulary,Gloucestershire Constabulary,-2.073233,51.900022,On or near High Street,E01022117,Cheltenham 009B,Public order,Court result unavailable,
a9fadc1ccf92146783ce4e9a9ad9590a65ca7beb8222405f2f31384e60c37b0c,2022-02,Gloucestershire Constabulary,Gloucestershire Constabulary,-2.077705,51.897934,On or near Nightclub,E01022117,Cheltenham 009B,Public order,Investigation complete; no suspect identified,
b99ff8892644b08d664766cce012e353c782999a08d0a9634434ab953a61e881,2022-02,Gloucestershire Constabulary,Gloucestershire Constabulary,-2.074641,51.899464,On or near Shopping Area,E01022117,Cheltenham 009B,Public order,Unable to prosecute suspect,
2f68742d08680cc8d15ea0c77f6ac81ac3d835407b6e3654d7a08d3d582c059f,2022-02,Gloucestershire Constabulary,Gloucestershire Constabulary,-2.073233,51.900022,On or near High Street,E01022117,Cheltenham 009B,Public order,Investigation complete; no suspect identified,
bcfa893a8fad4f3a54c9775064f716d1b45240f2ba3ad06573b3f5be6ff279a1,2022-02,Gloucestershire Constabulary,Gloucestershire Constabulary,-2.074686,51.899941,On or near Nightclub,E01022117,Cheltenham 009B,Shoplifting,Local resolution,
d4e0df8514a19df369267dc9f889d42f2769fe54605e780c3f6a0474defa864e,2022-02,Gloucestershire Constabulary,Gloucestershire Constabulary,-2.073233,51.900022,On or near High Street,E01022117,Cheltenham 009B,Violence and sexual offences,Court result unavailable,
43630132878b57ad2c1ade708651d17e3b83fc647103f519eee0ad5ff5f6f2e8,2022-02,Gloucestershire Constabulary,Gloucestershire Constabulary,-2.079572,51.893257,On or near Back Montpellier Terrace,E01022117,Cheltenham 009B,Violence and sexual offences,Unable to prosecute suspect,
7d5582ce374d6d9b6542616962f2b51842ad8cd75769990b08326b5ae8ae0f7f,2022-02,Gloucestershire Constabulary,Gloucestershire Constabulary,-2.077153,51.897826,On or near Imperial Lane,E01022117,Cheltenham 009B,Violence and sexual offences,Unable to prosecute suspect,
e42f54e0c59b0a21f8c98b79f765de5be8925545e894cd8233fcf6185551d94c,2022-02,Gloucestershire Constabulary,Gloucestershire Constabulary,-2.079207,51.892358,On or near Montpellier Villas,E01022117,Cheltenham 009B,Violence and sexual offences,Unable to prosecute suspect,
3b9f95c5ab56fd946bf584239cdace3aac98a720b21c4ef21fe174922a26b8fa,2022-02,Gloucestershire Constabulary,Gloucestershire Constabulary,-2.074641,51.899464,On or near Shopping Area,E01022117,Cheltenham 009B,Violence and sexual offences,Unable to prosecute suspect,
3ba7185484ff0c360bc664af0ccb7f8570c5d355702da6b373269884477f17e6,2022-02,Gloucestershire Constabulary,Gloucestershire Constabulary,-2.077547,51.898797,On or near Promenade,E01022117,Cheltenham 009B,Violence and sexual offences,Unable to prosecute suspect,
079fa02f173471409a96249bc45b046d1227d7d3e0d8ac54a3db90939fc59ed1,2022-02,Gloucestershire Constabulary,Gloucestershire Constabulary,-2.077153,51.897826,On or near Imperial Lane,E01022117,Cheltenham 009B,Violence and sexual offences,Unable to prosecute suspect,
7b7820a39984e5ff83a9e14ab8164ae856a9b4bc6d10e0702fc6da82b296c98c,2022-02,Gloucestershire Constabulary,Gloucestershire Constabulary,-2.074641,51.899464,On or near Shopping Area,E01022117,Cheltenham 009B,Violence and sexual offences,Unable to prosecute suspect,
e97591adeff6afde7ba949bb2adb3d46727488dc0284f51fcbf545550cfb367d,2022-02,Gloucestershire Constabulary,Gloucestershire Constabulary,-2.076539,51.895804,On or near Vittoria Walk,E01022117,Cheltenham 009B,Violence and sexual offences,Unable to prosecute suspect,
c3579498c1cdac863ffa8fffe6b097abc5622c689788b47090355cc98f0104c7,2022-02,Gloucestershire Constabulary,Gloucestershire Constabulary,-2.076152,51.898996,On or near Regent Street,E01022117,Cheltenham 009B,Violence and sexual offences,Unable to prosecute suspect,
227145a36d55d5a136bbe75f28ceba0f14854ca5f874efaf62a3223c7135182e,2022-02,Gloucestershire Constabulary,Gloucestershire Constabulary,-2.074686,51.899941,On or near Nightclub,E01022117,Cheltenham 009B,Violence and sexual offences,Unable to prosecute suspect,
2e8860977dc0c75d2c0a02f7aad50ba7ea91b6daaf16dbcf460466f8d22c2210,2022-02,Gloucestershire Constabulary,Gloucestershire Constabulary,-2.076539,51.895804,On or near Vittoria Walk,E01022117,Cheltenham 009B,Violence and sexual offences,Unable to prosecute suspect,
50d6316f309759a815b3ee0c5fec53f04570781a2f93eaa072de72874d4ee1ad,2022-02,Gloucestershire Constabulary,Gloucestershire Constabulary,-2.074686,51.899941,On or near Nightclub,E01022117,Cheltenham 009B,Violence and sexual offences,Unable to prosecute suspect,
f14b307e7b0540aab5fe0f0fdfb98522428e5802b8fa92d84ffcb7971f7d4f6e,2022-02,Gloucestershire Constabulary,Gloucestershire Constabulary,-2.076152,51.898996,On or near Regent Street,E01022117,Cheltenham 009B,Violence and sexual offences,Unable to prosecute suspect,
474e9b3881e7e0a6a22faf4fe384c636a0a48c8373388d22159e5a388b55a46d,2022-02,Gloucestershire Constabulary,Gloucestershire Constabulary,-2.076152,51.898996,On or near Regent Street,E01022117,Cheltenham 009B,Violence and sexual offences,Unable to prosecute suspect,
1b0620f9f88f74bd2a53825679630098a194692be8d3907e3a721b132b1fa612,2022-02,Gloucestershire Constabulary,Gloucestershire Constabulary,-2.076152,51.898996,On or near Regent Street,E01022117,Cheltenham 009B,Violence and sexual offences,Unable to prosecute suspect,
0a86ddb6db7e2300ad21268eb20670cf60925e20503d726d8c2799651b1c5ac1,2022-02,Gloucestershire Constabulary,Gloucestershire Constabulary,-2.079207,51.892358,On or near Montpellier Villas,E01022117,Cheltenham 009B,Violence and sexual offences,Unable to prosecute suspect,
5b3b2d25aaec85b6eb0fe82fc42f1b6b6def971affc5a6b4ac543f3a118d002e,2022-02,Gloucestershire Constabulary,Gloucestershire Constabulary,-2.077153,51.897826,On or near Imperial Lane,E01022117,Cheltenham 009B,Violence and sexual offences,Unable to prosecute suspect,
752e330a3f3fbade457e4116fa14ea47cfec8037ae745b1fb3c0b4f3282cc285,2022-02,Gloucestershire Constabulary,Gloucestershire Constabulary,-2.076152,51.898996,On or near Regent Street,E01022117,Cheltenham 009B,Violence and sexual offences,Unable to prosecute suspect,
6d6a044add5007f538887f0cf4ccddbbc871fe8db426c30b204ccf494e1eb77c,2022-02,Gloucestershire Constabulary,Gloucestershire Constabulary,-2.074686,51.899941,On or near Nightclub,E01022117,Cheltenham 009B,Violence and sexual offences,Investigation complete; no suspect identified,
4b1921d05729761dcc039173a2c61d8aa0a077a12b778030ee8daad9f0b2857a,2022-02,Gloucestershire Constabulary,Gloucestershire Constabulary,-2.077153,51.897826,On or near Imperial Lane,E01022117,Cheltenham 009B,Violence and sexual offences,Investigation complete; no suspect identified,
bc9e9a316510d78157aae23dc690123c8880c86ffb1946096e2c214936c789ea,2022-02,Gloucestershire Constabulary,Gloucestershire Constabulary,-2.074686,51.899941,On or near Nightclub,E01022117,Cheltenham 009B,Violence and sexual offences,Investigation complete; no suspect identified,
76498194a8e52bab6d21fe1609845350993de157e7d0c2b5a1debd82feffa9ed,2022-02,Gloucestershire Constabulary,Gloucestershire Constabulary,-2.076152,51.898996,On or near Regent Street,E01022117,Cheltenham 009B,Violence and sexual offences,Unable to prosecute suspect,
a748b28dccafc27c9b6b619690bd7c2db7ba18cb7840d54874e7be6cfe538e88,2022-02,Gloucestershire Constabulary,Gloucestershire Constabulary,-2.076152,51.898996,On or near Regent Street,E01022117,Cheltenham 009B,Violence and sexual offences,Investigation complete; no suspect identified,
b7b33b1c9f645d6dd892ef92c0d77a55bf5888e4da88e26bf8964bfa0372776a,2022-02,Gloucestershire Constabulary,Gloucestershire Constabulary,-2.077153,51.897826,On or near Imperial Lane,E01022117,Cheltenham 009B,Violence and sexual offences,Unable to prosecute suspect,
ad11dd1df3d840da58efc2ccccbe1f0c35222c9b3d0db39061f026c9554cc311,2022-02,Gloucestershire Constabulary,Gloucestershire Constabulary,-2.077547,51.898797,On or near Promenade,E01022117,Cheltenham 009B,Violence and sexual offences,Investigation complete; no suspect identified,
81bf12c1ca825ec03346eb077ada301fe000f04f49531b9321cab97a5ef2ab85,2022-02,Gloucestershire Constabulary,Gloucestershire Constabulary,-2.074641,51.899464,On or near Shopping Area,E01022117,Cheltenham 009B,Violence and sexual offences,Unable to prosecute suspect,
8a6a8520a274505d4b5cb17069858dbdb9ec7a67fedd524cef3596ca1e6f2b49,2022-02,Gloucestershire Constabulary,Gloucestershire Constabulary,-2.079572,51.893257,On or near Back Montpellier Terrace,E01022117,Cheltenham 009B,Violence and sexual offences,Unable to prosecute suspect,
a79080bb9b42635e6e7401faae2c6c8ffa34da3192aebd15aac2e4e7f156ea01,2022-02,Gloucestershire Constabulary,Gloucestershire Constabulary,-2.077547,51.898797,On or near Promenade,E01022117,Cheltenham 009B,Violence and sexual offences,Investigation complete; no suspect identified,
21cc4be14ceb28c7d6120d3295c42e2fe61d2df08e068d0780a519a03cda0e0d,2022-02,Gloucestershire Constabulary,Gloucestershire Constabulary,-2.079572,51.893257,On or near Back Montpellier Terrace,E01022117,Cheltenham 009B,Violence and sexual offences,Court result unavailable,
f5789d2338165baa265ca253ce239237de702d6194b4db38cb6b5217eac05f44,2022-02,Gloucestershire Constabulary,Gloucestershire Constabulary,-2.078069,51.889761,On or near Clare Street,E01022119,Cheltenham 009C,Burglary,Investigation complete; no suspect identified,
b58536822303a030e5082443c8e30caa2a1fac88608343f75dba1ce2720f6cab,2022-02,Gloucestershire Constabulary,Gloucestershire Constabulary,-2.079157,51.889032,On or near Supermarket,E01022119,Cheltenham 009C,Shoplifting,Investigation complete; no suspect identified,
,2022-02,Gloucestershire Constabulary,Gloucestershire Constabulary,-2.090212,51.894985,On or near Lansdown Parade,E01022124,Cheltenham 009D,Anti-social behaviour,,
14309741338fc60dee64ed8422a7bd5a358973a0d80e669b12b0712481778569,2022-02,Gloucestershire Constabulary,Gloucestershire Constabulary,-2.088348,51.900363,On or near Western Road,E01022124,Cheltenham 009D,Drugs,Unable to prosecute suspect,
c28b81ea94c0eb1ed53f82f5636024d08b22fd438b4428949ea3af711af4f8a3,2022-02,Gloucestershire Constabulary,Gloucestershire Constabulary,-2.088348,51.900363,On or near Western Road,E01022124,Cheltenham 009D,Other theft,Investigation complete; no suspect identified,
,2022-02,Gloucestershire Constabulary,Gloucestershire Constabulary,-2.094781,51.897588,On or near Eldorado Crescent,E01022125,Cheltenham 009E,Anti-social behaviour,,
,2022-02,Gloucestershire Constabulary,Gloucestershire Constabulary,-2.093596,51.893750,On or near Lansdown Road,E01022125,Cheltenham 009E,Anti-social behaviour,,
bcee50d400096dbc9b585ede067ee38052ec2c0be3190b443fa9678e9b074942,2022-02,Gloucestershire Constabulary,Gloucestershire Constabulary,-2.097842,51.895059,On or near Lansdown Lodge Drive,E01022125,Cheltenham 009E,Burglary,Investigation complete; no suspect identified,
e0a468789ff7941aca9716b5997974e87c432403aeeb214da46129d3880e4c76,2022-02,Gloucestershire Constabulary,Gloucestershire Constabulary,-2.092742,51.895378,On or near The Grove,E01022125,Cheltenham 009E,Criminal damage and arson,Investigation complete; no suspect identified,
c143a232a0f0cacf8e0363b08e97dea6e81fbcbcb2f0ba0bd864d410e1becc95,2022-02,Gloucestershire Constabulary,Gloucestershire Constabulary,-2.091750,51.893608,On or near Lansdown Road,E01022125,Cheltenham 009E,Public order,Investigation complete; no suspect identified,
,2022-02,Gloucestershire Constabulary,Gloucestershire Constabulary,-2.082553,51.894568,On or near A40,E01022126,Cheltenham 009F,Anti-social behaviour,,
,2022-02,Gloucestershire Constabulary,Gloucestershire Constabulary,-2.081026,51.893670,On or near Back Montpellier Terrace,E01022126,Cheltenham 009F,Anti-social behaviour,,
f3ec06c339ddcb1a523f7d43b3b1275c996f39846021b40ee482832acf453fae,2022-02,Gloucestershire Constabulary,Gloucestershire Constabulary,-2.077382,51.896082,On or near Trafalgar Street,E01022126,Cheltenham 009F,Bicycle theft,Investigation complete; no suspect identified,
dd24cead99d46fd2e3303646a1c3157b825650347d4326cb70e9ac886c59fa80,2022-02,Gloucestershire Constabulary,Gloucestershire Constabulary,-2.088236,51.894878,On or near Lansdown Crescent Lane,E01022126,Cheltenham 009F,Criminal damage and arson,Investigation complete; no suspect identified,
fbedfc4b4e50d676c60b1161662225ec5ee0e5ca8a004aed7605cc41bc8ff076,2022-02,Gloucestershire Constabulary,Gloucestershire Constabulary,-2.082553,51.894568,On or near A40,E01022126,Cheltenham 009F,Public order,Investigation complete; no suspect identified,
ee2652564fc906f42efe1b9f83331d9f595689390261d48e90ead33c9b321797,2022-02,Gloucestershire Constabulary,Gloucestershire Constabulary,-2.088236,51.894878,On or near Lansdown Crescent Lane,E01022126,Cheltenham 009F,Public order,Investigation complete; no suspect identified,
9139956f461c5211f6e1cb7ac1aa503cb9bb825e9986afaf97cab9a31b3f9887,2022-02,Gloucestershire Constabulary,Gloucestershire Constabulary,-2.086652,51.894799,On or near Lansdown Walk,E01022126,Cheltenham 009F,Violence and sexual offences,Unable to prosecute suspect,
503f80dc305c00e19f70d801e37c493ec8a219b04a616486bfd934ed245e27cf,2022-02,Gloucestershire Constabulary,Gloucestershire Constabulary,-2.081113,51.893993,On or near Montpellier Terrace,E01022126,Cheltenham 009F,Violence and sexual offences,Investigation complete; no suspect identified,
bbcc516fad90b24a88b998a57b39bc2107da6066f0a117cf10522481a69f9ca5,2022-02,Gloucestershire Constabulary,Gloucestershire Constabulary,-2.088236,51.894878,On or near Lansdown Crescent Lane,E01022126,Cheltenham 009F,Violence and sexual offences,Unable to prosecute suspect,
b6c9eba66e758d87149f95b7427d69b52e6df7727712abc8c6912757cef4bdbf,2022-02,Gloucestershire Constabulary,Gloucestershire Constabulary,-2.088236,51.894878,On or near Lansdown Crescent Lane,E01022126,Cheltenham 009F,Violence and sexual offences,Investigation complete; no suspect identified,
4c8292d140e255d0580e6517c5b1e9040a0d18ba5a70bc0539fa23d60812ddbd,2022-02,Gloucestershire Constabulary,Gloucestershire Constabulary,-2.086652,51.894799,On or near Lansdown Walk,E01022126,Cheltenham 009F,Violence and sexual offences,Unable to prosecute suspect,
6b6ae6a3069bdd6ccbcf2ea5559e191149f452d9959df357bfe06ae04748afa7,2022-02,Gloucestershire Constabulary,Gloucestershire Constabulary,-2.088236,51.894878,On or near Lansdown Crescent Lane,E01022126,Cheltenham 009F,Violence and sexual offences,Investigation complete; no suspect identified,
2bcd8bdcb11cffca18a48e8dfb687a9bb01f43d8cb0aa95e41c82548dd042e80,2022-02,Gloucestershire Constabulary,Gloucestershire Constabulary,-2.088236,51.894878,On or near Lansdown Crescent Lane,E01022126,Cheltenham 009F,Other crime,Investigation complete; no suspect identified,
,2022-02,Gloucestershire Constabulary,Gloucestershire Constabulary,-2.083409,51.901805,On or near Jessop Avenue,E01022127,Cheltenham 009G,Anti-social behaviour,,
,2022-02,Gloucestershire Constabulary,Gloucestershire Constabulary,-2.077128,51.900371,On or near Clarence Parade,E01022127,Cheltenham 009G,Anti-social behaviour,,
,2022-02,Gloucestershire Constabulary,Gloucestershire Constabulary,-2.075821,51.900821,On or near Clarence Street,E01022127,Cheltenham 009G,Anti-social behaviour,,
,2022-02,Gloucestershire Constabulary,Gloucestershire Constabulary,-2.079449,51.897780,On or near Nightclub,E01022127,Cheltenham 009G,Anti-social behaviour,,
,2022-02,Gloucestershire Constabulary,Gloucestershire Constabulary,-2.076040,51.901198,On or near Church Street,E01022127,Cheltenham 009G,Anti-social behaviour,,
,2022-02,Gloucestershire Constabulary,Gloucestershire Constabulary,-2.082792,51.897822,On or near Parabola Close,E01022127,Cheltenham 009G,Anti-social behaviour,,
,2022-02,Gloucestershire Constabulary,Gloucestershire Constabulary,-2.076040,51.901198,On or near Church Street,E01022127,Cheltenham 009G,Anti-social behaviour,,
,2022-02,Gloucestershire Constabulary,Gloucestershire Constabulary,-2.083840,51.898864,On or near Parabola Lane,E01022127,Cheltenham 009G,Anti-social behaviour,,
,2022-02,Gloucestershire Constabulary,Gloucestershire Constabulary,-2.079544,51.902428,On or near Ambrose Street,E01022127,Cheltenham 009G,Anti-social behaviour,,
,2022-02,Gloucestershire Constabulary,Gloucestershire Constabulary,-2.075821,51.900821,On or near Clarence Street,E01022127,Cheltenham 009G,Anti-social behaviour,,
d0d0f314a33e209f0fafde09020684bcdb4a0e3156a1e7fb857cb5ba1606267e,2022-02,Gloucestershire Constabulary,Gloucestershire Constabulary,-2.078420,51.899255,On or near Royal Well Road,E01022127,Cheltenham 009G,Bicycle theft,Investigation complete; no suspect identified,
c7af31b6a18b9f1a54478ea3907b8d842bb1ab04c3efcdde0e38877abedc774e,2022-02,Gloucestershire Constabulary,Gloucestershire Constabulary,-2.075821,51.900821,On or near Clarence Street,E01022127,Cheltenham 009G,Criminal damage and arson,Unable to prosecute suspect,
33c55ec33f6ecef11b35d2bd04f76adb6f954eb445b81ebca701720505f923d0,2022-02,Gloucestershire Constabulary,Gloucestershire Constabulary,-2.076721,51.900281,On or near Post Office Lane,E01022127,Cheltenham 009G,Criminal damage and arson,Investigation complete; no suspect identified,
128a957bf11a35373272c7867191faa183d4cb4173bd9e29d5fd5aedd310ef3a,2022-02,Gloucestershire Constabulary,Gloucestershire Constabulary,-2.076040,51.901198,On or near Church Street,E01022127,Cheltenham 009G,Criminal damage and arson,Unable to prosecute suspect,
40a881d23dbfefb4f140bee23587df4aa35ba2343bd38a8f8b993bde299bcc37,2022-02,Gloucestershire Constabulary,Gloucestershire Constabulary,-2.079449,51.897780,On or near Nightclub,E01022127,Cheltenham 009G,Other theft,Investigation complete; no suspect identified,
7051b02f7f640f2e70da481bca728d4fddc3770012589613d853909c4776e625,2022-02,Gloucestershire Constabulary,Gloucestershire Constabulary,-2.077317,51.900397,On or near Nightclub,E01022127,Cheltenham 009G,Other theft,Investigation complete; no suspect identified,
79997147d9148dd40f7d9ab819a9609194da1e6ff1ad2b1be00898144ca7812d,2022-02,Gloucestershire Constabulary,Gloucestershire Constabulary,-2.077317,51.900397,On or near Nightclub,E01022127,Cheltenham 009G,Public order,Unable to prosecute suspect,
3c731d11872417b2b4d4f8578a1344c640ce539c232e923e26008c3b8703bd72,2022-02,Gloucestershire Constabulary,Gloucestershire Constabulary,-2.079710,51.897546,On or near Nightclub,E01022127,Cheltenham 009G,Public order,Investigation complete; no suspect identified,
7d6fd08311a54df3df171ccf8e78060d54f71cb65f9c2b70bb6ec532ed04f070,2022-02,Gloucestershire Constabulary,Gloucestershire Constabulary,-2.079710,51.897546,On or near Nightclub,E01022127,Cheltenham 009G,Public order,Investigation complete; no suspect identified,
e528fa91dcec5d0630ef4f7323d52591fff9d5684833c2414939ce529046e6c7,2022-02,Gloucestershire Constabulary,Gloucestershire Constabulary,-2.083409,51.901805,On or near Jessop Avenue,E01022127,Cheltenham 009G,Public order,Investigation complete; no suspect identified,
c042b280b9981566b2c6329000d079e3973768ed3d157d3240a16d2071ab7976,2022-02,Gloucestershire Constabulary,Gloucestershire Constabulary,-2.076721,51.900281,On or near Post Office Lane,E01022127,Cheltenham 009G,Public order,Investigation complete; no suspect identified,
829455423514bf5df7237f5dcf876758ca71d7772300d6b3ad244e548d863794,2022-02,Gloucestershire Constabulary,Gloucestershire Constabulary,-2.083409,51.901805,On or near Jessop Avenue,E01022127,Cheltenham 009G,Shoplifting,Unable to prosecute suspect,
b2e73e9abefa9c556d697f33712e7587939561afac6e08d44d6cd92a0fb196b3,2022-02,Gloucestershire Constabulary,Gloucestershire Constabulary,-2.083409,51.901805,On or near Jessop Avenue,E01022127,Cheltenham 009G,Shoplifting,Local resolution,
b82075f8b2bd06fcc9e0b71736f3f74e588b3b065e801972ccd8e45c3932ee01,2022-02,Gloucestershire Constabulary,Gloucestershire Constabulary,-2.078134,51.902159,On or near Jenner Walk,E01022127,Cheltenham 009G,Shoplifting,Investigation complete; no suspect identified,
4c3aeb6c25e18ac2d823dd4f6b1080959ec464684f175c68f912c46d700f6050,2022-02,Gloucestershire Constabulary,Gloucestershire Constabulary,-2.083409,51.901805,On or near Jessop Avenue,E01022127,Cheltenham 009G,Shoplifting,Investigation complete; no suspect identified,
d197af811abb1aeb27a7c987c59e7f01f56f83874afbc6b1151afd13f2e40da0,2022-02,Gloucestershire Constabulary,Gloucestershire Constabulary,-2.079449,51.897780,On or near Nightclub,E01022127,Cheltenham 009G,Theft from the person,Investigation complete; no suspect identified,
5dbeb05f91ef3921ea8dff02667afd071a344de997cb49614c3f3a0fbcae5e12,2022-02,Gloucestershire Constabulary,Gloucestershire Constabulary,-2.076721,51.900281,On or near Post Office Lane,E01022127,Cheltenham 009G,Theft from the person,Investigation complete; no suspect identified,
ef1987d9bbce834ec488c8fd66ce37cd362890798084194afbeed505cdaf49ca,2022-02,Gloucestershire Constabulary,Gloucestershire Constabulary,-2.076721,51.900281,On or near Post Office Lane,E01022127,Cheltenham 009G,Theft from the person,Investigation complete; no suspect identified,
d395d6f2d797e08186556e10ac529369b2b3c38f1a05256bb7024ae89978bc6e,2022-02,Gloucestershire Constabulary,Gloucestershire Constabulary,-2.077317,51.900397,On or near Nightclub,E01022127,Cheltenham 009G,Violence and sexual offences,Investigation complete; no suspect identified,
1e98857e710e58bf3b762a167cc2b9c25dd4268d32f0803f644129546dc0a99e,2022-02,Gloucestershire Constabulary,Gloucestershire Constabulary,-2.077317,51.900397,On or near Nightclub,E01022127,Cheltenham 009G,Violence and sexual offences,Investigation complete; no suspect identified,
8826ddcd5072d950b8892f3a44a0646124df2d48f353989b2c69406811489a49,2022-02,Gloucestershire Constabulary,Gloucestershire Constabulary,-2.077360,51.899903,On or near Crescent Terrace,E01022127,Cheltenham 009G,Violence and sexual offences,Investigation complete; no suspect identified,
436b605306f397ab05ed4f9b77417afcdace70176b7d1cc58396c1aa1ceeb032,2022-02,Gloucestershire Constabulary,Gloucestershire Constabulary,-2.077360,51.899903,On or near Crescent Terrace,E01022127,Cheltenham 009G,Violence and sexual offences,Investigation complete; no suspect identified,
233f9b306ae34d225973fbb3f554a0e064f65af8f05f9e63335e0d91a37ae1f7,2022-02,Gloucestershire Constabulary,Gloucestershire Constabulary,-2.077317,51.900397,On or near Nightclub,E01022127,Cheltenham 009G,Violence and sexual offences,Unable to prosecute suspect,
a1bfd49a40c5060120540f308b1a9e5d02459948927d45afe9d553c80cf34a13,2022-02,Gloucestershire Constabulary,Gloucestershire Constabulary,-2.077317,51.900397,On or near Nightclub,E01022127,Cheltenham 009G,Violence and sexual offences,Unable to prosecute suspect,
3ce9ad3e93ac68b54ee6da59326c8a303f75682e2b9de4d63341c20ea81377f5,2022-02,Gloucestershire Constabulary,Gloucestershire Constabulary,-2.076721,51.900281,On or near Post Office Lane,E01022127,Cheltenham 009G,Violence and sexual offences,Unable to prosecute suspect,
44e35568acd39440cbfc0d2b97dc83c2fe6d22bc6baa5319d095e897eef50e4d,2022-02,Gloucestershire Constabulary,Gloucestershire Constabulary,-2.079449,51.897780,On or near Nightclub,E01022127,Cheltenham 009G,Violence and sexual offences,Investigation complete; no suspect identified,
467e2de8da53a768c097c7bc1fa7e237ffccee39baeddab79ffcc547e554d8fb,2022-02,Gloucestershire Constabulary,Gloucestershire Constabulary,-2.077317,51.900397,On or near Nightclub,E01022127,Cheltenham 009G,Violence and sexual offences,Unable to prosecute suspect,
6b78c5a4baa5baee8cf5b25bee3cf29adb573f5dba2640c6390cfd586a0eb376,2022-02,Gloucestershire Constabulary,Gloucestershire Constabulary,-2.077360,51.899903,On or near Crescent Terrace,E01022127,Cheltenham 009G,Violence and sexual offences,Investigation complete; no suspect identified,
d7d99b3584a6eb75f1c46181e28979c1d9c80f20e6ee642cc288c1a501d70fb4,2022-02,Gloucestershire Constabulary,Gloucestershire Constabulary,-2.077360,51.899903,On or near Crescent Terrace,E01022127,Cheltenham 009G,Violence and sexual offences,Unable to prosecute suspect,
8230cfa2ff774ecd84c902039383949929fca585a06d337526a87fac9ea207ac,2022-02,Gloucestershire Constabulary,Gloucestershire Constabulary,-2.079452,51.899254,On or near Royal Well Place,E01022127,Cheltenham 009G,Violence and sexual offences,Unable to prosecute suspect,
1a235a19da9e5fc31d88a0d0be7c1b2860d048952e41c83adc5e8af0a6ba3616,2022-02,Gloucestershire Constabulary,Gloucestershire Constabulary,-2.077317,51.900397,On or near Nightclub,E01022127,Cheltenham 009G,Violence and sexual offences,Unable to prosecute suspect,
6ac2412dfd43bb9489e34e074e17598901e381a87e95d8d63983f565e5cf7d56,2022-02,Gloucestershire Constabulary,Gloucestershire Constabulary,-2.077360,51.899903,On or near Crescent Terrace,E01022127,Cheltenham 009G,Violence and sexual offences,Court result unavailable,
82c6777a9fc29b41d57ac149d0649afb972b8b99629b656549ff03343c4ac765,2022-02,Gloucestershire Constabulary,Gloucestershire Constabulary,-2.077317,51.900397,On or near Nightclub,E01022127,Cheltenham 009G,Violence and sexual offences,Investigation complete; no suspect identified,
90d4bb16dbf57fc058f558a6d0b1bae4d67af53c8c0497d9184e4be512f46037,2022-02,Gloucestershire Constabulary,Gloucestershire Constabulary,-2.076721,51.900281,On or near Post Office Lane,E01022127,Cheltenham 009G,Violence and sexual offences,Investigation complete; no suspect identified,
953b46b03cd8835673896c0bf9e704650e4d8e7e503dc7528c5d0929d3b510f9,2022-02,Gloucestershire Constabulary,Gloucestershire Constabulary,-2.077317,51.900397,On or near Nightclub,E01022127,Cheltenham 009G,Violence and sexual offences,Unable to prosecute suspect,
24e2b7a9690bebb340323fb71414d4271992e5dfba2ce1f6a5d1c89a721f6eec,2022-02,Gloucestershire Constabulary,Gloucestershire Constabulary,-2.076040,51.901198,On or near Church Street,E01022127,Cheltenham 009G,Violence and sexual offences,Unable to prosecute suspect,
518c1e7905e1e0699c26dd21f80c56adfd340104db3b9c4cc07a02809f47d409,2022-02,Gloucestershire Constabulary,Gloucestershire Constabulary,-2.076040,51.901198,On or near Church Street,E01022127,Cheltenham 009G,Violence and sexual offences,Unable to prosecute suspect,
15658ce3df2a01f78fa80dcaa7c1ff2e5d2db9b10f6c64a65fcf3f1fdf4cd8e9,2022-02,Gloucestershire Constabulary,Gloucestershire Constabulary,-2.083409,51.901805,On or near Jessop Avenue,E01022127,Cheltenham 009G,Violence and sexual offences,Investigation complete; no suspect identified,
5e3a9bdc312b74f11fca13d5b187527969f664721e38908184276ebd07b6fbda,2022-02,Gloucestershire Constabulary,Gloucestershire Constabulary,-2.078134,51.902159,On or near Jenner Walk,E01022127,Cheltenham 009G,Violence and sexual offences,Unable to prosecute suspect,
4b1e7d3af33356a2639fad55c33d569554a5bff3aaceacbffeaa17db3184d32d,2022-02,Gloucestershire Constabulary,Gloucestershire Constabulary,-2.076721,51.900281,On or near Post Office Lane,E01022127,Cheltenham 009G,Violence and sexual offences,Unable to prosecute suspect,
b51981a61812cebcb783ef3146c5cdf5f293ef65b833b6239f64bf065c213bf7,2022-02,Gloucestershire Constabulary,Gloucestershire Constabulary,-2.079544,51.902428,On or near Ambrose Street,E01022127,Cheltenham 009G,Violence and sexual offences,Unable to prosecute suspect,
4e0f582619a447f47a3b04348f3f1dfea62fad14f516d1b247ab855373a48edb,2022-02,Gloucestershire Constabulary,Gloucestershire Constabulary,-2.079367,51.900693,On or near St George'S Place,E01022127,Cheltenham 009G,Violence and sexual offences,Unable to prosecute suspect,
47dff2c35034106e24ac6f25bb3426a095da9a2918965559ff834651175bbfb1,2022-02,Gloucestershire Constabulary,Gloucestershire Constabulary,-2.079544,51.902428,On or near Ambrose Street,E01022127,Cheltenham 009G,Violence and sexual offences,Unable to prosecute suspect,
d0b8d9702d88411513234261b7dd3345f572b779eaecccb1cd13438f70b05293,2022-02,Gloucestershire Constabulary,Gloucestershire Constabulary,-2.078134,51.902159,On or near Jenner Walk,E01022127,Cheltenham 009G,Violence and sexual offences,Unable to prosecute suspect,
,2022-02,Gloucestershire Constabulary,Gloucestershire Constabulary,-2.107941,51.894700,On or near Petrol Station,E01022106,Cheltenham 010A,Anti-social behaviour,,
,2022-02,Gloucestershire Constabulary,Gloucestershire Constabulary,-2.115424,51.894396,On or near Alderton Road,E01022106,Cheltenham 010A,Anti-social behaviour,,
ff01b30f530aebdd5233d890148406d4f03401decc549f5fac26cca3cd0ac4f4,2022-02,Gloucestershire Constabulary,Gloucestershire Constabulary,-2.116462,51.896895,On or near Gloucester Road,E01022106,Cheltenham 010A,Burglary,Court result unavailable,
655dc0041bddc17ec89de845b0e6b7a2999c3050e566b670e2a0e32d15c36aca,2022-02,Gloucestershire Constabulary,Gloucestershire Constabulary,-2.110136,51.895040,On or near Gloucester Road,E01022106,Cheltenham 010A,Possession of weapons,Court result unavailable,
1fdf874a80a41fe91843d8c97f38574dd563481822dfe5835d1c8c9379087b53,2022-02,Gloucestershire Constabulary,Gloucestershire Constabulary,-2.105383,51.894684,On or near Petrol Station,E01022106,Cheltenham 010A,Public order,Investigation complete; no suspect identified,
d6a7131fc81fae8fab63427245fca1563083099cf4c47dbeecb466ad52684837,2022-02,Gloucestershire Constabulary,Gloucestershire Constabulary,-2.110191,51.893799,On or near Swanswell Drive,E01022106,Cheltenham 010A,Vehicle crime,Investigation complete; no suspect identified,
2689e70d38446830655d40d11b3e6a4915870084434ec06ecfacad2d7f8a5b24,2022-02,Gloucestershire Constabulary,Gloucestershire Constabulary,-2.106865,51.894530,On or near Granley Drive,E01022106,Cheltenham 010A,Violence and sexual offences,Local resolution,
f4222d5c485ab8c7be5f49c8c8a8fb8919b4dc9586480f9aae69e867af768aba,2022-02,Gloucestershire Constabulary,Gloucestershire Constabulary,-2.107941,51.894700,On or near Petrol Station,E01022106,Cheltenham 010A,Violence and sexual offences,Unable to prosecute suspect,
cc5076c41a9873af6fc2b1b95cfa3f36bc633c8f339a1aa2686ff90eb0538e7f,2022-02,Gloucestershire Constabulary,Gloucestershire Constabulary,-2.106865,51.894530,On or near Granley Drive,E01022106,Cheltenham 010A,Violence and sexual offences,Unable to prosecute suspect,
4a84de8d9cdf7488e93166b073e17329580e6c1272c01f089a8d6fa0ea65b894,2022-02,Gloucestershire Constabulary,Gloucestershire Constabulary,-2.106865,51.894530,On or near Granley Drive,E01022106,Cheltenham 010A,Violence and sexual offences,Unable to prosecute suspect,
525cdf42dbaf406a01846aa5d227c1933de6eaae2ba45f7d2d24f55e037a9ef3,2022-02,Gloucestershire Constabulary,Gloucestershire Constabulary,-2.104076,51.894865,On or near Lansdown Road,E01022106,Cheltenham 010A,Other crime,Court result unavailable,
,2022-02,Gloucestershire Constabulary,Gloucestershire Constabulary,-2.126140,51.891319,On or near Wade Court,E01022107,Cheltenham 010B,Anti-social behaviour,,
585c6a03aa1e2e9c2c1a3bc7c76e39cfab800664114d05ef25a67f312373566a,2022-02,Gloucestershire Constabulary,Gloucestershire Constabulary,-2.126140,51.891319,On or near Wade Court,E01022107,Cheltenham 010B,Criminal damage and arson,Investigation complete; no suspect identified,
c27a8d65c6d3a80e8652dc5ca11053a5e0bdb3b7f0c2d165e319e1ec5ae21836,2022-02,Gloucestershire Constabulary,Gloucestershire Constabulary,-2.126140,51.891319,On or near Wade Court,E01022107,Cheltenham 010B,Violence and sexual offences,Unable to prosecute suspect,
e43aa4e23de3916f50f7c929b309e192ae74cd4963fc3f1626b20e0a34d2e269,2022-02,Gloucestershire Constabulary,Gloucestershire Constabulary,-2.126140,51.891319,On or near Wade Court,E01022107,Cheltenham 010B,Violence and sexual offences,Court result unavailable,
,2022-02,Gloucestershire Constabulary,Gloucestershire Constabulary,-2.131073,51.893669,On or near Parking Area,E01022108,Cheltenham 010C,Anti-social behaviour,,
,2022-02,Gloucestershire Constabulary,Gloucestershire Constabulary,-2.134262,51.891005,On or near Chalford Avenue,E01022108,Cheltenham 010C,Anti-social behaviour,,
,2022-02,Gloucestershire Constabulary,Gloucestershire Constabulary,-2.135732,51.887191,On or near The Reddings,E01022108,Cheltenham 010C,Anti-social behaviour,,
266e886a1a449feafab03b6e2175c256a81faa2aac7daf855b35f40c265d21a3,2022-02,Gloucestershire Constabulary,Gloucestershire Constabulary,-2.135732,51.887191,On or near The Reddings,E01022108,Cheltenham 010C,Burglary,Investigation complete; no suspect identified,
017c29d05345622215a13d0889905d207ce3475e72fe58c56edfd77471e68861,2022-02,Gloucestershire Constabulary,Gloucestershire Constabulary,-2.133043,51.886600,On or near Dumbleton Grove,E01022108,Cheltenham 010C,Criminal damage and arson,Investigation complete; no suspect identified,
5f7b8a0d40ce5fd0a31529fb2aeb9fb96e4df7cccb597fc0452fbc95662bec80,2022-02,Gloucestershire Constabulary,Gloucestershire Constabulary,-2.126426,51.889835,On or near Unwin Road,E01022108,Cheltenham 010C,Criminal damage and arson,Unable to prosecute suspect,
8033c807346d3848bccc1d320832aeb40ab81411c59e996f999decd090bd508d,2022-02,Gloucestershire Constabulary,Gloucestershire Constabulary,-2.133668,51.891500,On or near Tibberton Grove,E01022108,Cheltenham 010C,Public order,Investigation complete; no suspect identified,
b4ff2065059f55303d39ea34ca9a6c4aa925f623326de5543f52aa10e9d72d0f,2022-02,Gloucestershire Constabulary,Gloucestershire Constabulary,-2.133668,51.891500,On or near Tibberton Grove,E01022108,Cheltenham 010C,Public order,Investigation complete; no suspect identified,
0a7a8a7383199f5a8f4353305288be7a6fd111544f7c0c37a3deb3dac3a63772,2022-02,Gloucestershire Constabulary,Gloucestershire Constabulary,-2.131073,51.893669,On or near Parking Area,E01022108,Cheltenham 010C,Public order,Unable to prosecute suspect,
dda3e47476c5bfa4c6296128b5076d24e58cf0cce0fc816441ab34cdf9cc48dc,2022-02,Gloucestershire Constabulary,Gloucestershire Constabulary,-2.133668,51.891500,On or near Tibberton Grove,E01022108,Cheltenham 010C,Public order,Investigation complete; no suspect identified,
64fab2b5fb3e6208dcf6eef405b5bf475b21ad7e9c2e05039be1e9089c4d4daa,2022-02,Gloucestershire Constabulary,Gloucestershire Constabulary,-2.133668,51.891500,On or near Tibberton Grove,E01022108,Cheltenham 010C,Shoplifting,Unable to prosecute suspect,
ceb00ba73a7329d5c21d09777526fb3b4c41f0004939a5c012e1d7c94b2f2789,2022-02,Gloucestershire Constabulary,Gloucestershire Constabulary,-2.133668,51.891500,On or near Tibberton Grove,E01022108,Cheltenham 010C,Shoplifting,Court result unavailable,
75ae82a8f523321f88632958eac551a6ef18c859dbbabceb5bfe710b997e4013,2022-02,Gloucestershire Constabulary,Gloucestershire Constabulary,-2.133668,51.891500,On or near Tibberton Grove,E01022108,Cheltenham 010C,Shoplifting,Investigation complete; no suspect identified,
f8de165bb6fd947ee9eb2ea23198c6cd97bfcbac013a5e56c2289ba97feb3f1c,2022-02,Gloucestershire Constabulary,Gloucestershire Constabulary,-2.133668,51.891500,On or near Tibberton Grove,E01022108,Cheltenham 010C,Shoplifting,Investigation complete; no suspect identified,
62f74487b3bf461a78be0c1e6901bc8b318819f1a5d561573059cda96a123c99,2022-02,Gloucestershire Constabulary,Gloucestershire Constabulary,-2.135732,51.887191,On or near The Reddings,E01022108,Cheltenham 010C,Vehicle crime,Investigation complete; no suspect identified,
266dbc5e319da9d9e6a74ea8c0b7576ca08f3ce930705029bc50d05a79fe12c8,2022-02,Gloucestershire Constabulary,Gloucestershire Constabulary,-2.135732,51.887191,On or near The Reddings,E01022108,Cheltenham 010C,Vehicle crime,Investigation complete; no suspect identified,
65c3e1322de78d1e1936cec3876a2e3029ac7975c0509c0b8df741c14b013554,2022-02,Gloucestershire Constabulary,Gloucestershire Constabulary,-2.135732,51.887191,On or near The Reddings,E01022108,Cheltenham 010C,Violence and sexual offences,Unable to prosecute suspect,
72886374bc3ab463c075ac798c73c8718f83d2a071e81e4111be12844187aa82,2022-02,Gloucestershire Constabulary,Gloucestershire Constabulary,-2.135732,51.887191,On or near The Reddings,E01022108,Cheltenham 010C,Violence and sexual offences,Unable to prosecute suspect,
,2022-02,Gloucestershire Constabulary,Gloucestershire Constabulary,-2.128997,51.899534,On or near Lazenby Court,E01022123,Cheltenham 010D,Anti-social behaviour,,
,2022-02,Gloucestershire Constabulary,Gloucestershire Constabulary,-2.129468,51.896422,On or near Whittle Close,E01022123,Cheltenham 010D,Anti-social behaviour,,
,2022-02,Gloucestershire Constabulary,Gloucestershire Constabulary,-2.129468,51.896422,On or near Whittle Close,E01022123,Cheltenham 010D,Anti-social behaviour,,
2002131824fa3263a1c270fc6d382afc152988ed354ea4c330eebd498230aeed,2022-02,Gloucestershire Constabulary,Gloucestershire Constabulary,-2.129468,51.896422,On or near Whittle Close,E01022123,Cheltenham 010D,Burglary,Investigation complete; no suspect identified,
8aebba2a4d64842803f3f534a9b4b591110a350d4203a22af1f3434ef519c023,2022-02,Gloucestershire Constabulary,Gloucestershire Constabulary,-2.117605,51.900328,On or near Princess Elizabeth Way,E01022123,Cheltenham 010D,Possession of weapons,Investigation complete; no suspect identified,
06778f125306b4e13f9528fdb35353bbcbdfdef705baa718b5c24cc9c82537d1,2022-02,Gloucestershire Constabulary,Gloucestershire Constabulary,-2.130111,51.897824,On or near Meadow Close,E01022123,Cheltenham 010D,Public order,Unable to prosecute suspect,
224d015c6d5ec36908677086a22cb28fc245fe87a5e9b1734458c22b6e1d00a9,2022-02,Gloucestershire Constabulary,Gloucestershire Constabulary,-2.117605,51.900328,On or near Princess Elizabeth Way,E01022123,Cheltenham 010D,Public order,Investigation complete; no suspect identified,
a7dac320b83059aac6be7603c9998f56ff7dedbaf299604a68b18783580b92b8,2022-02,Gloucestershire Constabulary,Gloucestershire Constabulary,-2.130111,51.897824,On or near Meadow Close,E01022123,Cheltenham 010D,Public order,Unable to prosecute suspect,
e18e6feeba1dc21b0d56d9a426e57224310e99b074024eb48bac8882f0188c19,2022-02,Gloucestershire Constabulary,Gloucestershire Constabulary,-2.119187,51.899733,On or near Pinewood Drive,E01022123,Cheltenham 010D,Violence and sexual offences,Unable to prosecute suspect,
a82c5d95c498fe0cf94a88cb20e316f8f099ca320e3f7ed01ade38cfdf30e0d8,2022-02,Gloucestershire Constabulary,Gloucestershire Constabulary,-2.134667,51.895374,On or near B4063,E01022123,Cheltenham 010D,Violence and sexual offences,Unable to prosecute suspect,
632c61289c59b09ed8f67422a42b84819ff5d9b883f7583337426fa7290927f4,2022-02,Gloucestershire Constabulary,Gloucestershire Constabulary,-2.117605,51.900328,On or near Princess Elizabeth Way,E01022123,Cheltenham 010D,Violence and sexual offences,Unable to prosecute suspect,
aa67a36541301fecd3f101a4e8172c2d0d1567e95e162e181b8fb00dd2490567,2022-02,Gloucestershire Constabulary,Gloucestershire Constabulary,-2.119187,51.899733,On or near Pinewood Drive,E01022123,Cheltenham 010D,Violence and sexual offences,Unable to prosecute suspect,
fad986340310828ca1789ebff00e2a13d5365fe828db4a2eee383e7e1328ce74,2022-02,Gloucestershire Constabulary,Gloucestershire Constabulary,-2.117605,51.900328,On or near Princess Elizabeth Way,E01022123,Cheltenham 010D,Violence and sexual offences,Unable to prosecute suspect,
29e3e3eb0720f34b4675e09497f2cf45d32e191ab62e537bb04e70577a90f802,2022-02,Gloucestershire Constabulary,Gloucestershire Constabulary,-2.119187,51.899733,On or near Pinewood Drive,E01022123,Cheltenham 010D,Violence and sexual offences,Court result unavailable,
dfd9b7b1b4c4fc8e7cd658e50b5d1a9c1ae75c068f69adac5fa7cbe394b4f9ae,2022-02,Gloucestershire Constabulary,Gloucestershire Constabulary,-2.117605,51.900328,On or near Princess Elizabeth Way,E01022123,Cheltenham 010D,Other crime,Unable to prosecute suspect,
,2022-02,Gloucestershire Constabulary,Gloucestershire Constabulary,-2.096806,51.893379,On or near Police Station,E01022135,Cheltenham 011A,Anti-social behaviour,,
0f56768141fb4715cd8093605343958f056d317416b8a80a7e26c0f091567f47,2022-02,Gloucestershire Constabulary,Gloucestershire Constabulary,-2.103063,51.890443,On or near Belworth Drive,E01022135,Cheltenham 011A,Criminal damage and arson,Investigation complete; no suspect identified,
,2022-02,Gloucestershire Constabulary,Gloucestershire Constabulary,-2.090695,51.889248,On or near St Stephens Close,E01022136,Cheltenham 011B,Anti-social behaviour,,
414f353d387a799a0dec5e64b0d3f1de94e3c3c1b83638f07f0b794ac8af4080,2022-02,Gloucestershire Constabulary,Gloucestershire Constabulary,-2.090267,51.893393,On or near Petrol Station,E01022136,Cheltenham 011B,Bicycle theft,Investigation complete; no suspect identified,
ca4e7982a04594d2bdc3108dd79b741e961684b8d656fef1c1aacd9e40c4f106,2022-02,Gloucestershire Constabulary,Gloucestershire Constabulary,-2.090267,51.893393,On or near Petrol Station,E01022136,Cheltenham 011B,Burglary,Unable to prosecute suspect,
f077fff2cd6f1cc45d3ad47aa03738b9ade4457d283d09427fae693c23e9b9ec,2022-02,Gloucestershire Constabulary,Gloucestershire Constabulary,-2.090267,51.893393,On or near Petrol Station,E01022136,Cheltenham 011B,Other theft,Investigation complete; no suspect identified,
53a5c1097f3889f40173a2755638670fcc12a8a4a14f75f9712d72aa5b432536,2022-02,Gloucestershire Constabulary,Gloucestershire Constabulary,-2.085661,51.893720,On or near Lypiatt Lane,E01022136,Cheltenham 011B,Vehicle crime,Investigation complete; no suspect identified,
14877b5e7b2a435d516aec6f9dd75d8c6d1955e8b8ca0f34e2c55e76172ecf40,2022-02,Gloucestershire Constabulary,Gloucestershire Constabulary,-2.086965,51.891499,On or near Tivoli Street,E01022137,Cheltenham 011C,Public order,Unable to prosecute suspect,
7b31cb14f4e44fea71cccaf6be90e0ba412ca183fe56384cb8753ce5bd0bdcd9,2022-02,Gloucestershire Constabulary,Gloucestershire Constabulary,-2.080802,51.890433,On or near Bethesda Street,E01022137,Cheltenham 011C,Public order,Investigation complete; no suspect identified,
7d9fa595dd19f5ab0c3a36ea46e533e8d2a1dcaab6e33fe0ccc13cc66c66a645,2022-02,Gloucestershire Constabulary,Gloucestershire Constabulary,-2.078913,51.890381,On or near Victoria Retreat,E01022137,Cheltenham 011C,Public order,Unable to prosecute suspect,
5d1bac8f2ee17dab9985efd48d12336b43cd61f64b2af414832ce76caf9bcbdd,2022-02,Gloucestershire Constabulary,Gloucestershire Constabulary,-2.084739,51.890071,On or near Park Place,E01022137,Cheltenham 011C,Violence and sexual offences,Unable to prosecute suspect,
,2022-02,Gloucestershire Constabulary,Gloucestershire Constabulary,-2.091905,51.884329,On or near Merestones Drive,E01022138,Cheltenham 011D,Anti-social behaviour,,
,2022-02,Gloucestershire Constabulary,Gloucestershire Constabulary,-2.081131,51.887754,On or near Edward Street,E01022138,Cheltenham 011D,Anti-social behaviour,,
5fbc15b574b9c27de690b8487e34c0a1385756969a832e930b8a1a6b6dd40ee4,2022-02,Gloucestershire Constabulary,Gloucestershire Constabulary,-2.086938,51.885142,On or near Moorend Park Road,E01022138,Cheltenham 011D,Violence and sexual offences,Unable to prosecute suspect,
,2022-02,Gloucestershire Constabulary,Gloucestershire Constabulary,-2.107075,51.885206,On or near Warden Hill Road,E01022174,Cheltenham 011E,Anti-social behaviour,,
751ee500a5b03a602d87531d5fc549dd69c64f637b9e45ae9209ebc3ea49a8b8,2022-02,Gloucestershire Constabulary,Gloucestershire Constabulary,-2.103335,51.888842,On or near Loweswater Road,E01022174,Cheltenham 011E,Public order,Unable to prosecute suspect,
f5a795779896977dc08122083acc7512849ab852fd8d7984630808ad7ade9416,2022-02,Gloucestershire Constabulary,Gloucestershire Constabulary,-2.106091,51.886556,On or near Warren Close,E01022174,Cheltenham 011E,Violence and sexual offences,Unable to prosecute suspect,
8b5ed66c82063c145068452cf353ca55c730449e7ec815846d158fc0f4d6b088,2022-02,Gloucestershire Constabulary,Gloucestershire Constabulary,-2.101864,51.887414,On or near Warden Hill Road,E01022174,Cheltenham 011E,Violence and sexual offences,Unable to prosecute suspect,
a08cfc1ffea248bcc0eae9903cb89a68172e8bfa0e78ce438a1ed32234a802f9,2022-02,Gloucestershire Constabulary,Gloucestershire Constabulary,-2.101864,51.887414,On or near Warden Hill Road,E01022174,Cheltenham 011E,Violence and sexual offences,Investigation complete; no suspect identified,
d213c367eadd1daae1017068cba97eb4a1abee9741df4ca089f276708150d003,2022-02,Gloucestershire Constabulary,Gloucestershire Constabulary,-2.103335,51.888842,On or near Loweswater Road,E01022174,Cheltenham 011E,Violence and sexual offences,Unable to prosecute suspect,
330b9c531a04b4a05d1a9812fcf1cb70918b52ce8d49e0b4d058b68ea5f71897,2022-02,Gloucestershire Constabulary,Gloucestershire Constabulary,-2.048702,51.902669,On or near Kempley Close,E01022103,Cheltenham 012A,Criminal damage and arson,Investigation complete; no suspect identified,
552d951e36975389928802cc640b2ad19a423bca0f898296e61a4be68d686db7,2022-02,Gloucestershire Constabulary,Gloucestershire Constabulary,-2.048702,51.902669,On or near Kempley Close,E01022103,Cheltenham 012A,Public order,Unable to prosecute suspect,
2f4d85d54f1d0f6bc107d8dc8f9655753766365d30f0804db8629d4d65121d30,2022-02,Gloucestershire Constabulary,Gloucestershire Constabulary,-2.048702,51.902669,On or near Kempley Close,E01022103,Cheltenham 012A,Shoplifting,Court result unavailable,
af115339add5a63e6559f92c14f51db9b2cb1eb4e7c02a91a3377395b63fce97,2022-02,Gloucestershire Constabulary,Gloucestershire Constabulary,-2.048702,51.902669,On or near Kempley Close,E01022103,Cheltenham 012A,Shoplifting,Court result unavailable,
71168ee331d3faee76672478ea30341172283ea4ff64403468fb21002f342afd,2022-02,Gloucestershire Constabulary,Gloucestershire Constabulary,-2.048702,51.902669,On or near Kempley Close,E01022103,Cheltenham 012A,Vehicle crime,Unable to prosecute suspect,
c24dfc066736ca42029f34dbf5b17554748d9e003be278bcda3ecb8d7ed82399,2022-02,Gloucestershire Constabulary,Gloucestershire Constabulary,-2.043353,51.902267,On or near Yorkley Road,E01022103,Cheltenham 012A,Violence and sexual offences,Unable to prosecute suspect,
b8d480ef7d832aef348ad1a96207a597c94a14d783b12458fe93c54d821c071e,2022-02,Gloucestershire Constabulary,Gloucestershire Constabulary,-2.043454,51.901404,On or near Brockweir Road,E01022103,Cheltenham 012A,Violence and sexual offences,Investigation complete; no suspect identified,
496dce542befa68d7677d86f94cc624f4bf2d5661819a3d772cc9dbc570c633b,2022-02,Gloucestershire Constabulary,Gloucestershire Constabulary,-2.051158,51.901572,On or near Hill View Road,E01022103,Cheltenham 012A,Violence and sexual offences,Unable to prosecute suspect,
e6761454f0956dc99c4e125231a906378a3b58d96cbfd8d5ad2f01c5842eeb37,2022-02,Gloucestershire Constabulary,Gloucestershire Constabulary,-2.051158,51.901572,On or near Hill View Road,E01022103,Cheltenham 012A,Violence and sexual offences,Unable to prosecute suspect,
02899b53a08c126d7bf52f245da1badcdf1ddd9431fc2499e52c9ad4c89a6318,2022-02,Gloucestershire Constabulary,Gloucestershire Constabulary,-2.048702,51.902669,On or near Kempley Close,E01022103,Cheltenham 012A,Violence and sexual offences,Unable to prosecute suspect,
bc876aa868d7358ae642661132b9068fe72e30ee142bc72aaec9e3ad45745d20,2022-02,Gloucestershire Constabulary,Gloucestershire Constabulary,-2.048077,51.902499,On or near Redmarley Road,E01022103,Cheltenham 012A,Violence and sexual offences,Unable to prosecute suspect,
bbc2c6b1767900170f1d27fa6dd7c1a9f364961326ccae544246bad34a2ab154,2022-02,Gloucestershire Constabulary,Gloucestershire Constabulary,-2.054623,51.895079,On or near Battledown Drive,E01022104,Cheltenham 012B,Burglary,Investigation complete; no suspect identified,
fc8315a232419306c3f72841da304063b4a7feef497ecc9c0420d4ffff6eb983,2022-02,Gloucestershire Constabulary,Gloucestershire Constabulary,-2.061540,51.894302,On or near Coltham Fields,E01022104,Cheltenham 012B,Public order,Investigation complete; no suspect identified,
d6d364fec00835b426bec543816f1e44ed03b84e8b0d83e662c858b89a16be28,2022-02,Gloucestershire Constabulary,Gloucestershire Constabulary,-2.060432,51.892334,On or near Coltham Road,E01022104,Cheltenham 012B,Violence and sexual offences,Unable to prosecute suspect,
2707714ec7af1634b51bcb68641cae0d0b6769740737a3267d6ca90e09e9b502,2022-02,Gloucestershire Constabulary,Gloucestershire Constabulary,-2.056029,51.891823,On or near Beaufort Road,E01022104,Cheltenham 012B,Violence and sexual offences,Unable to prosecute suspect,
b6efc2bc372bab4c6b574ab2f79a53620d71b344caa781d5c84e7426d5ecdf96,2022-02,Gloucestershire Constabulary,Gloucestershire Constabulary,-2.043165,51.887738,On or near Briarbank Rise,E01022105,Cheltenham 012C,Other theft,Investigation complete; no suspect identified,
b322f281f8ed74a2eb87680b654896e489f89b8123b34eb03408ad85e921166d,2022-02,Gloucestershire Constabulary,Gloucestershire Constabulary,-2.043165,51.887738,On or near Briarbank Rise,E01022105,Cheltenham 012C,Other theft,Investigation complete; no suspect identified,
7574ed1957d119e21e82ddbd2e5b52bd2dc7935f182c4e379f196d9eb4b7abba,2022-02,Gloucestershire Constabulary,Gloucestershire Constabulary,-2.046113,51.886244,On or near Reaburn Close,E01022105,Cheltenham 012C,Robbery,Investigation complete; no suspect identified,
68281f780055f9acf11039dee1838bfc21cbe0a75157f0c98b6e96ce059b1705,2022-02,Gloucestershire Constabulary,Gloucestershire Constabulary,-2.053513,51.877709,On or near Bradley Road,E01022109,Cheltenham 012D,Other crime,Formal action is not in the public interest,
,2022-02,Gloucestershire Constabulary,Gloucestershire Constabulary,-2.050409,51.882385,On or near Church Street,E01022110,Cheltenham 012E,Anti-social behaviour,,
,2022-02,Gloucestershire Constabulary,Gloucestershire Constabulary,-2.050830,51.881855,On or near Supermarket,E01022110,Cheltenham 012E,Anti-social behaviour,,
a38cbce3ceb337a6e897ceff8effbb69cfead3adc833ba377d690656c100e697,2022-02,Gloucestershire Constabulary,Gloucestershire Constabulary,-2.050409,51.882385,On or near Church Street,E01022110,Cheltenham 012E,Shoplifting,Court result unavailable,
918c42960df2cb703e1ea1ba3cac415d0b8f6400dd93bbac161fed8f44efc93a,2022-02,Gloucestershire Constabulary,Gloucestershire Constabulary,-2.050409,51.882385,On or near Church Street,E01022110,Cheltenham 012E,Violence and sexual offences,Action to be taken by another organisation,
2a3a3142d1387d2424303d61540647463bac1138f651b4e5f59bb1c319943d58,2022-02,Gloucestershire Constabulary,Gloucestershire Constabulary,-2.050409,51.882385,On or near Church Street,E01022110,Cheltenham 012E,Violence and sexual offences,Unable to prosecute suspect,
f3abe875ef3aa1fc3e0ae89d6fb7f07d6fa09bc101541bfd59bbd43fc90d52ce,2022-02,Gloucestershire Constabulary,Gloucestershire Constabulary,-2.050409,51.882385,On or near Church Street,E01022110,Cheltenham 012E,Violence and sexual offences,Unable to prosecute suspect,
c63b834c1ba0cf5363939ff72fcbebe2af2973ff85db347263d7b944dadcb8c7,2022-02,Gloucestershire Constabulary,Gloucestershire Constabulary,-2.053700,51.888435,On or near Supermarket,E01022111,Cheltenham 012F,Bicycle theft,Unable to prosecute suspect,
fc72f72f929a3e15e4f53954dd83c8835832b827583b7aa5a615d6c60f0eb8d3,2022-02,Gloucestershire Constabulary,Gloucestershire Constabulary,-2.053540,51.888264,On or near Petrol Station,E01022111,Cheltenham 012F,Other theft,Investigation complete; no suspect identified,
fa52a97082251601e6ac79deac9d53d49de80dfa21fa5d83f0ec011189d925d0,2022-02,Gloucestershire Constabulary,Gloucestershire Constabulary,-2.053540,51.888264,On or near Petrol Station,E01022111,Cheltenham 012F,Other theft,Investigation complete; no suspect identified,
19f6d1abb76130f96600538fdbf4718739b84485ee4a725828fbded47f9f8f92,2022-02,Gloucestershire Constabulary,Gloucestershire Constabulary,-2.053540,51.888264,On or near Petrol Station,E01022111,Cheltenham 012F,Other theft,Investigation complete; no suspect identified,
cb28a155bcc493bcc0213e6103336cd23a2a38a33146fe910f760300ebd6441d,2022-02,Gloucestershire Constabulary,Gloucestershire Constabulary,-2.053540,51.888264,On or near Petrol Station,E01022111,Cheltenham 012F,Other theft,Investigation complete; no suspect identified,
d2458f2c568d3585908308a1251e4304ca32a7bd024f1bb84a4ba80806ec1d36,2022-02,Gloucestershire Constabulary,Gloucestershire Constabulary,-2.053540,51.888264,On or near Petrol Station,E01022111,Cheltenham 012F,Other theft,Investigation complete; no suspect identified,
46d152324d160a9aa91cabc76d47f47583f43c8975bb9304caf3d605478baa5b,2022-02,Gloucestershire Constabulary,Gloucestershire Constabulary,-2.053700,51.888435,On or near Supermarket,E01022111,Cheltenham 012F,Shoplifting,Investigation complete; no suspect identified,
bcc9278a78b03edb20bd61d05d965387c34341d43abd1c41c2c7ea31dee4b7bf,2022-02,Gloucestershire Constabulary,Gloucestershire Constabulary,-2.051489,51.886233,On or near Porturet Way,E01022111,Cheltenham 012F,Violence and sexual offences,Unable to prosecute suspect,
43950e9d0db0d0a86f51f0cf31d12afd69b5f0d19c481b48629afb2f61ba055a,2022-02,Gloucestershire Constabulary,Gloucestershire Constabulary,-2.041940,51.882766,On or near Peel Close,E01022112,Cheltenham 012G,Other theft,Investigation complete; no suspect identified,
00b47b82ec47e43adf23441339af5514ef25579c4e9a7f1bbe94e7e3cb8b2359,2022-02,Gloucestershire Constabulary,Gloucestershire Constabulary,-2.042360,51.881750,On or near Balcarras,E01022112,Cheltenham 012G,Violence and sexual offences,Unable to prosecute suspect,
b20e9a76541ed64302b38fe6fa34a047f75a59d29960f1d41588c0d597000c95,2022-02,Gloucestershire Constabulary,Gloucestershire Constabulary,-2.117483,51.887013,On or near Flint Road,E01022168,Cheltenham 013B,Robbery,Court result unavailable,
9bdc04715246d00b09f2d6a0665373a07acb383071f1a921d34aec62b7a6b40d,2022-02,Gloucestershire Constabulary,Gloucestershire Constabulary,-2.107300,51.881996,On or near Glebe Farm Court,E01022169,Cheltenham 013C,Burglary,Investigation complete; no suspect identified,
a52e8f3ea558c05f6254f7be8421b9be63bee803059b34a6952d0a08d22e87b3,2022-02,Gloucestershire Constabulary,Gloucestershire Constabulary,-2.106310,51.881053,On or near Caernarvon Road,E01022169,Cheltenham 013C,Burglary,Investigation complete; no suspect identified,
476344ce3d341af9ee5ace73125fd4c0f03778136a7f0ef9715ef1179571a805,2022-02,Gloucestershire Constabulary,Gloucestershire Constabulary,-2.107154,51.881556,On or near Hulbert Crescent,E01022169,Cheltenham 013C,Public order,Unable to prosecute suspect,
f1c9cda25b099a991504f60a79442ab5ff7e6a6a36b3a1901f8d33eda09fee5f,2022-02,Gloucestershire Constabulary,Gloucestershire Constabulary,-2.106310,51.881053,On or near Caernarvon Road,E01022169,Cheltenham 013C,Violence and sexual offences,Unable to prosecute suspect,
dac55e28e6822f1c9f23cb1ad45b086f078f26567a39677aa62954ef2f8d09c5,2022-02,Gloucestershire Constabulary,Gloucestershire Constabulary,-2.106310,51.881053,On or near Caernarvon Road,E01022169,Cheltenham 013C,Violence and sexual offences,Action to be taken by another organisation,
334aa2e27c110858c394ae195cc46476bc535be776b7147b3f394fafec6ee33a,2022-02,Gloucestershire Constabulary,Gloucestershire Constabulary,-2.107300,51.881996,On or near Glebe Farm Court,E01022169,Cheltenham 013C,Violence and sexual offences,Unable to prosecute suspect,
92373fabd1e54defeb9b86c32632ed3c6e6dfd43ee390c36145a895fb8a9e9a2,2022-02,Gloucestershire Constabulary,Gloucestershire Constabulary,-2.106310,51.881053,On or near Caernarvon Road,E01022169,Cheltenham 013C,Violence and sexual offences,Action to be taken by another organisation,
544444c696a7ba7931a09a5ca7aa9765dbce3ba712fd97984087655a194d2ab4,2022-02,Gloucestershire Constabulary,Gloucestershire Constabulary,-2.112813,51.884617,On or near Broad Oak Way,E01022169,Cheltenham 013C,Violence and sexual offences,Investigation complete; no suspect identified,
07a9bc7371601cdb5b4788ab787f5f101bc706b3234917778cf029f3f50c1755,2022-02,Gloucestershire Constabulary,Gloucestershire Constabulary,-2.111219,51.880518,On or near Arlingham,E01022170,Cheltenham 013D,Burglary,Court result unavailable,
21779b79386c02c4b9ce4a68f60d8916370ebd89a4a498a04804a5bd50766add,2022-02,Gloucestershire Constabulary,Gloucestershire Constabulary,-2.110491,51.879791,On or near Rowan Way,E01022170,Cheltenham 013D,Other theft,Investigation complete; no suspect identified,
de8697d7f269ecfe76e30870c5c57145dc158f9aed928d0944e6230f97f35829,2022-02,Gloucestershire Constabulary,Gloucestershire Constabulary,-2.112562,51.883142,On or near Barton Way,E01022170,Cheltenham 013D,Violence and sexual offences,Court result unavailable,
,2022-02,Gloucestershire Constabulary,Gloucestershire Constabulary,-2.106408,51.879624,On or near The Greenings,E01022171,Cheltenham 013E,Anti-social behaviour,,
03dfb7969de3697af18ead3089216fb7569ceeda0b9967940b33017a69d73cec,2022-02,Gloucestershire Constabulary,Gloucestershire Constabulary,-2.099855,51.878820,On or near Japonica Drive,E01022171,Cheltenham 013E,Criminal damage and arson,Unable to prosecute suspect,
f4dd6dba4580aab7cc6c6ea9167aa5eab6e602b7c2b5e1583786b965843ee9ff,2022-02,Gloucestershire Constabulary,Gloucestershire Constabulary,-2.099855,51.878820,On or near Japonica Drive,E01022171,Cheltenham 013E,Violence and sexual offences,Unable to prosecute suspect,
ec15e1b98141565081d2c5b213693b59948d6e7a896efdb4407a79b4ef0fde33,2022-02,Gloucestershire Constabulary,Gloucestershire Constabulary,-2.094603,51.882340,On or near Woodlands Road,E01022172,Cheltenham 013F,Violence and sexual offences,Unable to prosecute suspect,
,2022-02,Gloucestershire Constabulary,Gloucestershire Constabulary,-2.110907,51.889321,On or near Coniston Road,E01022173,Cheltenham 013G,Anti-social behaviour,,
d76ab09cdc8d63f49025f56a326aa0da8d17cb76541956f23ed6198103a08d9a,2022-02,Gloucestershire Constabulary,Gloucestershire Constabulary,-2.109946,51.888476,On or near Grasmere Road,E01022173,Cheltenham 013G,Criminal damage and arson,Unable to prosecute suspect,
8b9556665d9eb8b4779ea0ce27669638a203e465ffa792f7cf73ad310ae68c9f,2022-02,Gloucestershire Constabulary,Gloucestershire Constabulary,-2.107712,51.890160,On or near Browning Mews,E01022173,Cheltenham 013G,Public order,Unable to prosecute suspect,
36e907fe028e5c15d8596bc63d264d1fee42e1b559366eb29bda0015ccc859c5,2022-02,Gloucestershire Constabulary,Gloucestershire Constabulary,-2.111398,51.888448,On or near Windermere Road,E01022173,Cheltenham 013G,Vehicle crime,Unable to prosecute suspect,
419bbe11627cf975f2a595b32687e6016e09508c6cd8992adba18f2e3c906b27,2022-02,Gloucestershire Constabulary,Gloucestershire Constabulary,-2.107712,51.890160,On or near Browning Mews,E01022173,Cheltenham 013G,Violence and sexual offences,Unable to prosecute suspect,
f97edee2201f0eb40b510d916ead57a4b7f90b329881049c025fccc22a3246c8,2022-02,Gloucestershire Constabulary,Gloucestershire Constabulary,-2.069322,51.880434,On or near Charlton Lane,E01022113,Cheltenham 014A,Burglary,Investigation complete; no suspect identified,
514ec6962fc9ab9848bf21391cfa5882e9251f6c11f08ee8f018d967c4e1882a,2022-02,Gloucestershire Constabulary,Gloucestershire Constabulary,-2.057905,51.882094,On or near Newcourt Road,E01022113,Cheltenham 014A,Criminal damage and arson,Local resolution,
14dcb48240f84be5ef9021b1b81965f41e772d64efcaee3af82b5f13b11f44d7,2022-02,Gloucestershire Constabulary,Gloucestershire Constabulary,-2.065426,51.879096,On or near Greatfield Drive,E01022113,Cheltenham 014A,Other theft,Unable to prosecute suspect,
26b8f04f7542f7a17ae6dae257597f3c1168af5b6efe25851e049838f5951e7d,2022-02,Gloucestershire Constabulary,Gloucestershire Constabulary,-2.060535,51.882461,On or near Pinetrees,E01022113,Cheltenham 014A,Violence and sexual offences,Unable to prosecute suspect,
4cae7ccace3a79260effdfea1b52eec6856536a0bb73a729d72e8708d721c94b,2022-02,Gloucestershire Constabulary,Gloucestershire Constabulary,-2.060535,51.882461,On or near Pinetrees,E01022113,Cheltenham 014A,Violence and sexual offences,Unable to prosecute suspect,
ad31aba5bcabf5c4eee3ae799fee04aa2764cd6fa57267e54f3856fb304b5eea,2022-02,Gloucestershire Constabulary,Gloucestershire Constabulary,-2.064855,51.875536,On or near Parkland Road,E01022114,Cheltenham 014B,Criminal damage and arson,Investigation complete; no suspect identified,
3f36c60c4628acc8275506cead0ed1b9111a6bb63a8e38624a7ba7471d88e79a,2022-02,Gloucestershire Constabulary,Gloucestershire Constabulary,-2.063024,51.875241,On or near Sandy Lane,E01022114,Cheltenham 014B,Public order,Investigation complete; no suspect identified,
c623a82b4e1679df47553e4b102fe4c99ae8e21349d6c900cb01a3cd433a5316,2022-02,Gloucestershire Constabulary,Gloucestershire Constabulary,-2.068341,51.894946,On or near Sandford Park Place,E01022115,Cheltenham 014C,Burglary,Investigation complete; no suspect identified,
623d141cb18d411fff2b12f0620a213686282bf35e6ea5d1ea11405d030e067b,2022-02,Gloucestershire Constabulary,Gloucestershire Constabulary,-2.066813,51.893202,On or near College Gate,E01022115,Cheltenham 014C,Burglary,Investigation complete; no suspect identified,
e9275297db8e7592dfd5d0f35be2ba935c0b029669707fc4650c4bdb240f8a05,2022-02,Gloucestershire Constabulary,Gloucestershire Constabulary,-2.066727,51.894047,On or near Keynsham Road,E01022115,Cheltenham 014C,Violence and sexual offences,Unable to prosecute suspect,
23d31c8f46e6e3302479b2164d222fe37dacfe9abe0838a252a8828cbb6bd811,2022-02,Gloucestershire Constabulary,Gloucestershire Constabulary,-2.071541,51.887571,On or near Whitecross Square,E01022118,Cheltenham 014D,Criminal damage and arson,Investigation complete; no suspect identified,
bb687cf7e5115a2209b714cea6a12788cea959c28b65d3d38e274ba558d7ce39,2022-02,Gloucestershire Constabulary,Gloucestershire Constabulary,-2.071541,51.887571,On or near Whitecross Square,E01022118,Cheltenham 014D,Criminal damage and arson,Investigation complete; no suspect identified,
cec0e6ade2c2053367f8700a535ca359d217d7abb0bfaf26d710a41bb1e55ec0,2022-02,Gloucestershire Constabulary,Gloucestershire Constabulary,-2.071541,51.887571,On or near Whitecross Square,E01022118,Cheltenham 014D,Criminal damage and arson,Investigation complete; no suspect identified,
7b9de0b88b1c221c8ac6654a46c1b668b608d30bfbe8466f54251aad4d1d6db7,2022-02,Gloucestershire Constabulary,Gloucestershire Constabulary,-2.071541,51.887571,On or near Whitecross Square,E01022118,Cheltenham 014D,Criminal damage and arson,Investigation complete; no suspect identified,
5562ca80bd0d4fb4b4b2444e8ac78b86b4e50aa44085062d6967dc06064748c8,2022-02,Gloucestershire Constabulary,Gloucestershire Constabulary,-2.075171,51.886031,On or near Naunton Way,E01022118,Cheltenham 014D,Violence and sexual offences,Investigation complete; no suspect identified,
9f1e5c4027633581b7d20e40cd3217c9dcdcbdd9b453108ec8c4bd6ed778e55c,2022-02,Gloucestershire Constabulary,Gloucestershire Constabulary,-2.092285,51.871229,On or near Leckhampton Lane,E01022128,Cheltenham 015A,Violence and sexual offences,Unable to prosecute suspect,
,2022-02,Gloucestershire Constabulary,Gloucestershire Constabulary,-2.074216,51.879514,On or near Charlton Lane,E01022129,Cheltenham 015B,Anti-social behaviour,,
3b418c3fbd95e20c4139ace27196130c7a6ce614d29fc752e85e03c4fc8e267c,2022-02,Gloucestershire Constabulary,Gloucestershire Constabulary,-2.072136,51.878067,On or near Westbury Road,E01022129,Cheltenham 015B,Criminal damage and arson,Local resolution,
0b5b0c8422627322958049e6a608e73e433197888c563d560ef8bdfc39fff51f,2022-02,Gloucestershire Constabulary,Gloucestershire Constabulary,-2.074216,51.879514,On or near Charlton Lane,E01022129,Cheltenham 015B,Violence and sexual offences,Unable to prosecute suspect,
f353940ef64c966ff3ce81c4ba14ed566e0118c0134cf5a8308979af8f3b52c3,2022-02,Gloucestershire Constabulary,Gloucestershire Constabulary,-2.072673,51.868564,On or near Daisybank Road,E01022129,Cheltenham 015B,Violence and sexual offences,Investigation complete; no suspect identified,
1e29480af33f50dd7ac5b8c2332bb000b9c22e8895c44ddd8c62db8fc3dffa61,2022-02,Gloucestershire Constabulary,Gloucestershire Constabulary,-2.081472,51.883465,On or near Moorend Crescent,E01022130,Cheltenham 015C,Criminal damage and arson,Unable to prosecute suspect,
dcc6fe2ccd9610f010cc1509c801acaed2a92260840e500f4c514467d4e5912f,2022-02,Gloucestershire Constabulary,Gloucestershire Constabulary,-2.085232,51.881871,On or near Merlin Way,E01022130,Cheltenham 015C,Other theft,Investigation complete; no suspect identified,
7650a8ca09e32c4dea3df1058ae86fc0e1d5966c89d3fd65524ec4df2db604b1,2022-02,Gloucestershire Constabulary,Gloucestershire Constabulary,-2.080981,51.885065,On or near Croft Street,E01022130,Cheltenham 015C,Vehicle crime,Investigation complete; no suspect identified,
9fee794fe69dba98f54cf7f7ada05fbdfa1d7b3abea36bf50b2b1ef58ee79049,2022-02,Gloucestershire Constabulary,Gloucestershire Constabulary,-2.085510,51.882734,On or near Merlin Close,E01022130,Cheltenham 015C,Vehicle crime,Investigation complete; no suspect identified,
80b872f50749fb517b0d6e18e887954e10b42d77215cd44b7ca2d277a41c1685,2022-02,Gloucestershire Constabulary,Gloucestershire Constabulary,-2.081472,51.883465,On or near Moorend Crescent,E01022130,Cheltenham 015C,Violence and sexual offences,Unable to prosecute suspect,
7bc74d6126248eeb0222fbd7c645ea66f26b629248385e87bc8575117921ff59,2022-02,Gloucestershire Constabulary,Gloucestershire Constabulary,-2.075922,51.883343,On or near Mead Road,E01022130,Cheltenham 015C,Violence and sexual offences,Unable to prosecute suspect,
5311ca2cfb69fb09d35ba010d9106d3f3b6ab5b394601c9b53b12e0628707a41,2022-02,Gloucestershire Constabulary,Gloucestershire Constabulary,-2.075922,51.883343,On or near Mead Road,E01022130,Cheltenham 015C,Violence and sexual offences,Unable to prosecute suspect,
,2022-02,Gloucestershire Constabulary,Gloucestershire Constabulary,-1.798225,52.013507,On or near A44,E01022179,Cotswold 001A,Anti-social behaviour,,
a499b0cd8829422a34bef9c93b79ce25a62b44077fab5e0195c8de721e6a2214,2022-02,Gloucestershire Constabulary,Gloucestershire Constabulary,-1.754876,52.027298,On or near John Woolfe Court,E01022179,Cotswold 001A,Other theft,Investigation complete; no suspect identified,
5fc9cb0d0865619767eca9c434c04efc2c153327fd005b59436790567a221a2e,2022-02,Gloucestershire Constabulary,Gloucestershire Constabulary,-1.818828,52.067745,On or near B4632,E01022182,Cotswold 001B,Burglary,Investigation complete; no suspect identified,
edb1b90a7c27d671223f2553581ce65c66f21e620d4299639d5e366646f058ec,2022-02,Gloucestershire Constabulary,Gloucestershire Constabulary,-1.851468,52.057137,On or near Timms Green,E01022182,Cotswold 001B,Criminal damage and arson,Investigation complete; no suspect identified,
a67afaaf40f9c0f998e179ce4e7f99ece83b1a781f5dfe7e8f24179fd9dda70d,2022-02,Gloucestershire Constabulary,Gloucestershire Constabulary,-1.846333,52.057391,On or near B4632,E01022182,Cotswold 001B,Violence and sexual offences,Unable to prosecute suspect,
2bcd513f9c399aa3497b2be7633bb1e7e3ccb8fe7020a3b7b1c6b062067ce206,2022-02,Gloucestershire Constabulary,Gloucestershire Constabulary,-1.777190,52.053774,On or near Cidermill Lane,E01022183,Cotswold 001C,Other theft,Investigation complete; no suspect identified,
9f17190d58d527b964038994cc5861b7753a60faf39bac160420a1fa2b19cdf9,2022-02,Gloucestershire Constabulary,Gloucestershire Constabulary,-1.764353,52.054460,On or near Sports/Recreation Area,E01022183,Cotswold 001C,Other theft,Investigation complete; no suspect identified,
bd08d8f9e54bf1d2194e53d3e20f00b6e6d8e021b8cfb95498446adfb4bf5134,2022-02,Gloucestershire Constabulary,Gloucestershire Constabulary,-1.767377,52.053342,On or near Berrington Road,E01022183,Cotswold 001C,Possession of weapons,Formal action is not in the public interest,
765ecd1720dd946eb311f3cc85615d173f997a94d2cb406e2d516641037b01a7,2022-02,Gloucestershire Constabulary,Gloucestershire Constabulary,-1.780285,52.050157,On or near Peelers Close,E01022183,Cotswold 001C,Theft from the person,Investigation complete; no suspect identified,
4d5a41dfbb74ab74d2ec33fb205aeb5760ad5ad3a12577f635ad74626774ab55,2022-02,Gloucestershire Constabulary,Gloucestershire Constabulary,-1.780067,52.052845,On or near Rolling Stones,E01022183,Cotswold 001C,Violence and sexual offences,Investigation complete; no suspect identified,
6e954ae03d54cf5bb64eb4844124ccfcb40f2db17d0c1492b8e5b7f97b6a5a24,2022-02,Gloucestershire Constabulary,Gloucestershire Constabulary,-1.779648,52.049230,On or near Badgers Field,E01022183,Cotswold 001C,Violence and sexual offences,Unable to prosecute suspect,
c7fd2d473d8252466d4bc99e5ae083141a732868072ecafcbbb2e8dbdaea8df0,2022-02,Gloucestershire Constabulary,Gloucestershire Constabulary,-1.787825,52.049937,On or near Littleworth,E01022184,Cotswold 001D,Violence and sexual offences,Unable to prosecute suspect,
1d21533befcc4b56b52a5c8e062afcc59e46aa97d0701a8cfca072c64b39f755,2022-02,Gloucestershire Constabulary,Gloucestershire Constabulary,-1.786778,52.049333,On or near Coronation Close,E01022184,Cotswold 001D,Violence and sexual offences,Investigation complete; no suspect identified,
f7f8520cd303eb78bc2e233c566ce82353dd26ed23955b2b6ee8a0a431c47dec,2022-02,Gloucestershire Constabulary,Gloucestershire Constabulary,-1.787825,52.049937,On or near Littleworth,E01022184,Cotswold 001D,Violence and sexual offences,Unable to prosecute suspect,
,2022-02,Gloucestershire Constabulary,Gloucestershire Constabulary,-1.769193,52.091493,On or near Inverlea Court,E01022185,Cotswold 001E,Anti-social behaviour,,
5a178014382f250c5ec2d21feb1e5d19199160ca524ed7773112bdc4f55fee7e,2022-02,Gloucestershire Constabulary,Gloucestershire Constabulary,-1.759350,52.095303,On or near Nursery Close,E01022185,Cotswold 001E,Burglary,Investigation complete; no suspect identified,
e7af79f2ccad7e84f27262a8d1bc66925da5534d6856e503b5a0737c9435520c,2022-02,Gloucestershire Constabulary,Gloucestershire Constabulary,-1.762783,52.094851,On or near Meon Road,E01022185,Cotswold 001E,Criminal damage and arson,Unable to prosecute suspect,
f6bdf166a9d332ae74fa45c2f19730ed1f969f4578b56f7647303f0670637b6f,2022-02,Gloucestershire Constabulary,Gloucestershire Constabulary,-1.767423,52.089574,On or near High Street,E01022185,Cotswold 001E,Other theft,Investigation complete; no suspect identified,
,2022-02,Gloucestershire Constabulary,Gloucestershire Constabulary,-1.715448,51.931062,On or near St Edwards Road,E01022177,Cotswold 002A,Anti-social behaviour,,
,2022-02,Gloucestershire Constabulary,Gloucestershire Constabulary,-1.723007,51.931709,On or near Parson'S Corner,E01022177,Cotswold 002A,Anti-social behaviour,,
,2022-02,Gloucestershire Constabulary,Gloucestershire Constabulary,-1.721508,51.929485,On or near Digbeth Street,E01022177,Cotswold 002A,Anti-social behaviour,,
,2022-02,Gloucestershire Constabulary,Gloucestershire Constabulary,-1.717849,51.930816,On or near Shepherds Way,E01022177,Cotswold 002A,Anti-social behaviour,,
,2022-02,Gloucestershire Constabulary,Gloucestershire Constabulary,-1.723587,51.929571,On or near Church Street,E01022177,Cotswold 002A,Anti-social behaviour,,
71253a651cbac19aa2924b32f484cb80c373cc9711b867311bec93b6637eb92a,2022-02,Gloucestershire Constabulary,Gloucestershire Constabulary,-1.718657,51.929505,On or near Union Street,E01022177,Cotswold 002A,Burglary,Investigation complete; no suspect identified,
29fd24704343a1ef4313535b6a9e167e862f96c6f3ade85234ac3cf1bb39b9b4,2022-02,Gloucestershire Constabulary,Gloucestershire Constabulary,-1.722577,51.928346,On or near Back Walls,E01022177,Cotswold 002A,Burglary,Investigation complete; no suspect identified,
aa8cfa380403cce6fb4145c786c9f0fd0cf2d2391aa51e4f6dc4078a03e1010d,2022-02,Gloucestershire Constabulary,Gloucestershire Constabulary,-1.717151,51.928594,On or near Oddington Road,E01022177,Cotswold 002A,Criminal damage and arson,Court result unavailable,
f0828c15b46b95959b268905284eece5059a41d97e423579544196a18bedb003,2022-02,Gloucestershire Constabulary,Gloucestershire Constabulary,-1.719779,51.926865,On or near Fisher Close,E01022177,Cotswold 002A,Criminal damage and arson,Investigation complete; no suspect identified,
5cc8c891bf9411c2b883352cf0d4b7082192ed56e7e3921047150eaaf6dba2fd,2022-02,Gloucestershire Constabulary,Gloucestershire Constabulary,-1.726668,51.934694,On or near Newlands Court,E01022177,Cotswold 002A,Shoplifting,Local resolution,
6e321d44d1d4750a162921d03faabb68b6b9fdc8fb483ed0670093e2f07268ee,2022-02,Gloucestershire Constabulary,Gloucestershire Constabulary,-1.718657,51.929505,On or near Union Street,E01022177,Cotswold 002A,Violence and sexual offences,Unable to prosecute suspect,
a891e9d7a5c292a0c25f64121d25111bdb57f5d56cc2a6f69b74c9c24bfb0c58,2022-02,Gloucestershire Constabulary,Gloucestershire Constabulary,-1.710970,51.930880,On or near Griffin Close,E01022177,Cotswold 002A,Violence and sexual offences,Unable to prosecute suspect,
f099363d7de5eaccd079228be399ab1faefbde5bd6feb174ef2063aa7009b609,2022-02,Gloucestershire Constabulary,Gloucestershire Constabulary,-1.710970,51.930880,On or near Griffin Close,E01022177,Cotswold 002A,Violence and sexual offences,Unable to prosecute suspect,
fc572163f51db72ac5c25798832179b13d479092459312562a199129fedc6c46,2022-02,Gloucestershire Constabulary,Gloucestershire Constabulary,-1.717151,51.928594,On or near Oddington Road,E01022177,Cotswold 002A,Violence and sexual offences,Court result unavailable,
fe5172d33ec4ed949b98d3aeeb6ac705443033ba458d75747e5665aa3e49a564,2022-02,Gloucestershire Constabulary,Gloucestershire Constabulary,-1.715688,51.929885,On or near St Edwards Drive,E01022177,Cotswold 002A,Violence and sexual offences,Unable to prosecute suspect,
389953323deae2c357013111684aec29a2f3945bcc9b84d4b740202421550056,2022-02,Gloucestershire Constabulary,Gloucestershire Constabulary,-1.717151,51.928594,On or near Oddington Road,E01022177,Cotswold 002A,Violence and sexual offences,Court result unavailable,
560c9d816910a6c0a4d3ab237c3f12870adf38d2bfc64b46b7e3a8c9e7f901c9,2022-02,Gloucestershire Constabulary,Gloucestershire Constabulary,-1.715688,51.929885,On or near St Edwards Drive,E01022177,Cotswold 002A,Violence and sexual offences,Unable to prosecute suspect,
74c49fc4c0f9db9902eaf922ca3b1b6d12ddb724069968b5ec20a77604981a69,2022-02,Gloucestershire Constabulary,Gloucestershire Constabulary,-1.717151,51.928594,On or near Oddington Road,E01022177,Cotswold 002A,Violence and sexual offences,Court result unavailable,
4033f644e008e41ff3548393b16570d85aa9c500f718687df2585516214ab83c,2022-02,Gloucestershire Constabulary,Gloucestershire Constabulary,-1.718657,51.929505,On or near Union Street,E01022177,Cotswold 002A,Violence and sexual offences,Unable to prosecute suspect,
9e38abf9c3b8420d098bf9c8f01cee3daeb45068229f07b3d29cadb782e4bc0c,2022-02,Gloucestershire Constabulary,Gloucestershire Constabulary,-1.712632,51.930255,On or near King Georges Field,E01022177,Cotswold 002A,Other crime,Action to be taken by another organisation,
8191b66a6d82f047953458a31d78cefce7f73875bedd7777f8b612e3592fc68a,2022-02,Gloucestershire Constabulary,Gloucestershire Constabulary,-1.642649,51.900843,On or near Jackson Road,E01022178,Cotswold 002B,Other theft,Investigation complete; no suspect identified,
69e88e015ae43436d5f0445a235ac61ac47703eeaa98e8baf7753d6b9d79dd63,2022-02,Gloucestershire Constabulary,Gloucestershire Constabulary,-1.750885,51.974226,On or near Icehouse Lane,E01022205,Cotswold 002C,Other theft,Investigation complete; no suspect identified,
1509f277dbe35c591540fdda12d80d3d82624930d7a76ffacdceefc502bbd5e9,2022-02,Gloucestershire Constabulary,Gloucestershire Constabulary,-1.749811,51.960630,On or near A424,E01022205,Cotswold 002C,Public order,Investigation complete; no suspect identified,
a8cc37db3c246b610ce9f846140bfdba6c6f408fa4d8ca40e8b32d6cdc7f2ee5,2022-02,Gloucestershire Constabulary,Gloucestershire Constabulary,-1.737612,51.966124,On or near Bean Hill,E01022205,Cotswold 002C,Violence and sexual offences,Status update unavailable,
5d219ee326888aa6d02dcdf768baf63baf8567e2979216088c40f247c96d8042,2022-02,Gloucestershire Constabulary,Gloucestershire Constabulary,-1.704428,51.992433,On or near Hospital,E01022211,Cotswold 002D,Criminal damage and arson,Unable to prosecute suspect,
f4f504bdcc1e011a1300c744c7f51c65ea70fd388d99c5ed3c65d675d7b8e01b,2022-02,Gloucestershire Constabulary,Gloucestershire Constabulary,-1.703161,51.990236,On or near High Street,E01022211,Cotswold 002D,Public order,Investigation complete; no suspect identified,
2ada47adfb8d5c798dd64b0b0fdcd9474af5366d481f9d232dc39bef9f078888,2022-02,Gloucestershire Constabulary,Gloucestershire Constabulary,-1.701974,51.991303,On or near New Road,E01022211,Cotswold 002D,Vehicle crime,Investigation complete; no suspect identified,
b3a60b30f189c3bc32e7748e08f198eed1455a0b415e99b7169ddbb66a4281ea,2022-02,Gloucestershire Constabulary,Gloucestershire Constabulary,-1.704428,51.992433,On or near Hospital,E01022211,Cotswold 002D,Violence and sexual offences,Investigation complete; no suspect identified,
,2022-02,Gloucestershire Constabulary,Gloucestershire Constabulary,-1.687371,51.988640,On or near Cotswold Link,E01022212,Cotswold 002E,Anti-social behaviour,,
3cb364734ecb1b3a3dc6588122ea38092f880146020a2ef60422b4588b6ba320,2022-02,Gloucestershire Constabulary,Gloucestershire Constabulary,-1.684443,51.993020,On or near 3Rd Avenue,E01022212,Cotswold 002E,Other theft,Investigation complete; no suspect identified,
8da8fcb0a5d17079ba1cda8d96b3aaba78906048327939909887ce448fb4a4cb,2022-02,Gloucestershire Constabulary,Gloucestershire Constabulary,-1.700440,51.987658,On or near Gray'S Lane,E01022212,Cotswold 002E,Vehicle crime,Investigation complete; no suspect identified,
0f89a923a5240eaa4306677b7473aac6495db180ef44f9c942dca03327931c0d,2022-02,Gloucestershire Constabulary,Gloucestershire Constabulary,-1.690746,51.991229,On or near Mosedale,E01022212,Cotswold 002E,Violence and sexual offences,Unable to prosecute suspect,
c34a8a48fb1d1bbdab2d859044105ab6abbf0639ad7b35317ea062f4ff83fc3f,2022-02,Gloucestershire Constabulary,Gloucestershire Constabulary,-1.690746,51.991229,On or near Mosedale,E01022212,Cotswold 002E,Violence and sexual offences,Unable to prosecute suspect,
,2022-02,Gloucestershire Constabulary,Gloucestershire Constabulary,-1.755161,51.892131,On or near Kings Meadow,E01022180,Cotswold 003A,Anti-social behaviour,,
,2022-02,Gloucestershire Constabulary,Gloucestershire Constabulary,-1.757745,51.892523,On or near Melville,E01022180,Cotswold 003A,Anti-social behaviour,,
,2022-02,Gloucestershire Constabulary,Gloucestershire Constabulary,-1.754669,51.894378,On or near Meadow Way,E01022180,Cotswold 003A,Anti-social behaviour,,
,2022-02,Gloucestershire Constabulary,Gloucestershire Constabulary,-1.751223,51.884202,On or near Cemetery Lane,E01022180,Cotswold 003A,Anti-social behaviour,,
7f7d540642f4f8808d59c65e7def8c8f609162f62c8d0576b9b775b1ec0d24a6,2022-02,Gloucestershire Constabulary,Gloucestershire Constabulary,-1.747868,51.881416,On or near Lamberts Field,E01022180,Cotswold 003A,Criminal damage and arson,Unable to prosecute suspect,
f29b8b123ed47a19e4e0916025afd5ac0c2b1a3042075a9f9679254f1e16cceb,2022-02,Gloucestershire Constabulary,Gloucestershire Constabulary,-1.755161,51.892131,On or near Kings Meadow,E01022180,Cotswold 003A,Criminal damage and arson,Investigation complete; no suspect identified,
3197592e4af86e61bae31c297a41441c73a79b6f73f5b919a2a7b2a44a02274b,2022-02,Gloucestershire Constabulary,Gloucestershire Constabulary,-1.757165,51.889555,On or near The Avenue,E01022180,Cotswold 003A,Other theft,Unable to prosecute suspect,
f082a226d4189ab086d7e5c1a92e1dc8c83bc9ffeaf73cab4fedc24a46be6fae,2022-02,Gloucestershire Constabulary,Gloucestershire Constabulary,-1.755161,51.892131,On or near Kings Meadow,E01022180,Cotswold 003A,Other theft,Unable to prosecute suspect,
f304cfd28abc4eecedc317c0f3086ef5c2578f7747b11cd8bb48048df0bcf1d1,2022-02,Gloucestershire Constabulary,Gloucestershire Constabulary,-1.755161,51.892131,On or near Kings Meadow,E01022180,Cotswold 003A,Public order,Investigation complete; no suspect identified,
98122f1393ae296833eba66315260eb8239b90dbd3d2333bf1521afc0ac48ffe,2022-02,Gloucestershire Constabulary,Gloucestershire Constabulary,-1.754669,51.894378,On or near Meadow Way,E01022180,Cotswold 003A,Violence and sexual offences,Investigation complete; no suspect identified,
42dfa1443118ce3bceae0009607939c31c14fe462eb59c5b3ee26850c2900e3b,2022-02,Gloucestershire Constabulary,Gloucestershire Constabulary,-1.757745,51.892523,On or near Melville,E01022180,Cotswold 003A,Violence and sexual offences,Unable to prosecute suspect,
b28576381e7c109cfa36a7970bd832695ec0e6a7ff6780ba2356d87d3efcbf98,2022-02,Gloucestershire Constabulary,Gloucestershire Constabulary,-1.754669,51.894378,On or near Meadow Way,E01022180,Cotswold 003A,Violence and sexual offences,Investigation complete; no suspect identified,
0eff07d8c66c16a8fadf6905ea18aeaf8efe2d04fbca01c8d83d12d7e06821bf,2022-02,Gloucestershire Constabulary,Gloucestershire Constabulary,-1.757165,51.889555,On or near The Avenue,E01022180,Cotswold 003A,Violence and sexual offences,Investigation complete; no suspect identified,
c84dee206dab5e5e7d990fc22baf414589c330b798ed2bcb8e5635a7b971aca7,2022-02,Gloucestershire Constabulary,Gloucestershire Constabulary,-1.757745,51.892523,On or near Melville,E01022180,Cotswold 003A,Violence and sexual offences,Unable to prosecute suspect,
914394e97bf3ce4538f9ae88a23504ff1e74a33a20f835c322f5f52004e51429,2022-02,Gloucestershire Constabulary,Gloucestershire Constabulary,-1.755161,51.892131,On or near Kings Meadow,E01022180,Cotswold 003A,Violence and sexual offences,Investigation complete; no suspect identified,
,2022-02,Gloucestershire Constabulary,Gloucestershire Constabulary,-1.758131,51.885565,On or near Rectory Lane,E01022181,Cotswold 003B,Anti-social behaviour,,
d134197d98be481e028bd4de5cf5f266b801afc126280b8710c3f91e41933aa9,2022-02,Gloucestershire Constabulary,Gloucestershire Constabulary,-1.778898,51.884527,On or near Old Gloucester Road,E01022181,Cotswold 003B,Burglary,Investigation complete; no suspect identified,
0bef93d2892934462fd054ba2b9df385c545e8ec50a67f37f48a5df9763bd1f1,2022-02,Gloucestershire Constabulary,Gloucestershire Constabulary,-1.758731,51.882069,On or near Gasworks Lane,E01022181,Cotswold 003B,Other theft,Investigation complete; no suspect identified,
31ddecce86fde8be90e304b5d3a96825fbc7882ea7479d6f051e7b7494181c84,2022-02,Gloucestershire Constabulary,Gloucestershire Constabulary,-1.760161,51.883600,On or near Sherborne Street,E01022181,Cotswold 003B,Other theft,Investigation complete; no suspect identified,
9547a929e60d57c4f3dbf104106c08276cc7e1c392a31604ccf6dc792d18e40b,2022-02,Gloucestershire Constabulary,Gloucestershire Constabulary,-1.758731,51.882069,On or near Gasworks Lane,E01022181,Cotswold 003B,Vehicle crime,Investigation complete; no suspect identified,
c745eba008f2b76b1dc2685a30c743ee0b88290f699bc7a695857c0db3a98681,2022-02,Gloucestershire Constabulary,Gloucestershire Constabulary,-1.750715,51.878770,On or near Nethercote Drive,E01022181,Cotswold 003B,Violence and sexual offences,Unable to prosecute suspect,
3697eb4c7040fcba94ee4fb37084a9efefd9a2fc3eced70659fd07a8a36789a2,2022-02,Gloucestershire Constabulary,Gloucestershire Constabulary,-1.750715,51.878770,On or near Nethercote Drive,E01022181,Cotswold 003B,Violence and sexual offences,Unable to prosecute suspect,
,2022-02,Gloucestershire Constabulary,Gloucestershire Constabulary,-1.722900,51.875705,On or near Manor Farm,E01022214,Cotswold 003C,Anti-social behaviour,,
e9474459acdcce3a8b4d2ea732a45500c6e9a56596cd4ba4888c1b1002e2ef8f,2022-02,Gloucestershire Constabulary,Gloucestershire Constabulary,-1.722900,51.875705,On or near Manor Farm,E01022214,Cotswold 003C,Criminal damage and arson,Unable to prosecute suspect,
57cb05572e4a12341d089a47d64a2fac18eab18f3ff598142c40c2b63a27f66f,2022-02,Gloucestershire Constabulary,Gloucestershire Constabulary,-1.711105,51.898379,On or near A424,E01022214,Cotswold 003C,Public order,Unable to prosecute suspect,
d95edf1841c5d1cf2c365c5cfc6cb1dadc87bcfab8901106ee3199d01c10f3fb,2022-02,Gloucestershire Constabulary,Gloucestershire Constabulary,-1.722900,51.875705,On or near Manor Farm,E01022214,Cotswold 003C,Violence and sexual offences,Unable to prosecute suspect,
3f5b24f46fd05893cc80d74770ccf4231ba52361db3a8092c87562450e76ea6b,2022-02,Gloucestershire Constabulary,Gloucestershire Constabulary,-1.714587,51.855788,On or near Green'S Close,E01022214,Cotswold 003C,Violence and sexual offences,Unable to prosecute suspect,
c05e2c29f112e7fa265f1154b4fd0ae3d281141c31630d1b731d4e4ab9a871a4,2022-02,Gloucestershire Constabulary,Gloucestershire Constabulary,-1.711028,51.896832,On or near Parking Area,E01022214,Cotswold 003C,Violence and sexual offences,Unable to prosecute suspect,
,2022-02,Gloucestershire Constabulary,Gloucestershire Constabulary,-1.768323,51.887051,On or near High Street,E01022222,Cotswold 003D,Anti-social behaviour,,
c214bbd025b0339bcdcdc1ac6eb6084b23b78889083ba5288f7b6dd92629c638,2022-02,Gloucestershire Constabulary,Gloucestershire Constabulary,-1.758409,51.901452,On or near The Whitmores,E01022222,Cotswold 003D,Burglary,Investigation complete; no suspect identified,
a9edf172d93209b824b21f95a1f7ad382d79eda874545a4458e81c694c33054a,2022-02,Gloucestershire Constabulary,Gloucestershire Constabulary,-1.866525,51.952036,On or near The Sherry,E01022222,Cotswold 003D,Other theft,Investigation complete; no suspect identified,
027abdba555fc44dfa7ca984b6adb6419f446507c68a452657f4fd1316a5cdd5,2022-02,Gloucestershire Constabulary,Gloucestershire Constabulary,-1.866525,51.952036,On or near The Sherry,E01022222,Cotswold 003D,Other theft,Investigation complete; no suspect identified,
2bfb23f87c9bf4eb5d97bbccf8c70a937383ac4595f9889096834e19dfc2109a,2022-02,Gloucestershire Constabulary,Gloucestershire Constabulary,-1.849735,51.982216,On or near Buckle Street,E01022222,Cotswold 003D,Violence and sexual offences,Unable to prosecute suspect,
da59cac8c34473aebe5eefe2b02a152435e8aea96021df665ce39426a97ac1ea,2022-02,Gloucestershire Constabulary,Gloucestershire Constabulary,-1.832896,51.909610,On or near Village Avenue,E01022222,Cotswold 003D,Violence and sexual offences,Unable to prosecute suspect,
dc8383dd9b657d46ffa9b6f3318c0f0ac6175b8ac9ddf4f7dae841e5d5cf49d5,2022-02,Gloucestershire Constabulary,Gloucestershire Constabulary,-1.832896,51.909610,On or near Village Avenue,E01022222,Cotswold 003D,Violence and sexual offences,Unable to prosecute suspect,
0b815e232dfee69127762f92ef7f322062bd32f045264d4610d007a01ec42987,2022-02,Gloucestershire Constabulary,Gloucestershire Constabulary,-1.949476,51.836667,On or near Kings Head Lane,E01022186,Cotswold 004A,Vehicle crime,Investigation complete; no suspect identified,
738ca942fa16ba86c2339d03aaf2bbd8569a84ef6200e63e21fe352bb5b716cf,2022-02,Gloucestershire Constabulary,Gloucestershire Constabulary,-1.923010,51.807387,On or near Queen Street,E01022186,Cotswold 004A,Other crime,Court result unavailable,
,2022-02,Gloucestershire Constabulary,Gloucestershire Constabulary,-1.983757,51.751882,On or near Welsh Way,E01022187,Cotswold 004B,Anti-social behaviour,,
e48ccf3f58017555bea48ce31c1784199e16d62d0e812ef96fb3dd3055c19117,2022-02,Gloucestershire Constabulary,Gloucestershire Constabulary,-1.971634,51.749452,On or near A435,E01022187,Cotswold 004B,Burglary,Investigation complete; no suspect identified,
ec39f8e6e14378fdb7403c0baad4092be145faafac71a3d5c8ef33257d36717a,2022-02,Gloucestershire Constabulary,Gloucestershire Constabulary,-2.056062,51.848217,On or near A436,E01022187,Cotswold 004B,Vehicle crime,Investigation complete; no suspect identified,
86d01843a2615b27627d370066a4107ff4109f06d0819f978c8b3411989e4d3a,2022-02,Gloucestershire Constabulary,Gloucestershire Constabulary,-2.000040,51.817814,On or near Petrol Station,E01022187,Cotswold 004B,Violence and sexual offences,Unable to prosecute suspect,
b6ccd87f5180326f342835482bc8183d1611fbf8bd8c06228b16e728e6817199,2022-02,Gloucestershire Constabulary,Gloucestershire Constabulary,-2.000040,51.817814,On or near Petrol Station,E01022187,Cotswold 004B,Violence and sexual offences,Court result unavailable,
4a6cf727258b414586ef124783534b34cdc609c84b9637991f599c896e794898,2022-02,Gloucestershire Constabulary,Gloucestershire Constabulary,-1.969446,51.771992,On or near The Orchard,E01022187,Cotswold 004B,Violence and sexual offences,Unable to prosecute suspect,
e07c5cc2101214aa959376b13fb5f29fd6b4224477946ea60441e19caffc3b76,2022-02,Gloucestershire Constabulary,Gloucestershire Constabulary,-2.097004,51.843461,On or near A417,E01022187,Cotswold 004B,Violence and sexual offences,Unable to prosecute suspect,
4a966ceaec6a54525772046ac2395843e97b221218a7467dfbfa0951e4949b30,2022-02,Gloucestershire Constabulary,Gloucestershire Constabulary,-2.000040,51.817814,On or near Petrol Station,E01022187,Cotswold 004B,Violence and sexual offences,Unable to prosecute suspect,
d9a6e0c34cbed0d8219b071abe08473e9f50cc169c5ea9c08eff6b77bba2e10f,2022-02,Gloucestershire Constabulary,Gloucestershire Constabulary,-2.000040,51.817814,On or near Petrol Station,E01022187,Cotswold 004B,Violence and sexual offences,Unable to prosecute suspect,
d4fc07c69d076a194312c3507ac4db13f0f65846136ec5682acce29fb632d187,2022-02,Gloucestershire Constabulary,Gloucestershire Constabulary,-2.042743,51.764832,On or near Crabtree Lane,E01022201,Cotswold 004C,Other theft,Investigation complete; no suspect identified,
f2bac898f986be5a9bb3946211b553e96493cc34eafb9b0b1a3d92473f699112,2022-02,Gloucestershire Constabulary,Gloucestershire Constabulary,-2.055114,51.785919,On or near Foss Field,E01022201,Cotswold 004C,Public order,Unable to prosecute suspect,
75f40e632f4396c01634bbcceb8da2a60d98c0421b3e5f6ee59a1508d3ec755c,2022-02,Gloucestershire Constabulary,Gloucestershire Constabulary,-2.042743,51.764832,On or near Crabtree Lane,E01022201,Cotswold 004C,Public order,Court result unavailable,
2d369c31126239e24b5a469b0970f4f543cee60b120149c7591ae0796870a3a0,2022-02,Gloucestershire Constabulary,Gloucestershire Constabulary,-2.055114,51.785919,On or near Foss Field,E01022201,Cotswold 004C,Violence and sexual offences,Unable to prosecute suspect,
b0c7e770d081b2bc2ac179ce7fa4c16431d09568fc8e97d6e09bc4c3576d0c46,2022-02,Gloucestershire Constabulary,Gloucestershire Constabulary,-1.966341,51.875163,On or near Waterside Close,E01022216,Cotswold 004D,Public order,Investigation complete; no suspect identified,
379d7e313ec2ad36a046a8b10f0c6b95ec35315818d11a63e5c90175cbbb4ec7,2022-02,Gloucestershire Constabulary,Gloucestershire Constabulary,-1.958130,51.863616,On or near Parking Area,E01022216,Cotswold 004D,Vehicle crime,Investigation complete; no suspect identified,
e9260f9fda026000003cd54eaca1b00f104e89a6c23f54bde6b715974cecaef6,2022-02,Gloucestershire Constabulary,Gloucestershire Constabulary,-1.958130,51.863616,On or near Parking Area,E01022216,Cotswold 004D,Violence and sexual offences,Unable to prosecute suspect,
8cbffd2848deda9de7cd09acf3935fde5f884f0437140fefc6671098c4f41f77,2022-02,Gloucestershire Constabulary,Gloucestershire Constabulary,-1.968533,51.877079,On or near Station Road,E01022216,Cotswold 004D,Violence and sexual offences,Action to be taken by another organisation,
,2022-02,Gloucestershire Constabulary,Gloucestershire Constabulary,-1.903512,51.782054,On or near Parking Area,E01022175,Cotswold 005A,Anti-social behaviour,,
ae8d7da71604f3a69ecd153f89797559794824f00deb4ef962da4d530c3cb065,2022-02,Gloucestershire Constabulary,Gloucestershire Constabulary,-1.868913,51.776095,On or near Ditch Lane,E01022175,Cotswold 005A,Burglary,Investigation complete; no suspect identified,
00867394e8c368b21a44c07caf070e46170949105c726378ec8c0875d486309e,2022-02,Gloucestershire Constabulary,Gloucestershire Constabulary,-1.853156,51.767922,On or near Potlicker'S Lane,E01022175,Cotswold 005A,Burglary,Unable to prosecute suspect,
1f4fa9ee8b382b4a2ddeba2e1076b94f6753b586c3285f825f1ec462af1c82e1,2022-02,Gloucestershire Constabulary,Gloucestershire Constabulary,-1.867230,51.756934,On or near Park/Open Space,E01022175,Cotswold 005A,Other theft,Investigation complete; no suspect identified,
c7782071f9af9c7c70ceccc35d8d557ee7fb2edee8997ab773d5eeae70012fe0,2022-02,Gloucestershire Constabulary,Gloucestershire Constabulary,-1.921996,51.747074,On or near Welsh Way,E01022175,Cotswold 005A,Violence and sexual offences,Unable to prosecute suspect,
f28cf852b28592428c561d1d1fce38d25053664470ba9a5edf61f6dfb61cc5b1,2022-02,Gloucestershire Constabulary,Gloucestershire Constabulary,-1.853939,51.677805,On or near Broadleaze,E01022207,Cotswold 005B,Criminal damage and arson,Investigation complete; no suspect identified,
f12f860a6a53d3a8db501312493677d1fe6258fe5ce2b3f621963f6473d3edd3,2022-02,Gloucestershire Constabulary,Gloucestershire Constabulary,-1.826853,51.699823,On or near Meysey Close,E01022207,Cotswold 005B,Violence and sexual offences,Local resolution,
6c42c57996f05c74ba3fd0968a01072698663f0c7e8c2bcd86e866c20ea2a9d0,2022-02,Gloucestershire Constabulary,Gloucestershire Constabulary,-1.853939,51.677805,On or near Broadleaze,E01022207,Cotswold 005B,Violence and sexual offences,Unable to prosecute suspect,
c052d3e4587d70f8516a1d87a22acdabc607e133e56dc593f22e82758e97c884,2022-02,Gloucestershire Constabulary,Gloucestershire Constabulary,-1.826853,51.699823,On or near Meysey Close,E01022207,Cotswold 005B,Violence and sexual offences,Local resolution,
8af72ac3616558708bac79c6cb76840bb61a895a200f8bdb1f498d5efb61cdfd,2022-02,Gloucestershire Constabulary,Gloucestershire Constabulary,-1.853939,51.677805,On or near Broadleaze,E01022207,Cotswold 005B,Violence and sexual offences,Unable to prosecute suspect,
,2022-02,Gloucestershire Constabulary,Gloucestershire Constabulary,-1.837809,51.828960,On or near College Row,E01022213,Cotswold 005C,Anti-social behaviour,,
ba5e690c80b27827ff27249d2b9adbb3333c7647727caadf83c5dbe9def1cf88,2022-02,Gloucestershire Constabulary,Gloucestershire Constabulary,-1.836558,51.829749,On or near Market Place,E01022213,Cotswold 005C,Criminal damage and arson,Investigation complete; no suspect identified,
781e42c137981a87ed6c138b7a4e502cfc9f839d8731b57c353da0b49f24c91e,2022-02,Gloucestershire Constabulary,Gloucestershire Constabulary,-1.828943,51.828884,On or near Ashway,E01022213,Cotswold 005C,Other theft,Investigation complete; no suspect identified,
134a996dea80186b922295f8a800e2e210beef9b0e2a6c64c2f042b61b46ad23,2022-02,Gloucestershire Constabulary,Gloucestershire Constabulary,-1.837809,51.828960,On or near College Row,E01022213,Cotswold 005C,Violence and sexual offences,Unable to prosecute suspect,
74440c70dd08e8d0d6e5f76d1e18ed6499ed3d07512b47035a308224319f4a37,2022-02,Gloucestershire Constabulary,Gloucestershire Constabulary,-1.714969,51.746782,On or near Blunts Hay,E01022215,Cotswold 005D,Criminal damage and arson,Investigation complete; no suspect identified,
5f5c5e103f8fb8ba4ac93b4b83a0ea8ee83936f6aab90342f46320f290d194ce,2022-02,Gloucestershire Constabulary,Gloucestershire Constabulary,-1.714881,51.726345,On or near Quarry View,E01022215,Cotswold 005D,Other theft,Investigation complete; no suspect identified,
61820c18cae77ead0994702a2858f1a2a3d6d92ac080b02c5687072a7f092818,2022-02,Gloucestershire Constabulary,Gloucestershire Constabulary,-1.713193,51.729937,On or near The Farriers,E01022215,Cotswold 005D,Public order,Investigation complete; no suspect identified,
,2022-02,Gloucestershire Constabulary,Gloucestershire Constabulary,-1.953201,51.714642,On or near Paterson Road,E01022188,Cotswold 006A,Anti-social behaviour,,
,2022-02,Gloucestershire Constabulary,Gloucestershire Constabulary,-1.952081,51.719856,On or near Fosse Close,E01022188,Cotswold 006A,Anti-social behaviour,,
,2022-02,Gloucestershire Constabulary,Gloucestershire Constabulary,-1.957772,51.717242,On or near Beech Grove,E01022188,Cotswold 006A,Anti-social behaviour,,
6272b5f6e89271efe8e394ce5406710d919d8f147eb0f2854b0f7fada26f7f1d,2022-02,Gloucestershire Constabulary,Gloucestershire Constabulary,-1.948345,51.720646,On or near Forstall Way,E01022188,Cotswold 006A,Burglary,Investigation complete; no suspect identified,
18087eaf16cec7e8409f8e9075b71c335f23304b45ba079bfa252096089fd794,2022-02,Gloucestershire Constabulary,Gloucestershire Constabulary,-1.956327,51.714283,On or near Herbert Stark Close,E01022188,Cotswold 006A,Criminal damage and arson,Investigation complete; no suspect identified,
b9a270cae76e7a5475c4a455348805ff0254e8519464581f0c674379e68709ee,2022-02,Gloucestershire Constabulary,Gloucestershire Constabulary,-1.953201,51.714642,On or near Paterson Road,E01022188,Cotswold 006A,Other theft,Unable to prosecute suspect,
8a892832f10f93ffd9cad6d58b14216c7a733fc5da5127ad81ba2357900eebca,2022-02,Gloucestershire Constabulary,Gloucestershire Constabulary,-1.946725,51.719629,On or near Parking Area,E01022188,Cotswold 006A,Public order,Unable to prosecute suspect,
debcb80b571c651bd18a8d7534561c272230b41f7a6d60b1d3e6e114f4ec08be,2022-02,Gloucestershire Constabulary,Gloucestershire Constabulary,-1.953201,51.714642,On or near Paterson Road,E01022188,Cotswold 006A,Violence and sexual offences,Unable to prosecute suspect,
642f6cde5c274ca74ae35ef6337e4521a04afcdc4b2eb2e64896e330008ed351,2022-02,Gloucestershire Constabulary,Gloucestershire Constabulary,-1.953201,51.714642,On or near Paterson Road,E01022188,Cotswold 006A,Violence and sexual offences,Unable to prosecute suspect,
d634276186306ea6300b817ff81f2cb6032e36c479b198a599e2c9ede23080b5,2022-02,Gloucestershire Constabulary,Gloucestershire Constabulary,-1.953201,51.714642,On or near Paterson Road,E01022188,Cotswold 006A,Violence and sexual offences,Unable to prosecute suspect,
,2022-02,Gloucestershire Constabulary,Gloucestershire Constabulary,-1.949695,51.717365,On or near Pheasant Way,E01022189,Cotswold 006B,Anti-social behaviour,,
,2022-02,Gloucestershire Constabulary,Gloucestershire Constabulary,-1.952245,51.714866,On or near Weavers Road,E01022189,Cotswold 006B,Anti-social behaviour,,
d368cc6e1f42bced3663f32a42722e729ee22b19debfb48b6d66f2806deee02e,2022-02,Gloucestershire Constabulary,Gloucestershire Constabulary,-1.945240,51.714252,On or near Sports/Recreation Area,E01022189,Cotswold 006B,Violence and sexual offences,Unable to prosecute suspect,
ff7870a80956a0bcd3e0eff3e4777f092bccc2feb5b25186fda4274302280008,2022-02,Gloucestershire Constabulary,Gloucestershire Constabulary,-1.949236,51.713894,On or near Kingshill,E01022189,Cotswold 006B,Violence and sexual offences,Unable to prosecute suspect,
c8e33ce8014f900c324ccad6bd4d67a8fc9b15b8a16fde228ecde8e8d80e0c7d,2022-02,Gloucestershire Constabulary,Gloucestershire Constabulary,-1.952245,51.714866,On or near Weavers Road,E01022189,Cotswold 006B,Violence and sexual offences,Local resolution,
941f94c52b1aa2720fb6ebdca8d0f35d345ceb40a8e6d9287cc411793edc8984,2022-02,Gloucestershire Constabulary,Gloucestershire Constabulary,-1.945240,51.714252,On or near Sports/Recreation Area,E01022189,Cotswold 006B,Violence and sexual offences,Unable to prosecute suspect,
964485bf0f508c34492685428dd9b489fa28f0828e39250569745a465b270e5b,2022-02,Gloucestershire Constabulary,Gloucestershire Constabulary,-1.945240,51.714252,On or near Sports/Recreation Area,E01022189,Cotswold 006B,Violence and sexual offences,Unable to prosecute suspect,
9ca4f20fc9632727ab26be722e1c79d77b169e2fbafe0452fc11c8b925c86340,2022-02,Gloucestershire Constabulary,Gloucestershire Constabulary,-1.952245,51.714866,On or near Weavers Road,E01022189,Cotswold 006B,Violence and sexual offences,Unable to prosecute suspect,
9fae604eeba4fe07c0c26a667c2809461925a021f7f0867b7703a50f9863fce7,2022-02,Gloucestershire Constabulary,Gloucestershire Constabulary,-1.949236,51.713894,On or near Kingshill,E01022189,Cotswold 006B,Violence and sexual offences,Unable to prosecute suspect,
,2022-02,Gloucestershire Constabulary,Gloucestershire Constabulary,-1.953753,51.712817,On or near The Paddock,E01022190,Cotswold 006C,Anti-social behaviour,,
af678ea82676b2d584a4e809a9b28347f97c2eac5d3e8bd6a5ae1eb374392256,2022-02,Gloucestershire Constabulary,Gloucestershire Constabulary,-1.950034,51.712042,On or near Crabtree Lane,E01022190,Cotswold 006C,Criminal damage and arson,Investigation complete; no suspect identified,
5067d0bd1c233d064b4725159a527584c9355fd16cae21a4872e5847266185da,2022-02,Gloucestershire Constabulary,Gloucestershire Constabulary,-1.953753,51.712817,On or near The Paddock,E01022190,Cotswold 006C,Criminal damage and arson,Unable to prosecute suspect,
7bd2d49400f464ec0ee142abbf631f609b52e670e12386bef1159f612ba15793,2022-02,Gloucestershire Constabulary,Gloucestershire Constabulary,-1.953753,51.712817,On or near The Paddock,E01022190,Cotswold 006C,Public order,Investigation complete; no suspect identified,
a84014912b631cb96dc3c3550d6962faf21c7de56bb18378841a26addecb55d9,2022-02,Gloucestershire Constabulary,Gloucestershire Constabulary,-1.950034,51.712042,On or near Crabtree Lane,E01022190,Cotswold 006C,Violence and sexual offences,Unable to prosecute suspect,
b3f5a68c584bd6fe22e5b2aa463b806cbc76797e1a565f38797d3a7b0f3b3500,2022-02,Gloucestershire Constabulary,Gloucestershire Constabulary,-1.950816,51.711359,On or near North Home Road,E01022190,Cotswold 006C,Violence and sexual offences,Unable to prosecute suspect,
dc755ab4ad018c8bf78ad94895786e88f18d3041e1d360890c335058be6d7d2d,2022-02,Gloucestershire Constabulary,Gloucestershire Constabulary,-1.950034,51.712042,On or near Crabtree Lane,E01022190,Cotswold 006C,Violence and sexual offences,Unable to prosecute suspect,
,2022-02,Gloucestershire Constabulary,Gloucestershire Constabulary,-1.967683,51.724249,On or near Pethera Close,E01022196,Cotswold 006D,Anti-social behaviour,,
042a043c42e2b372e1526f596e24ac5f8931f72be20244312f6807b983574fcd,2022-02,Gloucestershire Constabulary,Gloucestershire Constabulary,-1.976671,51.728055,On or near Albion Street,E01022196,Cotswold 006D,Burglary,Investigation complete; no suspect identified,
756962718d72ab34a7b022b298c2bc61fcf79284733df8b299b97d8ecff98dce,2022-02,Gloucestershire Constabulary,Gloucestershire Constabulary,-1.947616,51.725033,On or near Petrol Station,E01022196,Cotswold 006D,Drugs,Formal action is not in the public interest,
749f61095d1beba151b312962b441790945f4750b37a71d70a3fcb6bd2404064,2022-02,Gloucestershire Constabulary,Gloucestershire Constabulary,-1.970261,51.722380,On or near Abbey Way,E01022196,Cotswold 006D,Other theft,Investigation complete; no suspect identified,
91399c43f2633ab451ef0b8612ee4c2150c57926f4a9dafef76948c0cd913555,2022-02,Gloucestershire Constabulary,Gloucestershire Constabulary,-1.970261,51.722380,On or near Abbey Way,E01022196,Cotswold 006D,Public order,Unable to prosecute suspect,
163888ffe82632a6db47fb834f544060f6e359a8673c7470535cb4347051b8d5,2022-02,Gloucestershire Constabulary,Gloucestershire Constabulary,-1.970261,51.722380,On or near Abbey Way,E01022196,Cotswold 006D,Violence and sexual offences,Unable to prosecute suspect,
c545fd579626353ac123d6423d9fbd4fc75bef94ccd7406c2805b462b702a82a,2022-02,Gloucestershire Constabulary,Gloucestershire Constabulary,-1.968015,51.724735,On or near Bowling Green Road,E01022196,Cotswold 006D,Violence and sexual offences,Unable to prosecute suspect,
,2022-02,Gloucestershire Constabulary,Gloucestershire Constabulary,-1.967965,51.714260,On or near Ashcroft Gardens,E01022194,Cotswold 007A,Anti-social behaviour,,
,2022-02,Gloucestershire Constabulary,Gloucestershire Constabulary,-1.968628,51.717254,On or near West Market Place,E01022194,Cotswold 007A,Anti-social behaviour,,
,2022-02,Gloucestershire Constabulary,Gloucestershire Constabulary,-1.965445,51.715743,On or near Parking Area,E01022194,Cotswold 007A,Anti-social behaviour,,
,2022-02,Gloucestershire Constabulary,Gloucestershire Constabulary,-1.967370,51.715573,On or near Cricklade Street,E01022194,Cotswold 007A,Anti-social behaviour,,
,2022-02,Gloucestershire Constabulary,Gloucestershire Constabulary,-1.968484,51.716265,On or near Brewery Court,E01022194,Cotswold 007A,Anti-social behaviour,,
,2022-02,Gloucestershire Constabulary,Gloucestershire Constabulary,-1.968311,51.716328,On or near Nightclub,E01022194,Cotswold 007A,Anti-social behaviour,,
,2022-02,Gloucestershire Constabulary,Gloucestershire Constabulary,-1.970019,51.716455,On or near Castle Street,E01022194,Cotswold 007A,Anti-social behaviour,,
6183325d9bd6668b03f669ce7b36f49e34b76b1ca6483c31bdd1a4103b9d41d7,2022-02,Gloucestershire Constabulary,Gloucestershire Constabulary,-1.970426,51.713245,On or near Sheep Street,E01022194,Cotswold 007A,Criminal damage and arson,Unable to prosecute suspect,
f2ba551c7112b1acb6c1ae2029bcea11b9195ac90a563b91b97f7730d913379f,2022-02,Gloucestershire Constabulary,Gloucestershire Constabulary,-1.971626,51.715475,On or near Parking Area,E01022194,Cotswold 007A,Criminal damage and arson,Unable to prosecute suspect,
a07173738bdd6f66fb8fc8ae711f99c25e327131f2a81e0639f204f1c246aeb5,2022-02,Gloucestershire Constabulary,Gloucestershire Constabulary,-1.965561,51.715231,On or near South Way,E01022194,Cotswold 007A,Criminal damage and arson,Investigation complete; no suspect identified,
ed284644c266ab20674a16cb99b8a285136841155564a8c4529550437cc13319,2022-02,Gloucestershire Constabulary,Gloucestershire Constabulary,-1.968484,51.716265,On or near Brewery Court,E01022194,Cotswold 007A,Criminal damage and arson,Investigation complete; no suspect identified,
869ccb1ab3475c67d0b0ac2b99345a3684c46947764561dac2f9a06c733b6142,2022-02,Gloucestershire Constabulary,Gloucestershire Constabulary,-1.968686,51.718118,On or near Gosditch Street,E01022194,Cotswold 007A,Criminal damage and arson,Investigation complete; no suspect identified,
4b83e141885b7c7b7cb5a40ab1d8eed39efaf9d6412151aef328a2d566491480,2022-02,Gloucestershire Constabulary,Gloucestershire Constabulary,-1.967965,51.714260,On or near Ashcroft Gardens,E01022194,Cotswold 007A,Criminal damage and arson,Investigation complete; no suspect identified,
070e00ea67d96de30290e9951c8588cfd07f933a9bc137c9b5159f92e6f339f7,2022-02,Gloucestershire Constabulary,Gloucestershire Constabulary,-1.967965,51.714260,On or near Ashcroft Gardens,E01022194,Cotswold 007A,Criminal damage and arson,Investigation complete; no suspect identified,
80cc0407310fab65ba8ef469ae3d526b362ccff9b776011d83d1a9109e20aa8b,2022-02,Gloucestershire Constabulary,Gloucestershire Constabulary,-1.966529,51.717353,On or near Shopping Area,E01022194,Cotswold 007A,Drugs,Local resolution,
7175cc05625c3895261154a0d04e09b40e5af692f8e2f6b9640fb1fcf2df2537,2022-02,Gloucestershire Constabulary,Gloucestershire Constabulary,-1.970653,51.720968,On or near Priory Close,E01022194,Cotswold 007A,Drugs,Formal action is not in the public interest,
b0bce2aea994cf61486f13132e76c916f5467eca7aee83dc5b2a5cf52a056c49,2022-02,Gloucestershire Constabulary,Gloucestershire Constabulary,-1.970106,51.715079,On or near Cripps Road,E01022194,Cotswold 007A,Other theft,Investigation complete; no suspect identified,
8f882e60a27c10f40d0dc80f015f3d6bf6bd525955705827b97efe290eb92973,2022-02,Gloucestershire Constabulary,Gloucestershire Constabulary,-1.970106,51.715079,On or near Cripps Road,E01022194,Cotswold 007A,Other theft,Investigation complete; no suspect identified,
246440289fa44f30baac709d2fdc32d709233c5d2b95a03d4bc2c36fee6c313a,2022-02,Gloucestershire Constabulary,Gloucestershire Constabulary,-1.970019,51.716455,On or near Castle Street,E01022194,Cotswold 007A,Public order,Local resolution,
baa839eab01a3408ed18c829fc4c55c747faa8f11167de141c7c9c7a1125e2ae,2022-02,Gloucestershire Constabulary,Gloucestershire Constabulary,-1.960972,51.716659,On or near London Road,E01022194,Cotswold 007A,Public order,Investigation complete; no suspect identified,
b475373027142a9a4dae1b26e84f89f04475e2b0e042568fb26c439e3f746903,2022-02,Gloucestershire Constabulary,Gloucestershire Constabulary,-1.970019,51.716455,On or near Castle Street,E01022194,Cotswold 007A,Violence and sexual offences,Local resolution,
efe8b3f6eedf5bfb9a28443102eef7c765474f609a9e8fd7b3bd85bf6a654d6e,2022-02,Gloucestershire Constabulary,Gloucestershire Constabulary,-1.968311,51.716328,On or near Nightclub,E01022194,Cotswold 007A,Violence and sexual offences,Investigation complete; no suspect identified,
09b5b3d834c9d20a05a1b54dffb1c21e4025b8da0f80ad4d853b227bb160e5b5,2022-02,Gloucestershire Constabulary,Gloucestershire Constabulary,-1.968628,51.717254,On or near West Market Place,E01022194,Cotswold 007A,Violence and sexual offences,Investigation complete; no suspect identified,
55c95dc8b6dbf0f1814b803676eb15b559abbaa05d9d8a53b854e1afcd26a48c,2022-02,Gloucestershire Constabulary,Gloucestershire Constabulary,-1.968484,51.716265,On or near Brewery Court,E01022194,Cotswold 007A,Violence and sexual offences,Investigation complete; no suspect identified,
dc7ee892eff90611104bcc8e15b75d0990251f190b5a1236e29377d00eea14ef,2022-02,Gloucestershire Constabulary,Gloucestershire Constabulary,-1.968484,51.716265,On or near Brewery Court,E01022194,Cotswold 007A,Violence and sexual offences,Unable to prosecute suspect,
e3e50694da85c6bccb93989386cd0fb34aa87192957b7ab5e14b71681f92a0fd,2022-02,Gloucestershire Constabulary,Gloucestershire Constabulary,-1.970019,51.716455,On or near Castle Street,E01022194,Cotswold 007A,Violence and sexual offences,Court result unavailable,
0eff5aaec69a58302c4e6bc17e1297bcf9387a6ee60f6ff63dd2f897af1b50a2,2022-02,Gloucestershire Constabulary,Gloucestershire Constabulary,-1.968484,51.716265,On or near Brewery Court,E01022194,Cotswold 007A,Violence and sexual offences,Investigation complete; no suspect identified,
c48f15a8bb446956219a6f898a3ecc72c08bfe2eeca8c87fd9d9be0676aef5ea,2022-02,Gloucestershire Constabulary,Gloucestershire Constabulary,-1.970019,51.716455,On or near Castle Street,E01022194,Cotswold 007A,Violence and sexual offences,Investigation complete; no suspect identified,
a8f998c72860953984343bed028b0d74a0b888986f23ff3ca6a2d46d98d8dd02,2022-02,Gloucestershire Constabulary,Gloucestershire Constabulary,-1.965879,51.716310,On or near North Way,E01022194,Cotswold 007A,Other crime,Investigation complete; no suspect identified,
,2022-02,Gloucestershire Constabulary,Gloucestershire Constabulary,-1.988012,51.713230,On or near Theatre/Concert Hall,E01022195,Cotswold 007B,Anti-social behaviour,,
9b40907dd450bd9322cc60cafebd2d520ec35a6ae37ea26c6d7832b093bada4e,2022-02,Gloucestershire Constabulary,Gloucestershire Constabulary,-1.972354,51.708822,On or near Chesterton Lane,E01022195,Cotswold 007B,Other theft,Investigation complete; no suspect identified,
a95d38e1ba5ae90379402ca73cd062add356f1e7c50b53e12113a713f46cbfb4,2022-02,Gloucestershire Constabulary,Gloucestershire Constabulary,-1.972354,51.708822,On or near Chesterton Lane,E01022195,Cotswold 007B,Public order,Unable to prosecute suspect,
dc52a2abeaafdc7a86a5b8ff06e6563587bef9ea769ece4df961e195af583391,2022-02,Gloucestershire Constabulary,Gloucestershire Constabulary,-1.970529,51.709729,On or near Mount Street,E01022195,Cotswold 007B,Violence and sexual offences,Investigation complete; no suspect identified,
4ea26c937a6e644cf923c024dc29429b00be8b462b4ea2be3c747dddac3339cd,2022-02,Gloucestershire Constabulary,Gloucestershire Constabulary,-1.970529,51.709729,On or near Mount Street,E01022195,Cotswold 007B,Violence and sexual offences,Investigation complete; no suspect identified,
,2022-02,Gloucestershire Constabulary,Gloucestershire Constabulary,-1.955735,51.713330,On or near Swindon Road,E01022199,Cotswold 007C,Anti-social behaviour,,
,2022-02,Gloucestershire Constabulary,Gloucestershire Constabulary,-1.962017,51.713144,On or near Chester Street,E01022199,Cotswold 007C,Anti-social behaviour,,
,2022-02,Gloucestershire Constabulary,Gloucestershire Constabulary,-1.961074,51.714870,On or near Purley Avenue,E01022199,Cotswold 007C,Anti-social behaviour,,
,2022-02,Gloucestershire Constabulary,Gloucestershire Constabulary,-1.960673,51.710563,On or near Church Street,E01022199,Cotswold 007C,Anti-social behaviour,,
9740f7eb3a454e7aa9b76dd79d3f3d3eb973a2c55b2b49ef9d7ee1be4cd765d3,2022-02,Gloucestershire Constabulary,Gloucestershire Constabulary,-1.961018,51.713269,On or near Victoria Road,E01022199,Cotswold 007C,Burglary,Investigation complete; no suspect identified,
b040fc9cf35cb67c635adee727d4cfe65a5d16f6a6358c843e8f2b45ede41f17,2022-02,Gloucestershire Constabulary,Gloucestershire Constabulary,-1.959501,51.710409,On or near Queen Street,E01022199,Cotswold 007C,Criminal damage and arson,Investigation complete; no suspect identified,
907b9023324990ff4dd19dccbf0571c8a51f4f0cd2fdb79efb71db92bf4298df,2022-02,Gloucestershire Constabulary,Gloucestershire Constabulary,-1.962017,51.713144,On or near Chester Street,E01022199,Cotswold 007C,Criminal damage and arson,Investigation complete; no suspect identified,
8d3ecc398ef7f1a0c4e9a59e6d20dddcdc801c0c509a3def0f343ea46616566f,2022-02,Gloucestershire Constabulary,Gloucestershire Constabulary,-1.964418,51.715014,On or near Lewis Lane,E01022199,Cotswold 007C,Other theft,Investigation complete; no suspect identified,
5ef4d975d63ac67d1c3eea42d9fb67ea25eaf92b743fb4621d4e71ddda7bfae0,2022-02,Gloucestershire Constabulary,Gloucestershire Constabulary,-1.961074,51.714870,On or near Purley Avenue,E01022199,Cotswold 007C,Other theft,Investigation complete; no suspect identified,
0e1038b900ed04aa65712fcf2c27c44566950600cb1ad9ea0f00e065ed9549f4,2022-02,Gloucestershire Constabulary,Gloucestershire Constabulary,-1.958454,51.715111,On or near Beeches Road,E01022199,Cotswold 007C,Public order,Investigation complete; no suspect identified,
,2022-02,Gloucestershire Constabulary,Gloucestershire Constabulary,-1.961065,51.708854,On or near School Lane,E01022200,Cotswold 007D,Anti-social behaviour,,
,2022-02,Gloucestershire Constabulary,Gloucestershire Constabulary,-1.963785,51.709674,On or near Sperringate,E01022200,Cotswold 007D,Anti-social behaviour,,
,2022-02,Gloucestershire Constabulary,Gloucestershire Constabulary,-1.967258,51.710924,On or near Lavender Lane,E01022200,Cotswold 007D,Anti-social behaviour,,
,2022-02,Gloucestershire Constabulary,Gloucestershire Constabulary,-1.968039,51.712102,On or near Querns Road,E01022200,Cotswold 007D,Anti-social behaviour,,
,2022-02,Gloucestershire Constabulary,Gloucestershire Constabulary,-1.961065,51.708854,On or near School Lane,E01022200,Cotswold 007D,Anti-social behaviour,,
de7cf54ec8dae9bc9fd6d6d1107378a180050eb53e16e0720d158ae78852d68f,2022-02,Gloucestershire Constabulary,Gloucestershire Constabulary,-1.961556,51.709700,On or near Stepstairs Lane,E01022200,Cotswold 007D,Burglary,Investigation complete; no suspect identified,
1fa1b20e0fa4a9e723f9c795c4186294c0adfff4c46068e17672b1f55e9d9792,2022-02,Gloucestershire Constabulary,Gloucestershire Constabulary,-1.965783,51.708523,On or near Meadow Road,E01022200,Cotswold 007D,Drugs,Local resolution,
e3d1f30fbecb3b83ad395d583472ac87c3e4d2c94774e455e2e5005d45331f08,2022-02,Gloucestershire Constabulary,Gloucestershire Constabulary,-1.965622,51.710996,On or near Trinity Road,E01022200,Cotswold 007D,Public order,Unable to prosecute suspect,
c7d5cd370af7b4d9262bffc2da9b06ba5e259023e57ffbd375e409f5d536f2fb,2022-02,Gloucestershire Constabulary,Gloucestershire Constabulary,-1.965783,51.708523,On or near Meadow Road,E01022200,Cotswold 007D,Public order,Unable to prosecute suspect,
20eca66aae925a0014a512b8cc5b203fac5a31890dff29c70f768e5bbb80aa44,2022-02,Gloucestershire Constabulary,Gloucestershire Constabulary,-1.965783,51.708523,On or near Meadow Road,E01022200,Cotswold 007D,Violence and sexual offences,Unable to prosecute suspect,
438592c68e3997dbdd2cae298e14b0a13da268be282a07e728433b12b5dc8136,2022-02,Gloucestershire Constabulary,Gloucestershire Constabulary,-1.968198,51.711707,On or near Whitworth Road,E01022200,Cotswold 007D,Other crime,Unable to prosecute suspect,
,2022-02,Gloucestershire Constabulary,Gloucestershire Constabulary,-1.974727,51.708193,On or near Lawrence Road,E01022192,Cotswold 008B,Anti-social behaviour,,
76354a104d9e0d0770a92dda04492d70900a561e8d446ed6008f65cdf800775b,2022-02,Gloucestershire Constabulary,Gloucestershire Constabulary,-1.973744,51.707356,On or near Apsley Road,E01022192,Cotswold 008B,Violence and sexual offences,Action to be taken by another organisation,
38c793a9376d6329b7038d3d690192b1c1bde77f75afc7d81e626b5bd0cd7416,2022-02,Gloucestershire Constabulary,Gloucestershire Constabulary,-1.970721,51.703804,On or near Alexander Drive,E01022193,Cotswold 008C,Violence and sexual offences,Unable to prosecute suspect,
,2022-02,Gloucestershire Constabulary,Gloucestershire Constabulary,-1.954192,51.707449,On or near Cricklade Road,E01022198,Cotswold 008D,Anti-social behaviour,,
,2022-02,Gloucestershire Constabulary,Gloucestershire Constabulary,-1.962789,51.707354,On or near Petrol Station,E01022198,Cotswold 008D,Anti-social behaviour,,
,2022-02,Gloucestershire Constabulary,Gloucestershire Constabulary,-1.954192,51.707449,On or near Cricklade Road,E01022198,Cotswold 008D,Anti-social behaviour,,
,2022-02,Gloucestershire Constabulary,Gloucestershire Constabulary,-1.953193,51.708042,On or near Swindon Road,E01022198,Cotswold 008D,Anti-social behaviour,,
,2022-02,Gloucestershire Constabulary,Gloucestershire Constabulary,-1.967752,51.708011,On or near Beaufort Court,E01022198,Cotswold 008D,Anti-social behaviour,,
8b532744ad6d209d95f7d5a73ee823d79a17cf40df7697aa478aaadb0f3b5612,2022-02,Gloucestershire Constabulary,Gloucestershire Constabulary,-1.958852,51.708089,On or near Pedestrian Subway,E01022198,Cotswold 008D,Criminal damage and arson,Investigation complete; no suspect identified,
067dc391a51f92b8c45922b5466dd55db5021dc16e94e39e06365bb6180d1d74,2022-02,Gloucestershire Constabulary,Gloucestershire Constabulary,-1.954192,51.707449,On or near Cricklade Road,E01022198,Cotswold 008D,Public order,Unable to prosecute suspect,
c22cc02ea8c75532bc720ee8589709440c493a3c287052b1b18a6d0064342264,2022-02,Gloucestershire Constabulary,Gloucestershire Constabulary,-1.964770,51.708334,On or near Fairfax Close,E01022198,Cotswold 008D,Public order,Investigation complete; no suspect identified,
05df82444e1e44d7b0bdebcc8b24ea79f4a095ca0d3a4d407320a4e41dac0dd3,2022-02,Gloucestershire Constabulary,Gloucestershire Constabulary,-1.957841,51.705688,On or near Nursery Close,E01022198,Cotswold 008D,Vehicle crime,Investigation complete; no suspect identified,
275a73d473fa5b422091af65a841ac7eb6474b6fdbae32978b38ca85a055126e,2022-02,Gloucestershire Constabulary,Gloucestershire Constabulary,-1.953193,51.708042,On or near Swindon Road,E01022198,Cotswold 008D,Violence and sexual offences,Unable to prosecute suspect,
4fb1890779913f25555f67bbddbe30f8116148e1ab91a42b0b3a8959ae31c99e,2022-02,Gloucestershire Constabulary,Gloucestershire Constabulary,-1.967752,51.708011,On or near Beaufort Court,E01022198,Cotswold 008D,Violence and sexual offences,Investigation complete; no suspect identified,
374c15f460866d5d092f7cbd1a330eb045cb47e5be50e6e16f1bfb00b7fd6355,2022-02,Gloucestershire Constabulary,Gloucestershire Constabulary,-1.953193,51.708042,On or near Swindon Road,E01022198,Cotswold 008D,Violence and sexual offences,Unable to prosecute suspect,
598b0f8023334133c4286981b5100e60fdecd62f4cefa01bc644380fb6869bb6,2022-02,Gloucestershire Constabulary,Gloucestershire Constabulary,-1.964770,51.708334,On or near Fairfax Close,E01022198,Cotswold 008D,Violence and sexual offences,Unable to prosecute suspect,
1eed9eea34d477be7185a9ff09117690797cdc9871675974044574301856db97,2022-02,Gloucestershire Constabulary,Gloucestershire Constabulary,-1.960116,51.702021,On or near Love Lane,E01022225,Cotswold 008E,Criminal damage and arson,Unable to prosecute suspect,
810dd9e3f2975bb0c505e402f1687881883a35eac56a4abbfee729c781eeb35b,2022-02,Gloucestershire Constabulary,Gloucestershire Constabulary,-1.952917,51.695347,On or near Bowly Crescent,E01022225,Cotswold 008E,Public order,Unable to prosecute suspect,
4c5a2030836d4551c77908ff407985c73e8f733d436f31d6f71c8e740b280c51,2022-02,Gloucestershire Constabulary,Gloucestershire Constabulary,-1.954565,51.696130,On or near The Twenties,E01022225,Cotswold 008E,Public order,Unable to prosecute suspect,
180dc3d0eb215ef1895e4808230ccd50df3f0bb5a6a4dbfe629a9680eb4a422a,2022-02,Gloucestershire Constabulary,Gloucestershire Constabulary,-1.943080,51.705386,On or near Kingsway,E01022225,Cotswold 008E,Public order,Unable to prosecute suspect,
04fa9348a3ba25a0f4844883c1982b1a0a947e1b3fac15d3388d364e73a842cd,2022-02,Gloucestershire Constabulary,Gloucestershire Constabulary,-1.943080,51.705386,On or near Kingsway,E01022225,Cotswold 008E,Shoplifting,Investigation complete; no suspect identified,
881108ef1827cc9387056a56015458f19b71633fa5ff598eb980af83cb2616a6,2022-02,Gloucestershire Constabulary,Gloucestershire Constabulary,-1.943080,51.705386,On or near Kingsway,E01022225,Cotswold 008E,Shoplifting,Investigation complete; no suspect identified,
faf00fe5e45b79e7c0cf259fa342b18468b4bdea73f3409065ec86328c0346a4,2022-02,Gloucestershire Constabulary,Gloucestershire Constabulary,-1.929986,51.713012,On or near Witpit Lane,E01022225,Cotswold 008E,Vehicle crime,Unable to prosecute suspect,
02ed460f9ea71518e2e65e85379f33aa5c88fca79e67816901fff3aee41003fb,2022-02,Gloucestershire Constabulary,Gloucestershire Constabulary,-1.954565,51.696130,On or near The Twenties,E01022225,Cotswold 008E,Violence and sexual offences,Unable to prosecute suspect,
e699c8e02360dbeecbc43457e5882fc6a4126e6fa1b7985ae25ca8d79e37426c,2022-02,Gloucestershire Constabulary,Gloucestershire Constabulary,-1.930897,51.694805,On or near Thompson Road,E01022225,Cotswold 008E,Violence and sexual offences,Unable to prosecute suspect,
82197fb10f164a9b5decca354dea6a6ee1985d7bac55b320ee2f8048e0134c4f,2022-02,Gloucestershire Constabulary,Gloucestershire Constabulary,-1.929986,51.713012,On or near Witpit Lane,E01022225,Cotswold 008E,Violence and sexual offences,Unable to prosecute suspect,
7f1f75d40db023e8d1058c2b18b1a7796d1d07738a6c4f4bc69d4c17b23c6c19,2022-02,Gloucestershire Constabulary,Gloucestershire Constabulary,-1.955049,51.704042,On or near North Hill Road,E01022225,Cotswold 008E,Violence and sexual offences,Unable to prosecute suspect,
91c914d5e1941d670d0c375da46db8e2a08e6bf7486a217c4dc42c0a8773bb17,2022-02,Gloucestershire Constabulary,Gloucestershire Constabulary,-1.929986,51.713012,On or near Witpit Lane,E01022225,Cotswold 008E,Violence and sexual offences,Unable to prosecute suspect,
6766e6e4b11df019ca334810cabc92c9ac9024dc3ea9423a9f20b851f7ef1931,2022-02,Gloucestershire Constabulary,Gloucestershire Constabulary,-1.928856,51.695488,On or near Hannah Crescent,E01022225,Cotswold 008E,Violence and sexual offences,Status update unavailable,
,2022-02,Gloucestershire Constabulary,Gloucestershire Constabulary,-1.796365,51.738868,On or near Old Orchard Court,E01022202,Cotswold 009A,Anti-social behaviour,,
,2022-02,Gloucestershire Constabulary,Gloucestershire Constabulary,-1.790220,51.705320,On or near Cirencester Road,E01022203,Cotswold 009B,Anti-social behaviour,,
,2022-02,Gloucestershire Constabulary,Gloucestershire Constabulary,-1.788532,51.707268,On or near Milton Place,E01022203,Cotswold 009B,Anti-social behaviour,,
5395667568e9c5f392bc27216519332b4209b13be1820677d3aeafafd3a69fe0,2022-02,Gloucestershire Constabulary,Gloucestershire Constabulary,-1.770197,51.710102,On or near The Quarry,E01022204,Cotswold 009C,Criminal damage and arson,Investigation complete; no suspect identified,
1a89599515ea5826f47a8dd8ee06ba6d8121872c3bc9b33c2d83fd7cf72b120b,2022-02,Gloucestershire Constabulary,Gloucestershire Constabulary,-1.771671,51.710447,On or near Hatherop Road,E01022204,Cotswold 009C,Other theft,Investigation complete; no suspect identified,
64842b24ec446830c0851055afe4236b5774541d120c9f31e9993ecf3b6e8bed,2022-02,Gloucestershire Constabulary,Gloucestershire Constabulary,-1.772419,51.711365,On or near Park Close,E01022204,Cotswold 009C,Vehicle crime,Investigation complete; no suspect identified,
,2022-02,Gloucestershire Constabulary,Gloucestershire Constabulary,-1.700861,51.696334,On or near Moorgate,E01022208,Cotswold 009D,Anti-social behaviour,,
bc7b7f22ea3cd3378c7d43984fe352af2584899915eeb3fff79c5b8eace13887,2022-02,Gloucestershire Constabulary,Gloucestershire Constabulary,-1.693662,51.693294,On or near Tidford Cottages,E01022208,Cotswold 009D,Theft from the person,Investigation complete; no suspect identified,
e4570bcb69e4826d9f4c3f50a09139713ba191710e4e98814e0beeb2353fa0f3,2022-02,Gloucestershire Constabulary,Gloucestershire Constabulary,-1.691578,51.701911,On or near Kingsmead,E01022208,Cotswold 009D,Violence and sexual offences,Unable to prosecute suspect,
be5d194986037bb2e88d470fb7b45d58515b5500faf7742b19d99a09632f9bb7,2022-02,Gloucestershire Constabulary,Gloucestershire Constabulary,-1.691578,51.701911,On or near Kingsmead,E01022208,Cotswold 009D,Violence and sexual offences,Unable to prosecute suspect,
eee9a3bf44e269ea7cb714b45611ace8aad5c59034b42b421785ab50f3d11725,2022-02,Gloucestershire Constabulary,Gloucestershire Constabulary,-1.691578,51.701911,On or near Kingsmead,E01022208,Cotswold 009D,Violence and sexual offences,Unable to prosecute suspect,
dc252a454901a6d211b4a3df9a430c72e0cac9ea5dc24f8e4102851f20a14fc1,2022-02,Gloucestershire Constabulary,Gloucestershire Constabulary,-1.775074,51.672187,On or near Broadway Close,E01022209,Cotswold 009E,Burglary,Investigation complete; no suspect identified,
cfb27c06edfccf8e19ef4c1625e7c3cdcfb25f93e4cafc1d85ceb0e458180135,2022-02,Gloucestershire Constabulary,Gloucestershire Constabulary,-1.773518,51.670970,On or near High Street,E01022209,Cotswold 009E,Burglary,Investigation complete; no suspect identified,
,2022-02,Gloucestershire Constabulary,Gloucestershire Constabulary,-1.691494,51.695087,On or near Burford Street,E01022210,Cotswold 009F,Anti-social behaviour,,
,2022-02,Gloucestershire Constabulary,Gloucestershire Constabulary,-1.692977,51.700521,On or near Hambidge Lane,E01022210,Cotswold 009F,Anti-social behaviour,,
6e087a06e52d4700f36a0b3b47483d5af3d0c6a2a593a87bd635ebd03a28ca90,2022-02,Gloucestershire Constabulary,Gloucestershire Constabulary,-1.694333,51.698870,On or near Fossway Court,E01022210,Cotswold 009F,Criminal damage and arson,Unable to prosecute suspect,
9c13c49ede0969b82982e4bfd34d11d994a2a12a5779da4340bf17d4609e40aa,2022-02,Gloucestershire Constabulary,Gloucestershire Constabulary,-1.690993,51.694330,On or near Market Place,E01022210,Cotswold 009F,Criminal damage and arson,Unable to prosecute suspect,
b6a69f556649cfcee69a487288f3dfdbfb1470dc0e1e53ff21a01dd77be2a9a1,2022-02,Gloucestershire Constabulary,Gloucestershire Constabulary,-1.676999,51.690741,On or near Priors Walk,E01022210,Cotswold 009F,Drugs,Formal action is not in the public interest,
cb0bc53a60fdedcabedaa31eab4b95cea3ce7cf4ebae4cc8fd6757baa04b453d,2022-02,Gloucestershire Constabulary,Gloucestershire Constabulary,-1.676999,51.690741,On or near Priors Walk,E01022210,Cotswold 009F,Drugs,Formal action is not in the public interest,
9d30da8efa6aa5f1d488ebd17b068c098ce38907df13be328f498c6cd81b4e84,2022-02,Gloucestershire Constabulary,Gloucestershire Constabulary,-1.693426,51.694013,On or near High Street,E01022210,Cotswold 009F,Other theft,Investigation complete; no suspect identified,
d1525988330098db49a920f5f0d0547dda1f143336f8bd0e0cf00a81f4747374,2022-02,Gloucestershire Constabulary,Gloucestershire Constabulary,-1.694333,51.698870,On or near Fossway Court,E01022210,Cotswold 009F,Public order,Unable to prosecute suspect,
556e800f566218dfaaec2c7fc074a343c10b7e49e2329e22efec9d91d723f433,2022-02,Gloucestershire Constabulary,Gloucestershire Constabulary,-1.692726,51.699019,On or near Gassons Road,E01022210,Cotswold 009F,Vehicle crime,Unable to prosecute suspect,
c4636e82650b6e5f8a7469db90df7d6f5fe1a8ac1b7641e941f8dcfd817e0f9f,2022-02,Gloucestershire Constabulary,Gloucestershire Constabulary,-1.693426,51.694013,On or near High Street,E01022210,Cotswold 009F,Violence and sexual offences,Unable to prosecute suspect,
,2022-02,Gloucestershire Constabulary,Gloucestershire Constabulary,-2.018623,51.677040,On or near Clayfurlong Grove,E01022221,Cotswold 010A,Anti-social behaviour,,
f93a51544f4d8b862dedbab25dccfda133dd99d13527f7644a571552237460e6,2022-02,Gloucestershire Constabulary,Gloucestershire Constabulary,-2.018623,51.677040,On or near Clayfurlong Grove,E01022221,Cotswold 010A,Violence and sexual offences,Unable to prosecute suspect,
d8ccbcb7ad500c184b2a3f915dccd538c10ee7ec90216bbc0a789d38ea0b6f7f,2022-02,Gloucestershire Constabulary,Gloucestershire Constabulary,-1.903575,51.670708,On or near Park/Open Space,E01022223,Cotswold 010B,Burglary,Investigation complete; no suspect identified,
4382a9f6a9d1ce438ca7386a47ae478833cd405e0910b1a49230230fbe744394,2022-02,Gloucestershire Constabulary,Gloucestershire Constabulary,-1.923158,51.659825,On or near Park/Open Space,E01022223,Cotswold 010B,Criminal damage and arson,Investigation complete; no suspect identified,
fc6b9795da62547895440651b1b6fe59fdf585ff0e131fd90bf6b6542eec1acf,2022-02,Gloucestershire Constabulary,Gloucestershire Constabulary,-1.923158,51.659825,On or near Park/Open Space,E01022223,Cotswold 010B,Other theft,Investigation complete; no suspect identified,
a41aa1f4118fc51113b93ca9bb4f26d11f80a6927e68c27df6f71f42a467ea32,2022-02,Gloucestershire Constabulary,Gloucestershire Constabulary,-1.900142,51.659970,On or near Park/Open Space,E01022223,Cotswold 010B,Other theft,Investigation complete; no suspect identified,
91fc1189e725ab3be76e094cb9c4f294663449d548d11388d14487170a3767b8,2022-02,Gloucestershire Constabulary,Gloucestershire Constabulary,-1.933409,51.668849,On or near Berkeley Close,E01022223,Cotswold 010B,Other theft,Unable to prosecute suspect,
4b936c93988b99b4b544cce7efbd1f11e986904677430ff0744b75857cb85b2f,2022-02,Gloucestershire Constabulary,Gloucestershire Constabulary,-1.928400,51.663200,On or near Park/Open Space,E01022223,Cotswold 010B,Public order,Investigation complete; no suspect identified,
b574fccbb69dfd8187ae0b974683c253820a94f9d6b8617615e96fd742b7025c,2022-02,Gloucestershire Constabulary,Gloucestershire Constabulary,-1.923158,51.659825,On or near Park/Open Space,E01022223,Cotswold 010B,Vehicle crime,Investigation complete; no suspect identified,
4b7cea3a1712c6a4bb81ecb7fcdf4af09bf0783159074b40cfed7fb7d5b612e6,2022-02,Gloucestershire Constabulary,Gloucestershire Constabulary,-1.911898,51.673628,On or near Park/Open Space,E01022223,Cotswold 010B,Violence and sexual offences,Unable to prosecute suspect,
8b2172dec44e25a2bbf5919450bd53d3cbcfc42c5512fa042a789957646b58d1,2022-02,Gloucestershire Constabulary,Gloucestershire Constabulary,-1.929636,51.668326,On or near Oak Way,E01022223,Cotswold 010B,Violence and sexual offences,Unable to prosecute suspect,
9fc381d9838d1a664799eef48d5464dd1675f1e16c09706d3dcaa9f7c01ea08b,2022-02,Gloucestershire Constabulary,Gloucestershire Constabulary,-1.929636,51.668326,On or near Oak Way,E01022223,Cotswold 010B,Violence and sexual offences,Unable to prosecute suspect,
,2022-02,Gloucestershire Constabulary,Gloucestershire Constabulary,-1.933823,51.672473,On or near Meadow Way,E01022224,Cotswold 010C,Anti-social behaviour,,
000e0c4de9bd31f3294cd1edcfa51dfa68aa2cdbdfe8aa15c924d46cf481e074,2022-02,Gloucestershire Constabulary,Gloucestershire Constabulary,-1.947820,51.698887,On or near South Cerney Road,E01022224,Cotswold 010C,Violence and sexual offences,Unable to prosecute suspect,
df227022439eef5760edf4f2b1504f989dae39f4ba3c27ad0ae2dc657cc51554,2022-02,Gloucestershire Constabulary,Gloucestershire Constabulary,-1.983601,51.660128,On or near Park/Open Space,E01022224,Cotswold 010C,Violence and sexual offences,Unable to prosecute suspect,
,2022-02,Gloucestershire Constabulary,Gloucestershire Constabulary,-2.087456,51.680668,On or near Ox Yard,E01022176,Cotswold 011A,Anti-social behaviour,,
,2022-02,Gloucestershire Constabulary,Gloucestershire Constabulary,-2.171610,51.682130,On or near Sports/Recreation Area,E01022176,Cotswold 011A,Anti-social behaviour,,
0d3f638aeb95954f734e527fbd5b05c03c8e537dae686695e38fcc3835851363,2022-02,Gloucestershire Constabulary,Gloucestershire Constabulary,-2.151357,51.633579,On or near Newnton Road,E01022176,Cotswold 011A,Burglary,Investigation complete; no suspect identified,
95513f238bebff8dfd3aa01a7ca4214347a6d089496541b2049868ddcace4c94,2022-02,Gloucestershire Constabulary,Gloucestershire Constabulary,-2.083175,51.680842,On or near St Peters Close,E01022176,Cotswold 011A,Criminal damage and arson,Investigation complete; no suspect identified,
9ec55858d83292ce3ff42713da043d8257c15b3704146b9ee5bcff2accb92c3b,2022-02,Gloucestershire Constabulary,Gloucestershire Constabulary,-2.169080,51.682646,On or near The Sunground,E01022176,Cotswold 011A,Public order,Investigation complete; no suspect identified,
34f801434c938f8bf9e459c24bb84a9834aacd89ab93d4a7fe38f93f90c9a121,2022-02,Gloucestershire Constabulary,Gloucestershire Constabulary,-2.169080,51.682646,On or near The Sunground,E01022176,Cotswold 011A,Public order,Investigation complete; no suspect identified,
3c5cf6945cd95b6869c1e9516b1d74eaae7091b3cb58899a89d0706146488486,2022-02,Gloucestershire Constabulary,Gloucestershire Constabulary,-2.169080,51.682646,On or near The Sunground,E01022176,Cotswold 011A,Violence and sexual offences,Unable to prosecute suspect,
,2022-02,Gloucestershire Constabulary,Gloucestershire Constabulary,-2.209631,51.606056,On or near Parking Area,E01022206,Cotswold 011B,Anti-social behaviour,,
cacc071ccb029fc8331509987aef6753e1384036e761473e815caeb8722d41a6,2022-02,Gloucestershire Constabulary,Gloucestershire Constabulary,-2.251246,51.626870,On or near Haymead Lane,E01022206,Cotswold 011B,Criminal damage and arson,Investigation complete; no suspect identified,
72e7d90f7f1b0d884554e8d65ad3461d4904e5292f199bca4a27279d9f53c77f,2022-02,Gloucestershire Constabulary,Gloucestershire Constabulary,-2.171455,51.606856,On or near Whitehouse Lane,E01022206,Cotswold 011B,Violence and sexual offences,Investigation complete; no suspect identified,
1548daa7bd5c3a12fda9507225414acafe9cd32effe4f733784f6d0c3093f2ca,2022-02,Gloucestershire Constabulary,Gloucestershire Constabulary,-2.209631,51.606056,On or near Parking Area,E01022206,Cotswold 011B,Violence and sexual offences,Investigation complete; no suspect identified,
94e17f37ecd8ad4b75310b389213c8ccc35f061cac944711df0dc06f7e7a7306,2022-02,Gloucestershire Constabulary,Gloucestershire Constabulary,-2.178656,51.620269,On or near Bath Road,E01022206,Cotswold 011B,Violence and sexual offences,Unable to prosecute suspect,
,2022-02,Gloucestershire Constabulary,Gloucestershire Constabulary,-2.155182,51.645046,On or near Shepherds Mead,E01022217,Cotswold 011C,Anti-social behaviour,,
29d39e8e47e270f3e7fcae8bb0f61afeb0ee306e47904dfe5fe2a769fa723e68,2022-02,Gloucestershire Constabulary,Gloucestershire Constabulary,-2.164018,51.642643,On or near Hampton Street,E01022217,Cotswold 011C,Public order,Investigation complete; no suspect identified,
b57a759ed292524f84e29ab41e279aa64b39dcdf84857166c51e3b8b4f037032,2022-02,Gloucestershire Constabulary,Gloucestershire Constabulary,-2.155182,51.645046,On or near Shepherds Mead,E01022217,Cotswold 011C,Vehicle crime,Court result unavailable,
482ff9f84f7bf968a4336f1d57ce826284903c20a352c8e360910cb7d8a7bf16,2022-02,Gloucestershire Constabulary,Gloucestershire Constabulary,-2.155963,51.645297,On or near Ryland Close,E01022217,Cotswold 011C,Violence and sexual offences,Investigation complete; no suspect identified,
fdc0cca52156a5153ace61278e84388471067e4911d22becff22a7a4a25dfbd8,2022-02,Gloucestershire Constabulary,Gloucestershire Constabulary,-2.160399,51.644931,On or near Berkeley Way,E01022217,Cotswold 011C,Violence and sexual offences,Investigation complete; no suspect identified,
2cf4374858badef687c7c4c4a698f42ec9ae0aa489326e682556e2b49dedbce2,2022-02,Gloucestershire Constabulary,Gloucestershire Constabulary,-2.161115,51.643213,On or near St Mary'S Road,E01022217,Cotswold 011C,Violence and sexual offences,Action to be taken by another organisation,
cd9452c6331c84e88491cd2e6c955f39df3df9bea0146008b81f660a294a715c,2022-02,Gloucestershire Constabulary,Gloucestershire Constabulary,-2.164018,51.642643,On or near Hampton Street,E01022217,Cotswold 011C,Violence and sexual offences,Unable to prosecute suspect,
,2022-02,Gloucestershire Constabulary,Gloucestershire Constabulary,-2.167595,51.644742,On or near Webb Road,E01022218,Cotswold 011D,Anti-social behaviour,,
d36f8989c31593a487e13c60c43f357ff12982d147cd62b78c1295456fb3ad3d,2022-02,Gloucestershire Constabulary,Gloucestershire Constabulary,-2.166670,51.644608,On or near Wistaria Road,E01022218,Cotswold 011D,Bicycle theft,Investigation complete; no suspect identified,
a82e45dec34f0ac7332fb1aff43bbe7f20a77bbb1f8b67c80bd31af9f5388bd2,2022-02,Gloucestershire Constabulary,Gloucestershire Constabulary,-2.167417,51.643411,On or near Romney Road,E01022218,Cotswold 011D,Criminal damage and arson,Offender given a caution,
136b0fe43ae0a05901166b4b1c2756d5ebfa6ec34b80dfcadaf47ec706f7e575,2022-02,Gloucestershire Constabulary,Gloucestershire Constabulary,-2.166670,51.644608,On or near Wistaria Road,E01022218,Cotswold 011D,Public order,Unable to prosecute suspect,
1cb30f20c1f99a26d1b7caa86e648c2327b546d4f370149a7beb3ca7314cc959,2022-02,Gloucestershire Constabulary,Gloucestershire Constabulary,-2.166670,51.644608,On or near Wistaria Road,E01022218,Cotswold 011D,Violence and sexual offences,Unable to prosecute suspect,
5ed453d579e013315662ade57c0dd727e4de8ad0dfbb04902a837b9c2ff83934,2022-02,Gloucestershire Constabulary,Gloucestershire Constabulary,-2.166638,51.643781,On or near Windsor Road,E01022218,Cotswold 011D,Violence and sexual offences,Unable to prosecute suspect,
35ebae03f0200a29baa8d7a6e8464b837db77a583302f72e5f7c981ffd228d83,2022-02,Gloucestershire Constabulary,Gloucestershire Constabulary,-2.167142,51.643259,On or near Elizabeth Gardens,E01022218,Cotswold 011D,Violence and sexual offences,Unable to prosecute suspect,
c0d7831b288de77515c4b8a16f22e51b695a178335c817889fd11ebba572b523,2022-02,Gloucestershire Constabulary,Gloucestershire Constabulary,-2.166670,51.644608,On or near Wistaria Road,E01022218,Cotswold 011D,Violence and sexual offences,Unable to prosecute suspect,
30f495d275628b990c80c6d135a25bc4e696e0c133845a4f5ec8adc10fba72a3,2022-02,Gloucestershire Constabulary,Gloucestershire Constabulary,-2.156662,51.638544,On or near Chipping Street,E01022219,Cotswold 011E,Other theft,Investigation complete; no suspect identified,
ec95d2223f8b4d0b4f976fd084ed750396d6db6390c370cc869abdbeed27b11e,2022-02,Gloucestershire Constabulary,Gloucestershire Constabulary,-2.152401,51.643180,On or near Northfield Close,E01022219,Cotswold 011E,Other crime,Court result unavailable,
eaa1a85a35587c3fb38d2caf003055fd5e2d3db34a48bfa97ae58799a86b03c3,2022-02,Gloucestershire Constabulary,Gloucestershire Constabulary,-2.161667,51.635849,On or near Parking Area,E01022220,Cotswold 011F,Burglary,Investigation complete; no suspect identified,
7a7ca857cb27c2d8e84a4ca42857d59c0b129675496679a4e3436e673ea2f7e9,2022-02,Gloucestershire Constabulary,Gloucestershire Constabulary,-2.160480,51.639258,On or near Eccles Court,E01022220,Cotswold 011F,Public order,Unable to prosecute suspect,
ff55cf3dbbf42c749e70afdf539d1f56e1dcc8bc76deed563af14c02d3ce6881,2022-02,Gloucestershire Constabulary,Gloucestershire Constabulary,-2.160995,51.637882,On or near Long Street,E01022220,Cotswold 011F,Violence and sexual offences,Unable to prosecute suspect,
5429f52fbf327fe0366b274bdd43ba31945afcdfe0cc6b0450d29471ac32f48a,2022-02,Gloucestershire Constabulary,Gloucestershire Constabulary,-2.160995,51.637882,On or near Long Street,E01022220,Cotswold 011F,Violence and sexual offences,Unable to prosecute suspect,
,2022-02,Gloucestershire Constabulary,Gloucestershire Constabulary,-2.361152,52.007497,On or near Park/Open Space,E01022233,Forest of Dean 001A,Anti-social behaviour,,
56854a6a5abaef315d252e36957912d9cd57df4f1ab7fe08d6e8d997489907bb,2022-02,Gloucestershire Constabulary,Gloucestershire Constabulary,-2.439540,51.980150,On or near The Willows,E01022233,Forest of Dean 001A,Burglary,Investigation complete; no suspect identified,
02db3fe8fee77885929d71e254e43dbb8da3b56836230d2c037e63e6af7c72b1,2022-02,Gloucestershire Constabulary,Gloucestershire Constabulary,-2.474058,52.001936,On or near Airport/Airfield,E01022233,Forest of Dean 001A,Other theft,Investigation complete; no suspect identified,
db8478589a15d887304953b0254998289c18863616e785ae68cfd36b7c5a250b,2022-02,Gloucestershire Constabulary,Gloucestershire Constabulary,-2.386403,51.994371,On or near Sandfields,E01022233,Forest of Dean 001A,Other theft,Investigation complete; no suspect identified,
84e0dd378743e2cc0133a91735bcd41e1ab91c07e799e6c194cd30f3b5de4eeb,2022-02,Gloucestershire Constabulary,Gloucestershire Constabulary,-2.470025,51.953420,On or near Parking Area,E01022233,Forest of Dean 001A,Violence and sexual offences,Unable to prosecute suspect,
f4876eb555aee35a2f490bc909b1a646cdbfbd2d660062c6537038ca31503f04,2022-02,Gloucestershire Constabulary,Gloucestershire Constabulary,-2.384618,51.995150,On or near Bell Lane,E01022233,Forest of Dean 001A,Violence and sexual offences,Unable to prosecute suspect,
c435eb5cd9929dec7291d314f4679f498ad2b4a4da97badf6ea1d8e5a92a2526,2022-02,Gloucestershire Constabulary,Gloucestershire Constabulary,-2.405682,51.871455,On or near Grange Court Lane,E01022235,Forest of Dean 001B,Violence and sexual offences,Unable to prosecute suspect,
82af8fee11c432b50857f8054e7e87d5d7336ec30a73b27f6480f8c1d7852e2a,2022-02,Gloucestershire Constabulary,Gloucestershire Constabulary,-2.405682,51.871455,On or near Grange Court Lane,E01022235,Forest of Dean 001B,Violence and sexual offences,Unable to prosecute suspect,
,2022-02,Gloucestershire Constabulary,Gloucestershire Constabulary,-2.298703,51.962574,On or near Straight Lane,E01022247,Forest of Dean 001C,Anti-social behaviour,,
,2022-02,Gloucestershire Constabulary,Gloucestershire Constabulary,-2.310268,51.904913,On or near Further/Higher Educational Building,E01022247,Forest of Dean 001C,Anti-social behaviour,,
,2022-02,Gloucestershire Constabulary,Gloucestershire Constabulary,-2.310268,51.904913,On or near Further/Higher Educational Building,E01022247,Forest of Dean 001C,Anti-social behaviour,,
d2722c1c2fd49deeee6275831177800b512ecb2ace19b9bbb1120c3ea5479464,2022-02,Gloucestershire Constabulary,Gloucestershire Constabulary,-2.310268,51.904913,On or near Further/Higher Educational Building,E01022247,Forest of Dean 001C,Burglary,Investigation complete; no suspect identified,
983017551d46c93b69a8d7f2699dc1a08152ba77d4540f34186b2711e2db878d,2022-02,Gloucestershire Constabulary,Gloucestershire Constabulary,-2.295512,51.937669,On or near Petrol Station,E01022247,Forest of Dean 001C,Other theft,Investigation complete; no suspect identified,
db8be1b895840b4bbe5d621d0b7ac63aaf2302a117ebf306e158d943aa00ef23,2022-02,Gloucestershire Constabulary,Gloucestershire Constabulary,-2.310268,51.904913,On or near Further/Higher Educational Building,E01022247,Forest of Dean 001C,Violence and sexual offences,Unable to prosecute suspect,
81c57c1fab5e92062843425c7d213fd271ac394adb095fd0d2e7393a3af34550,2022-02,Gloucestershire Constabulary,Gloucestershire Constabulary,-2.363067,51.934522,On or near Hook'S Lane,E01022247,Forest of Dean 001C,Violence and sexual offences,Unable to prosecute suspect,
10d3570c6d68760e5be9b10afa6e47709affd64ef6e1a58270aa66e429e70bda,2022-02,Gloucestershire Constabulary,Gloucestershire Constabulary,-2.307480,51.958461,On or near Compton Close,E01022247,Forest of Dean 001C,Violence and sexual offences,Unable to prosecute suspect,
9c6a78c263caf78bc25a2cd34e978dd00ab3bd79f86664f631e06a8ed5c105a8,2022-02,Gloucestershire Constabulary,Gloucestershire Constabulary,-2.363067,51.934522,On or near Hook'S Lane,E01022247,Forest of Dean 001C,Violence and sexual offences,Unable to prosecute suspect,
,2022-02,Gloucestershire Constabulary,Gloucestershire Constabulary,-2.308145,51.959934,On or near Hadfield Close,E01022270,Forest of Dean 001D,Anti-social behaviour,,
829d84542148adb2c2214863c60a5a1fe760376cae4385ee5efccf9b5343e6dc,2022-02,Gloucestershire Constabulary,Gloucestershire Constabulary,-2.361835,51.982015,On or near Little Green,E01022270,Forest of Dean 001D,Burglary,Investigation complete; no suspect identified,
,2022-02,Gloucestershire Constabulary,Gloucestershire Constabulary,-2.412747,51.927579,On or near Watery Lane,E01022261,Forest of Dean 002A,Anti-social behaviour,,
,2022-02,Gloucestershire Constabulary,Gloucestershire Constabulary,-2.407257,51.931509,On or near Police Station,E01022261,Forest of Dean 002A,Anti-social behaviour,,
35a2ed3da39c6e255b62a944adedf993bdf4e56f2d75654f438cb4a1fcef85a3,2022-02,Gloucestershire Constabulary,Gloucestershire Constabulary,-2.412747,51.927579,On or near Watery Lane,E01022261,Forest of Dean 002A,Other theft,Investigation complete; no suspect identified,
120ad1fe585cbf4d0f686cedfe2d7f1ab793e97e810cb323a1b1a89256d59daf,2022-02,Gloucestershire Constabulary,Gloucestershire Constabulary,-2.412747,51.927579,On or near Watery Lane,E01022261,Forest of Dean 002A,Violence and sexual offences,Unable to prosecute suspect,
ee64c40e2a59c9f6f3b738ef1518138a2d7ac74d55d1248132ff06d055e3528e,2022-02,Gloucestershire Constabulary,Gloucestershire Constabulary,-2.412747,51.927579,On or near Watery Lane,E01022261,Forest of Dean 002A,Violence and sexual offences,Unable to prosecute suspect,
bb7260e62c053315dc8ec55ba5ad84bd2f4ff039dd435c80b8be16a8dfb3c6a0,2022-02,Gloucestershire Constabulary,Gloucestershire Constabulary,-2.412747,51.927579,On or near Watery Lane,E01022261,Forest of Dean 002A,Violence and sexual offences,Unable to prosecute suspect,
7bc1f2d15bb8120d0d931bd5ea80818d852588dbc8e057819787b68dd680084b,2022-02,Gloucestershire Constabulary,Gloucestershire Constabulary,-2.412747,51.927579,On or near Watery Lane,E01022261,Forest of Dean 002A,Violence and sexual offences,Unable to prosecute suspect,
,2022-02,Gloucestershire Constabulary,Gloucestershire Constabulary,-2.406336,51.931027,On or near Broad Street,E01022262,Forest of Dean 002B,Anti-social behaviour,,
,2022-02,Gloucestershire Constabulary,Gloucestershire Constabulary,-2.398360,51.928761,On or near Onslow Road,E01022262,Forest of Dean 002B,Anti-social behaviour,,
,2022-02,Gloucestershire Constabulary,Gloucestershire Constabulary,-2.403267,51.930983,On or near Church Street,E01022262,Forest of Dean 002B,Anti-social behaviour,,
,2022-02,Gloucestershire Constabulary,Gloucestershire Constabulary,-2.407398,51.932633,On or near High Street,E01022262,Forest of Dean 002B,Anti-social behaviour,,
,2022-02,Gloucestershire Constabulary,Gloucestershire Constabulary,-2.398360,51.928761,On or near Onslow Road,E01022262,Forest of Dean 002B,Anti-social behaviour,,
87b3e76ce93dedc36b20a79e0465a0e5640c794ad32770b2a78bb8ea656666a0,2022-02,Gloucestershire Constabulary,Gloucestershire Constabulary,-2.403267,51.930983,On or near Church Street,E01022262,Forest of Dean 002B,Burglary,Investigation complete; no suspect identified,
e6e79f0d534196f90d77d9e1ce945d9f877f5ae1e57d203a0d60d652e21a5d47,2022-02,Gloucestershire Constabulary,Gloucestershire Constabulary,-2.406381,51.927952,On or near America Gardens,E01022262,Forest of Dean 002B,Criminal damage and arson,Investigation complete; no suspect identified,
e912f9b65bb15aaf002407a96cae7926580295a7118053ad27f0450e837565f1,2022-02,Gloucestershire Constabulary,Gloucestershire Constabulary,-2.397099,51.929143,On or near Blenheim Drive,E01022262,Forest of Dean 002B,Drugs,Local resolution,
692d8c19e8bb8863be9b7ea3c04edb0ec0e35e18fed8a10137b1fb70ee13c9b5,2022-02,Gloucestershire Constabulary,Gloucestershire Constabulary,-2.399327,51.931186,On or near Gloucester Street,E01022262,Forest of Dean 002B,Public order,Unable to prosecute suspect,
f133bb1c9e85323492c65c8d2b1148af99f7edc62a0960d5dce8f022209dbba1,2022-02,Gloucestershire Constabulary,Gloucestershire Constabulary,-2.406336,51.931027,On or near Broad Street,E01022262,Forest of Dean 002B,Public order,Unable to prosecute suspect,
0d2e08fd55510d1d7d80efcee06e45b03a151b2be754e08b92c13e6674f81925,2022-02,Gloucestershire Constabulary,Gloucestershire Constabulary,-2.406336,51.931027,On or near Broad Street,E01022262,Forest of Dean 002B,Shoplifting,Investigation complete; no suspect identified,
19e5daf6caaf4915c41e212c14c209c7a48cebfee34050c679271e7af32397b7,2022-02,Gloucestershire Constabulary,Gloucestershire Constabulary,-2.406336,51.931027,On or near Broad Street,E01022262,Forest of Dean 002B,Shoplifting,Unable to prosecute suspect,
62f25c2764774c588ed48b48779b2bef8baafdbed7b03864921c686a4e756832,2022-02,Gloucestershire Constabulary,Gloucestershire Constabulary,-2.398360,51.928761,On or near Onslow Road,E01022262,Forest of Dean 002B,Violence and sexual offences,Unable to prosecute suspect,
6e70d5f1564381a2ded11b40988050a3d0eefc84056e20620463102d2258ce38,2022-02,Gloucestershire Constabulary,Gloucestershire Constabulary,-2.398360,51.928761,On or near Onslow Road,E01022262,Forest of Dean 002B,Violence and sexual offences,Unable to prosecute suspect,
8206726ab55fa765f63b3a1610629b58ed7f6c3341677b84b10aaf42f3bf132d,2022-02,Gloucestershire Constabulary,Gloucestershire Constabulary,-2.406879,51.931609,On or near Hospital,E01022262,Forest of Dean 002B,Violence and sexual offences,Investigation complete; no suspect identified,
,2022-02,Gloucestershire Constabulary,Gloucestershire Constabulary,-2.397131,51.932829,On or near Croft Close,E01022267,Forest of Dean 002C,Anti-social behaviour,,
56d971ebe583388bc1d2d320d3c068cda4534abcda3626353eab01fffa2ad5dc,2022-02,Gloucestershire Constabulary,Gloucestershire Constabulary,-2.397411,51.931615,On or near Cleeve Rise,E01022267,Forest of Dean 002C,Violence and sexual offences,Unable to prosecute suspect,
e6c21968e382bddf356f0947fb6aa6caef1bbbd100ea78a15d9723fa70ca2735,2022-02,Gloucestershire Constabulary,Gloucestershire Constabulary,-2.397131,51.932829,On or near Croft Close,E01022267,Forest of Dean 002C,Violence and sexual offences,Unable to prosecute suspect,
5ca3143b2f97549670d5692981389b8883d73c2112f0c233b66d5ac7392a17af,2022-02,Gloucestershire Constabulary,Gloucestershire Constabulary,-2.448810,51.946229,On or near Park/Open Space,E01022267,Forest of Dean 002C,Violence and sexual offences,Unable to prosecute suspect,
6f52bd06fd46e9ba81011bad8d8113cface44f2da7969c1f8ec213bc9785ba46,2022-02,Gloucestershire Constabulary,Gloucestershire Constabulary,-2.448810,51.946229,On or near Park/Open Space,E01022267,Forest of Dean 002C,Other crime,Investigation complete; no suspect identified,
d71e36b984ee474cbe63164c78adba27ea1f3e707bf6ab762470598bd6faf4f6,2022-02,Gloucestershire Constabulary,Gloucestershire Constabulary,-2.397411,51.931615,On or near Cleeve Rise,E01022267,Forest of Dean 002C,Other crime,Court result unavailable,
,2022-02,Gloucestershire Constabulary,Gloucestershire Constabulary,-2.550935,51.855328,On or near Boxtree Close,E01022251,Forest of Dean 003A,Anti-social behaviour,,
,2022-02,Gloucestershire Constabulary,Gloucestershire Constabulary,-2.579891,51.844346,On or near Greenfield Close,E01022251,Forest of Dean 003A,Anti-social behaviour,,
,2022-02,Gloucestershire Constabulary,Gloucestershire Constabulary,-2.573080,51.848722,On or near Vention Lane,E01022251,Forest of Dean 003A,Anti-social behaviour,,
,2022-02,Gloucestershire Constabulary,Gloucestershire Constabulary,-2.576740,51.843120,On or near Edwards Close,E01022251,Forest of Dean 003A,Anti-social behaviour,,
7613b832fa2d8947b1b999d97eba601e30427a48b89ba3a6d69cb26fa5206fb5,2022-02,Gloucestershire Constabulary,Gloucestershire Constabulary,-2.573080,51.848722,On or near Vention Lane,E01022251,Forest of Dean 003A,Burglary,Investigation complete; no suspect identified,
b58e5919faeb4ccbc1a8370eae5fa69fe4cfd16517b4593aa4574be7dcc51897,2022-02,Gloucestershire Constabulary,Gloucestershire Constabulary,-2.548115,51.857409,On or near St Margaret'S Road,E01022251,Forest of Dean 003A,Burglary,Investigation complete; no suspect identified,
f9b80e08dafe7d7bfc7e8ffb65338cfc0cd433c1950411c57a18c13695ad19a2,2022-02,Gloucestershire Constabulary,Gloucestershire Constabulary,-2.550884,51.854744,On or near Mountain View,E01022251,Forest of Dean 003A,Burglary,Unable to prosecute suspect,
a5edf54d373b0761b9ccd4acfab617d6c69ff4df5f78a23de363eeb24afe8247,2022-02,Gloucestershire Constabulary,Gloucestershire Constabulary,-2.546807,51.856130,On or near Belle Vue Road,E01022251,Forest of Dean 003A,Other theft,Investigation complete; no suspect identified,
e755a6841e24674271759f2741bda52953c26fd36d5b18f5a2ac61e3a154a51a,2022-02,Gloucestershire Constabulary,Gloucestershire Constabulary,-2.549287,51.855929,On or near St John'S Road,E01022251,Forest of Dean 003A,Violence and sexual offences,Unable to prosecute suspect,
dd04cfc4ab821e1202cc8f91e705cc3034fc9bdbfdb988891f4c49121aafea46,2022-02,Gloucestershire Constabulary,Gloucestershire Constabulary,-2.549287,51.855929,On or near St John'S Road,E01022251,Forest of Dean 003A,Violence and sexual offences,Unable to prosecute suspect,
2f4ca34ffa73ac3126f5150e4fc4db55f8d5f0fe373d189dcc9e1d49cb07a374,2022-02,Gloucestershire Constabulary,Gloucestershire Constabulary,-2.549287,51.855929,On or near St John'S Road,E01022251,Forest of Dean 003A,Violence and sexual offences,Unable to prosecute suspect,
,2022-02,Gloucestershire Constabulary,Gloucestershire Constabulary,-2.542251,51.856385,On or near Varnister Lane,E01022252,Forest of Dean 003B,Anti-social behaviour,,
,2022-02,Gloucestershire Constabulary,Gloucestershire Constabulary,-2.528463,51.850738,On or near Millers Green,E01022252,Forest of Dean 003B,Anti-social behaviour,,
,2022-02,Gloucestershire Constabulary,Gloucestershire Constabulary,-2.528463,51.850738,On or near Millers Green,E01022252,Forest of Dean 003B,Anti-social behaviour,,
2c80c8fed46d83c63d87732602dd591947f56a2c3d80f55c46a8d614931ed04a,2022-02,Gloucestershire Constabulary,Gloucestershire Constabulary,-2.531591,51.850050,On or near Spout Lane,E01022252,Forest of Dean 003B,Violence and sexual offences,Unable to prosecute suspect,
1b76c7756c79e3613fb72ddd5bbcdb847cd781cbaffdb86d252dd402e9357cd9,2022-02,Gloucestershire Constabulary,Gloucestershire Constabulary,-2.526762,51.849262,On or near Ashfield Road,E01022252,Forest of Dean 003B,Violence and sexual offences,Unable to prosecute suspect,
,2022-02,Gloucestershire Constabulary,Gloucestershire Constabulary,-2.488660,51.861924,On or near The Merrin,E01022258,Forest of Dean 003C,Anti-social behaviour,,
,2022-02,Gloucestershire Constabulary,Gloucestershire Constabulary,-2.484655,51.866220,On or near South Walk,E01022258,Forest of Dean 003C,Anti-social behaviour,,
,2022-02,Gloucestershire Constabulary,Gloucestershire Constabulary,-2.489192,51.864125,On or near Stars Pitch,E01022258,Forest of Dean 003C,Anti-social behaviour,,
,2022-02,Gloucestershire Constabulary,Gloucestershire Constabulary,-2.487389,51.866587,On or near Further/Higher Educational Building,E01022258,Forest of Dean 003C,Anti-social behaviour,,
,2022-02,Gloucestershire Constabulary,Gloucestershire Constabulary,-2.488477,51.865180,On or near Parking Area,E01022258,Forest of Dean 003C,Anti-social behaviour,,
847438be5e4966cd180b45a0e75f1c487a2d4815f2cf34fa88d303927ec21c83,2022-02,Gloucestershire Constabulary,Gloucestershire Constabulary,-2.487389,51.866587,On or near Further/Higher Educational Building,E01022258,Forest of Dean 003C,Criminal damage and arson,Investigation complete; no suspect identified,
c8c9f7b609ea8d90f1c1bfb1703f64cdf6fc9f6508015c236baf95eb271ce4d0,2022-02,Gloucestershire Constabulary,Gloucestershire Constabulary,-2.488145,51.861306,On or near Petrol Station,E01022258,Forest of Dean 003C,Drugs,Investigation complete; no suspect identified,
cdd614771dfedb837249d459c6e5b3fb9389a7f7d114fbfd8ad5992316652b6e,2022-02,Gloucestershire Constabulary,Gloucestershire Constabulary,-2.490229,51.865955,On or near Churchill Way,E01022258,Forest of Dean 003C,Other theft,Investigation complete; no suspect identified,
fc9a3c5c7d9a0fb103532811b3cd74c34133376b81a545ade955489afe83ff48,2022-02,Gloucestershire Constabulary,Gloucestershire Constabulary,-2.488969,51.864998,On or near Supermarket,E01022258,Forest of Dean 003C,Shoplifting,Investigation complete; no suspect identified,
1c21d7e5d1a17d47726f083d37da18815b19326dbe1794aef015a5fc0bf21939,2022-02,Gloucestershire Constabulary,Gloucestershire Constabulary,-2.485175,51.864663,On or near Parks Road,E01022258,Forest of Dean 003C,Violence and sexual offences,Unable to prosecute suspect,
6e28e72824df4072931d84c7452acf5e86bef298443bfce3748099bc0191dfb9,2022-02,Gloucestershire Constabulary,Gloucestershire Constabulary,-2.486802,51.863343,On or near Dean Meadows,E01022258,Forest of Dean 003C,Violence and sexual offences,Investigation complete; no suspect identified,
462c5a9d2c1e6b3ca08d0e357028ffd9b781a60f6264635d9d8b48d045157baf,2022-02,Gloucestershire Constabulary,Gloucestershire Constabulary,-2.486802,51.863343,On or near Dean Meadows,E01022258,Forest of Dean 003C,Violence and sexual offences,Investigation complete; no suspect identified,
7663adbdb005ae22bd95336e30737285b0a0f35e8826c909a245667e8ec40bfc,2022-02,Gloucestershire Constabulary,Gloucestershire Constabulary,-2.486802,51.863343,On or near Dean Meadows,E01022258,Forest of Dean 003C,Other crime,Formal action is not in the public interest,
,2022-02,Gloucestershire Constabulary,Gloucestershire Constabulary,-2.488431,51.859524,On or near Anns Walk,E01022259,Forest of Dean 003D,Anti-social behaviour,,
,2022-02,Gloucestershire Constabulary,Gloucestershire Constabulary,-2.490708,51.864667,On or near St Michael'S Close,E01022259,Forest of Dean 003D,Anti-social behaviour,,
b1a01ccee06497e5e1bbd8c28e93612885ab229dda1a66481b4a38fad80b3aee,2022-02,Gloucestershire Constabulary,Gloucestershire Constabulary,-2.493846,51.870048,On or near The Crescent,E01022259,Forest of Dean 003D,Public order,Local resolution,
e36502f104fa87f3ea85c852f4f5d2cb9f504cad13fe64acfb4a4060ebca2658,2022-02,Gloucestershire Constabulary,Gloucestershire Constabulary,-2.491447,51.861814,On or near Baynham Road,E01022259,Forest of Dean 003D,Public order,Investigation complete; no suspect identified,
da9c037de215545034ee5d96c8bd7e48b19202ef3a430f6a509e353694a2b88e,2022-02,Gloucestershire Constabulary,Gloucestershire Constabulary,-2.491588,51.869410,On or near Glebe Close,E01022259,Forest of Dean 003D,Violence and sexual offences,Investigation complete; no suspect identified,
f7e3ca81a6d97f0821fcad82735205d3b57b89ae0ebdc0b60e63f7a12e709a80,2022-02,Gloucestershire Constabulary,Gloucestershire Constabulary,-2.488431,51.859524,On or near Anns Walk,E01022259,Forest of Dean 003D,Violence and sexual offences,Unable to prosecute suspect,
4751c638f8095d33c1b4ad7e1f25634f683d705c6b827186a9b06e7619427c54,2022-02,Gloucestershire Constabulary,Gloucestershire Constabulary,-2.493135,51.871472,On or near Lining Wood,E01022259,Forest of Dean 003D,Violence and sexual offences,Unable to prosecute suspect,
e35a22d5478a63eedb9cd58ab9f2fcc6410f860ea2ddf85cfbcfe15e5a722a9d,2022-02,Gloucestershire Constabulary,Gloucestershire Constabulary,-2.489571,51.868286,On or near Oakhill Road,E01022259,Forest of Dean 003D,Violence and sexual offences,Investigation complete; no suspect identified,
c619de3f3769902348997bdb773fa49f02ec166e560d102ccf8eaf2708af62ae,2022-02,Gloucestershire Constabulary,Gloucestershire Constabulary,-2.493846,51.870048,On or near The Crescent,E01022259,Forest of Dean 003D,Violence and sexual offences,Local resolution,
19cd4c2c1ae1fa5afd583a115b57021eef275fbe9835f11a6c16e9c0f85c7bc5,2022-02,Gloucestershire Constabulary,Gloucestershire Constabulary,-2.493135,51.871472,On or near Lining Wood,E01022259,Forest of Dean 003D,Violence and sexual offences,Unable to prosecute suspect,
,2022-02,Gloucestershire Constabulary,Gloucestershire Constabulary,-2.515555,51.859481,On or near Hazel Field,E01022260,Forest of Dean 003E,Anti-social behaviour,,
9baf34bf772656073a9f43ffae8057f4dfd4f1973616658de2d6d27c22f67de7,2022-02,Gloucestershire Constabulary,Gloucestershire Constabulary,-2.516719,51.850844,On or near Drybrook Road,E01022260,Forest of Dean 003E,Other theft,Investigation complete; no suspect identified,
20da52748692a164ac5544d1671484632f813c47a70ebbd49e802db5e0d3fac5,2022-02,Gloucestershire Constabulary,Gloucestershire Constabulary,-2.518593,51.859773,On or near Hawthorns Road,E01022260,Forest of Dean 003E,Violence and sexual offences,Action to be taken by another organisation,
,2022-02,Gloucestershire Constabulary,Gloucestershire Constabulary,-2.497514,51.824745,On or near Edge Hills Close,E01022236,Forest of Dean 004A,Anti-social behaviour,,
0fe5170b3538c168a67e6d0f37a6b9318261f22d0322a158b65e1cb8cff70435,2022-02,Gloucestershire Constabulary,Gloucestershire Constabulary,-2.498781,51.825117,On or near Parking Area,E01022236,Forest of Dean 004A,Public order,Investigation complete; no suspect identified,
3cf41369d849735876fa9274d0551f3ed6ee9563c7f820e9cfb1b953abcffdc2,2022-02,Gloucestershire Constabulary,Gloucestershire Constabulary,-2.495017,51.817931,On or near Mount Pleasant Road,E01022236,Forest of Dean 004A,Public order,Unable to prosecute suspect,
3168e3de21eb0f0a04e1a518fed3cd44bab50b984b1deaba69e26a6a67eb05ab,2022-02,Gloucestershire Constabulary,Gloucestershire Constabulary,-2.497629,51.819332,On or near Woodlands Reach,E01022236,Forest of Dean 004A,Vehicle crime,Status update unavailable,
92942a21d208db15f1be2ecbe15a895fb19a04d43c374ddcf97adf94810b51eb,2022-02,Gloucestershire Constabulary,Gloucestershire Constabulary,-2.498781,51.825117,On or near Parking Area,E01022236,Forest of Dean 004A,Violence and sexual offences,Investigation complete; no suspect identified,
3819a2c65f470b3ac0f61776d7113ed01072280390b0827c0d60632addcf03d0,2022-02,Gloucestershire Constabulary,Gloucestershire Constabulary,-2.492615,51.823831,On or near Worcester Road,E01022236,Forest of Dean 004A,Violence and sexual offences,Unable to prosecute suspect,
cef75db91795c7814a04fce44d93a3cb25f449825a1bf6f49c6b869a19398989,2022-02,Gloucestershire Constabulary,Gloucestershire Constabulary,-2.492615,51.823831,On or near Worcester Road,E01022236,Forest of Dean 004A,Violence and sexual offences,Unable to prosecute suspect,
7eb83d17c6558364770e39073ee8bebcc4ad628e2a1cb6dd92b0fed30e4055df,2022-02,Gloucestershire Constabulary,Gloucestershire Constabulary,-2.498774,51.823193,On or near Parking Area,E01022236,Forest of Dean 004A,Violence and sexual offences,Unable to prosecute suspect,
059f9ca73fee0d0ac9b34b4ba91f7f17db3f49166b13581e369b68fb3415176f,2022-02,Gloucestershire Constabulary,Gloucestershire Constabulary,-2.494107,51.819689,On or near Highview Road,E01022236,Forest of Dean 004A,Other crime,Court result unavailable,
,2022-02,Gloucestershire Constabulary,Gloucestershire Constabulary,-2.500046,51.826694,On or near Mountjoy'S Lane,E01022237,Forest of Dean 004B,Anti-social behaviour,,
514c6a870e4def53349b639878e7c2be5da7c90eef8496b1a6b655f651eee629,2022-02,Gloucestershire Constabulary,Gloucestershire Constabulary,-2.495317,51.825501,On or near Moorland Close,E01022237,Forest of Dean 004B,Burglary,Unable to prosecute suspect,
288f8630a73980e26d0e6d9f146de8a0a5f0de978729fcbd3ccf4a82e175f41d,2022-02,Gloucestershire Constabulary,Gloucestershire Constabulary,-2.495427,51.827568,On or near Oakwood Close,E01022237,Forest of Dean 004B,Criminal damage and arson,Investigation complete; no suspect identified,
a4c034cf10563846c9e4a451c168e2edc8f72dcd368fe45d39d85dd3f631acd1,2022-02,Gloucestershire Constabulary,Gloucestershire Constabulary,-2.494629,51.827563,On or near Pinewood Close,E01022237,Forest of Dean 004B,Criminal damage and arson,Court result unavailable,
f700f8b32724062725a95bb010be45d6f0080c5aa96e8dd0ea71d4054d56326f,2022-02,Gloucestershire Constabulary,Gloucestershire Constabulary,-2.495819,51.826227,On or near Edge Hills Road,E01022237,Forest of Dean 004B,Criminal damage and arson,Investigation complete; no suspect identified,
19691d09f1299488c87169dd06682289079abb2821cf81a89fbb13037e49dea2,2022-02,Gloucestershire Constabulary,Gloucestershire Constabulary,-2.494242,51.825379,On or near Greenhill Close,E01022237,Forest of Dean 004B,Drugs,Local resolution,
e8d4c2bf4a94d249f0caf9e3eac53ce23bdf5eaf71e5c3748dddd97dd3eefa6e,2022-02,Gloucestershire Constabulary,Gloucestershire Constabulary,-2.498919,51.827095,On or near Woodgate Road,E01022237,Forest of Dean 004B,Other theft,Unable to prosecute suspect,
a9d5158e0d33f37b53843cfa1a90887b456c5369ae61b00ed9fdd69797116bbd,2022-02,Gloucestershire Constabulary,Gloucestershire Constabulary,-2.495317,51.825501,On or near Moorland Close,E01022237,Forest of Dean 004B,Public order,Unable to prosecute suspect,
d9ce8ab4f0ac72e1d1c27bcc1cab499673014ac260cb001e81c2992aaa43a6e5,2022-02,Gloucestershire Constabulary,Gloucestershire Constabulary,-2.496825,51.826717,On or near Westfield Road,E01022237,Forest of Dean 004B,Vehicle crime,Investigation complete; no suspect identified,
2dc7c10a971754994b984da3137b7bd55d1456cacbc0b024de313253ed44b7f5,2022-02,Gloucestershire Constabulary,Gloucestershire Constabulary,-2.494629,51.827563,On or near Pinewood Close,E01022237,Forest of Dean 004B,Violence and sexual offences,Unable to prosecute suspect,
3de2b7092f5b700d969dd68601c952382e2a80bea8065dca9606b1b2df80bb78,2022-02,Gloucestershire Constabulary,Gloucestershire Constabulary,-2.500046,51.826694,On or near Mountjoy'S Lane,E01022237,Forest of Dean 004B,Violence and sexual offences,Unable to prosecute suspect,
1cbb80a0fe95c14077b132a3c1bde4e67bdfd8d54f164ac98dc48e08dd46456c,2022-02,Gloucestershire Constabulary,Gloucestershire Constabulary,-2.498919,51.827095,On or near Woodgate Road,E01022237,Forest of Dean 004B,Violence and sexual offences,Unable to prosecute suspect,
fabd12c8297674ca52b4fae326a511d81d0bad7cd9881677c4987f4ede83beac,2022-02,Gloucestershire Constabulary,Gloucestershire Constabulary,-2.500046,51.826694,On or near Mountjoy'S Lane,E01022237,Forest of Dean 004B,Violence and sexual offences,Unable to prosecute suspect,
b8cafa85bcc94bfedd4fce1c8b18f73372fca93654f4c1f9945c84a87f01e28d,2022-02,Gloucestershire Constabulary,Gloucestershire Constabulary,-2.500046,51.826694,On or near Mountjoy'S Lane,E01022237,Forest of Dean 004B,Violence and sexual offences,Unable to prosecute suspect,
bf4ac03dd60c3ff30d03cf9c477bf9a7b1ba5491329108cdcec1450a0916945c,2022-02,Gloucestershire Constabulary,Gloucestershire Constabulary,-2.495317,51.825501,On or near Moorland Close,E01022237,Forest of Dean 004B,Violence and sexual offences,Unable to prosecute suspect,
6ab3c0730712f11d96389175b3a69a3b989bc4a7f401ed948644d179399480be,2022-02,Gloucestershire Constabulary,Gloucestershire Constabulary,-2.495317,51.825501,On or near Moorland Close,E01022237,Forest of Dean 004B,Violence and sexual offences,Unable to prosecute suspect,
1aa265c07bd40111787a6d6ac719e2df9f023ef2ab918283b2ed79e3737d5997,2022-02,Gloucestershire Constabulary,Gloucestershire Constabulary,-2.494629,51.827563,On or near Pinewood Close,E01022237,Forest of Dean 004B,Violence and sexual offences,Unable to prosecute suspect,
e876ca8fcb4c521a94fadf06341e9a592376e5d7dae7e2657927161e4eacd0b6,2022-02,Gloucestershire Constabulary,Gloucestershire Constabulary,-2.494629,51.827563,On or near Pinewood Close,E01022237,Forest of Dean 004B,Violence and sexual offences,Unable to prosecute suspect,
ba0eb88dde486624df262371ad0d0454f54c6de51c973ca9a772e7b56957f67e,2022-02,Gloucestershire Constabulary,Gloucestershire Constabulary,-2.498919,51.827095,On or near Woodgate Road,E01022237,Forest of Dean 004B,Violence and sexual offences,Unable to prosecute suspect,
e46dc47abbd4ddd55c39ec5a3f1ef600ebcc80d8c2b8872a1d3637b99a41d706,2022-02,Gloucestershire Constabulary,Gloucestershire Constabulary,-2.495726,51.827000,On or near Ferndale Close,E01022237,Forest of Dean 004B,Violence and sexual offences,Investigation complete; no suspect identified,
05d6248676dadee604f81c61c362f72fa15321bea522a01de9b29ed37f871485,2022-02,Gloucestershire Constabulary,Gloucestershire Constabulary,-2.500046,51.826694,On or near Mountjoy'S Lane,E01022237,Forest of Dean 004B,Violence and sexual offences,Unable to prosecute suspect,
16ffb7eac1dbc5644eabc8a4a64eb473b4166ef71524ab38a918878fb564ef5d,2022-02,Gloucestershire Constabulary,Gloucestershire Constabulary,-2.494629,51.827563,On or near Pinewood Close,E01022237,Forest of Dean 004B,Violence and sexual offences,Unable to prosecute suspect,
df129c2b16c3469d2344d0ffe68ee87fe3cee88d80db273142c818f13a3d2b72,2022-02,Gloucestershire Constabulary,Gloucestershire Constabulary,-2.493200,51.826948,On or near Sports/Recreation Area,E01022237,Forest of Dean 004B,Violence and sexual offences,Unable to prosecute suspect,
3ab5d2f139348da4a08441d82bd3bb19522b429d693e623b179fbefdfb9578c1,2022-02,Gloucestershire Constabulary,Gloucestershire Constabulary,-2.495317,51.825501,On or near Moorland Close,E01022237,Forest of Dean 004B,Violence and sexual offences,Unable to prosecute suspect,
bb38863efadab0414e96fb6195da842145d9ff926a12adf70bb5e29beb2b4288,2022-02,Gloucestershire Constabulary,Gloucestershire Constabulary,-2.495317,51.825501,On or near Moorland Close,E01022237,Forest of Dean 004B,Violence and sexual offences,Unable to prosecute suspect,
ae06dc1005b628dd4f9a222ccd27d76d86aa763afa7d99ed6768edd8f6af8440,2022-02,Gloucestershire Constabulary,Gloucestershire Constabulary,-2.495427,51.827568,On or near Oakwood Close,E01022237,Forest of Dean 004B,Violence and sexual offences,Investigation complete; no suspect identified,
d5332b5de986adba93bc2b5a13e65445fabe696417e6905be1f50167808d4430,2022-02,Gloucestershire Constabulary,Gloucestershire Constabulary,-2.488839,51.826238,On or near Forest Rise,E01022237,Forest of Dean 004B,Other crime,Action to be taken by another organisation,
9d40699f6e124c7771b8ce3072503f6fa44a6bd2f5ef36a9d9bad73055afd7af,2022-02,Gloucestershire Constabulary,Gloucestershire Constabulary,-2.535916,51.809615,On or near Speech House Road,E01022238,Forest of Dean 004C,Possession of weapons,Offender given a caution,
,2022-02,Gloucestershire Constabulary,Gloucestershire Constabulary,-2.560164,51.804611,On or near Parking Area,E01022238,Forest of Dean 004C,Anti-social behaviour,,
,2022-02,Gloucestershire Constabulary,Gloucestershire Constabulary,-2.507830,51.820844,On or near Crawshay Place,E01022238,Forest of Dean 004C,Anti-social behaviour,,
,2022-02,Gloucestershire Constabulary,Gloucestershire Constabulary,-2.566470,51.802099,On or near Speech House Road,E01022238,Forest of Dean 004C,Anti-social behaviour,,
0f1497d9d41e52cfa2470222283d4586cc51e0f4568da49aa53712404a3d4175,2022-02,Gloucestershire Constabulary,Gloucestershire Constabulary,-2.503960,51.821121,On or near Somerset Road,E01022238,Forest of Dean 004C,Criminal damage and arson,Unable to prosecute suspect,
f3e1559574081b9ba53196bae226df19c5a41035fab8864abc311fe7e077633d,2022-02,Gloucestershire Constabulary,Gloucestershire Constabulary,-2.504196,51.821444,On or near Millers Way,E01022238,Forest of Dean 004C,Violence and sexual offences,Unable to prosecute suspect,
f064747aeb2075d818fe6c14acd683a1b72c103d30ad7dc9df8c6ec86c698434,2022-02,Gloucestershire Constabulary,Gloucestershire Constabulary,-2.505240,51.818832,On or near Albert Road,E01022238,Forest of Dean 004C,Violence and sexual offences,Investigation complete; no suspect identified,
93506fd92b1b431ca4549b8d48122dffb7d58903d570ccb77834403c76fcd51e,2022-02,Gloucestershire Constabulary,Gloucestershire Constabulary,-2.535916,51.809615,On or near Speech House Road,E01022238,Forest of Dean 004C,Violence and sexual offences,Investigation complete; no suspect identified,
e44e91145953450f44d824b5eadc53446453854c9e356ea0ea3d20d3488addee,2022-02,Gloucestershire Constabulary,Gloucestershire Constabulary,-2.504196,51.821444,On or near Millers Way,E01022238,Forest of Dean 004C,Violence and sexual offences,Unable to prosecute suspect,
62010531a00dc54b43052e8373841d003a5b9a1f3e2c713906ed1858acbc7ced,2022-02,Gloucestershire Constabulary,Gloucestershire Constabulary,-2.503960,51.821121,On or near Somerset Road,E01022238,Forest of Dean 004C,Violence and sexual offences,Unable to prosecute suspect,
d05ac13e4d94bd8a0ee171919f00273ec338e4f88a46aab3f5ef3df83caa6a85,2022-02,Gloucestershire Constabulary,Gloucestershire Constabulary,-2.507830,51.820844,On or near Crawshay Place,E01022238,Forest of Dean 004C,Violence and sexual offences,Unable to prosecute suspect,
,2022-02,Gloucestershire Constabulary,Gloucestershire Constabulary,-2.503380,51.819829,On or near Victoria Street,E01022239,Forest of Dean 004D,Anti-social behaviour,,
cf8f931dbd790e04bac04ae4d90e9a967a85cd2299a1f26db57928bddfa072c0,2022-02,Gloucestershire Constabulary,Gloucestershire Constabulary,-2.502467,51.821298,On or near Victoria Vale,E01022239,Forest of Dean 004D,Public order,Unable to prosecute suspect,
6c9b768b7152cdf550eca25326c21964914a04c5c78eed378581a63f0291fff0,2022-02,Gloucestershire Constabulary,Gloucestershire Constabulary,-2.503732,51.813714,On or near St Johns Square,E01022239,Forest of Dean 004D,Violence and sexual offences,Unable to prosecute suspect,
66acdfbdf719fab06006b6d167ec5dadc58d083243da75f1a63eced2987e3e2a,2022-02,Gloucestershire Constabulary,Gloucestershire Constabulary,-2.503732,51.813714,On or near St Johns Square,E01022239,Forest of Dean 004D,Violence and sexual offences,Unable to prosecute suspect,
,2022-02,Gloucestershire Constabulary,Gloucestershire Constabulary,-2.502452,51.829067,On or near Petrol Station,E01022240,Forest of Dean 004E,Anti-social behaviour,,
,2022-02,Gloucestershire Constabulary,Gloucestershire Constabulary,-2.499612,51.824206,On or near Market Street,E01022240,Forest of Dean 004E,Anti-social behaviour,,
,2022-02,Gloucestershire Constabulary,Gloucestershire Constabulary,-2.507131,51.827024,On or near Supermarket,E01022240,Forest of Dean 004E,Anti-social behaviour,,
,2022-02,Gloucestershire Constabulary,Gloucestershire Constabulary,-2.507131,51.827024,On or near Supermarket,E01022240,Forest of Dean 004E,Anti-social behaviour,,
3ef6a399b70aeb32112fd74df88decf23656f00b50a23f7a5c10d8a177fa10b3,2022-02,Gloucestershire Constabulary,Gloucestershire Constabulary,-2.502426,51.828015,On or near Parking Area,E01022240,Forest of Dean 004E,Burglary,Investigation complete; no suspect identified,
15bdaaeb87e86e387137221306ce62485b754a8dccb65331a9e82ea7482cc671,2022-02,Gloucestershire Constabulary,Gloucestershire Constabulary,-2.499969,51.824968,On or near Shopping Area,E01022240,Forest of Dean 004E,Criminal damage and arson,Investigation complete; no suspect identified,
4d0ed69fc9fb2c3d4c4ab0032f077c6bda8d70f90fe6f6ad8f5535614d843faf,2022-02,Gloucestershire Constabulary,Gloucestershire Constabulary,-2.513299,51.832266,On or near Sports/Recreation Area,E01022240,Forest of Dean 004E,Criminal damage and arson,Investigation complete; no suspect identified,
84abb06d97447097a753ceb5166275770132c76bf2954ed7765024bf4d8b5e45,2022-02,Gloucestershire Constabulary,Gloucestershire Constabulary,-2.506955,51.830738,On or near Petrol Station,E01022240,Forest of Dean 004E,Criminal damage and arson,Investigation complete; no suspect identified,
fe93e92a8adafdc8fb067ebbdfa100baa3b67de2ec4cb0c04f0f255d62d99c8a,2022-02,Gloucestershire Constabulary,Gloucestershire Constabulary,-2.499612,51.824206,On or near Market Street,E01022240,Forest of Dean 004E,Drugs,Further action is not in the public interest,
d4cf4aa7d2235bc71787c4cc8d5db28e0e61fac75ccacb58237c36c76fadb428,2022-02,Gloucestershire Constabulary,Gloucestershire Constabulary,-2.499969,51.824968,On or near Shopping Area,E01022240,Forest of Dean 004E,Drugs,Court result unavailable,
ca62ef6c3891b3bd263819ea646c3444bcee56e3a8692417beadd207c47435e4,2022-02,Gloucestershire Constabulary,Gloucestershire Constabulary,-2.516312,51.841918,On or near A4151,E01022240,Forest of Dean 004E,Other theft,Investigation complete; no suspect identified,
133123c92fcc917e24c607095f0cd99ff9068d4d5583c0f47f09683c3a5ef959,2022-02,Gloucestershire Constabulary,Gloucestershire Constabulary,-2.511235,51.838326,On or near Petrol Station,E01022240,Forest of Dean 004E,Other theft,Investigation complete; no suspect identified,
d9f97ab008b3d7aa296e7259c0561d0a654fc05073c2c466db418c5ab00c3adf,2022-02,Gloucestershire Constabulary,Gloucestershire Constabulary,-2.501813,51.828971,On or near Albion Road,E01022240,Forest of Dean 004E,Public order,Unable to prosecute suspect,
34c360b4d38042ab0d2c68b5f7d329b7c6285afa015facf0736a7ac201c78c30,2022-02,Gloucestershire Constabulary,Gloucestershire Constabulary,-2.502426,51.825408,On or near Parragate Road,E01022240,Forest of Dean 004E,Public order,Unable to prosecute suspect,
6b3de8a156b0e89573be27bec5b534d7062187245ce614843b4f6b764c67c186,2022-02,Gloucestershire Constabulary,Gloucestershire Constabulary,-2.501363,51.823731,On or near Foundry Road,E01022240,Forest of Dean 004E,Public order,Unable to prosecute suspect,
c48a8b871f0d052d2ee0229d2d82c2b4e98ab65fa8196dda9d646b4f884ff0e0,2022-02,Gloucestershire Constabulary,Gloucestershire Constabulary,-2.512392,51.834149,On or near Broadmoor Road,E01022240,Forest of Dean 004E,Public order,Unable to prosecute suspect,
9b4502e8719d8a533bc1e4aced1cbf1f79d3fcfea65953c45641b811d85ecf5f,2022-02,Gloucestershire Constabulary,Gloucestershire Constabulary,-2.500404,51.824949,On or near Police Station,E01022240,Forest of Dean 004E,Violence and sexual offences,Unable to prosecute suspect,
97aac4afdd1daa03c1d0d762744d1e9731850449577f71297561af2146f667b4,2022-02,Gloucestershire Constabulary,Gloucestershire Constabulary,-2.499969,51.824968,On or near Shopping Area,E01022240,Forest of Dean 004E,Violence and sexual offences,Unable to prosecute suspect,
6371ec3cf528eed79bf84e9e75a8691915ce419f56e5192fa92b4037abd1cb54,2022-02,Gloucestershire Constabulary,Gloucestershire Constabulary,-2.500404,51.824949,On or near Police Station,E01022240,Forest of Dean 004E,Violence and sexual offences,Unable to prosecute suspect,
e0c389d472cbae9eebbfd908e24fba61ef2da808a01a2753a423a2af3a7886ec,2022-02,Gloucestershire Constabulary,Gloucestershire Constabulary,-2.501363,51.823731,On or near Foundry Road,E01022240,Forest of Dean 004E,Violence and sexual offences,Unable to prosecute suspect,
,2022-02,Gloucestershire Constabulary,Gloucestershire Constabulary,-2.509070,51.811137,On or near St White'S Road,E01022249,Forest of Dean 004F,Anti-social behaviour,,
21dfbb232a660c5a9a8059d1b1a6b3dbe167c07db11cc89f3d477d111a2db96e,2022-02,Gloucestershire Constabulary,Gloucestershire Constabulary,-2.487422,51.778241,On or near Howell'S Lane,E01022249,Forest of Dean 004F,Drugs,Formal action is not in the public interest,
7d5253cecfdc7826390b8eb45891b7bc3fd2c2f9e016e92487cd8439db30ce15,2022-02,Gloucestershire Constabulary,Gloucestershire Constabulary,-2.487422,51.778241,On or near Howell'S Lane,E01022249,Forest of Dean 004F,Public order,Unable to prosecute suspect,
07fbbe70a9fc4708dfe3380e051e01c8d304a6be81548631a8ef8f829feec3b9,2022-02,Gloucestershire Constabulary,Gloucestershire Constabulary,-2.482011,51.817239,On or near Sports/Recreation Area,E01022249,Forest of Dean 004F,Vehicle crime,Unable to prosecute suspect,
3dba694bfc37b6228f8e2a0f2bd8f58f5555ef002aacde0c87a5c82cde70bc69,2022-02,Gloucestershire Constabulary,Gloucestershire Constabulary,-2.487422,51.778241,On or near Howell'S Lane,E01022249,Forest of Dean 004F,Violence and sexual offences,Further action is not in the public interest,
1ab92fb07d5bbce7308058e4158878f2b4a0f86b8fef1719bcf615930af87ad5,2022-02,Gloucestershire Constabulary,Gloucestershire Constabulary,-2.507354,51.810695,On or near St White'S Road,E01022249,Forest of Dean 004F,Violence and sexual offences,Unable to prosecute suspect,
c5389b8291dfca41f2c72ad78982cf187a7f3509188c4fda062440596aa675fe,2022-02,Gloucestershire Constabulary,Gloucestershire Constabulary,-2.487422,51.778241,On or near Howell'S Lane,E01022249,Forest of Dean 004F,Violence and sexual offences,Further action is not in the public interest,
86ff63472c7374c437f8c15eb13d56235a6664d05501a2af10a66578a8c50c8d,2022-02,Gloucestershire Constabulary,Gloucestershire Constabulary,-2.463720,51.825998,On or near The Slad,E01022249,Forest of Dean 004F,Violence and sexual offences,Unable to prosecute suspect,
a201f7a8fc8e9a3273a5f0b87a00717be02522e9f41d8e2f9ad395fce8d18234,2022-02,Gloucestershire Constabulary,Gloucestershire Constabulary,-2.463720,51.825998,On or near The Slad,E01022249,Forest of Dean 004F,Violence and sexual offences,Unable to prosecute suspect,
,2022-02,Gloucestershire Constabulary,Gloucestershire Constabulary,-2.478576,51.820355,On or near Oak Way,E01022250,Forest of Dean 004G,Anti-social behaviour,,
,2022-02,Gloucestershire Constabulary,Gloucestershire Constabulary,-2.478576,51.820355,On or near Oak Way,E01022250,Forest of Dean 004G,Anti-social behaviour,,
1a5fe1ad6db74fd5b5e9e56d2265f3e9687421fa9728aba50410712847537d02,2022-02,Gloucestershire Constabulary,Gloucestershire Constabulary,-2.506358,51.803363,On or near Fir View Road,E01022250,Forest of Dean 004G,Burglary,Investigation complete; no suspect identified,
d17f67d6de1ae7789b9ec94d12c66963fe5e4b42a21ca67c3d873bc6dffbc565,2022-02,Gloucestershire Constabulary,Gloucestershire Constabulary,-2.505702,51.805649,On or near Hudson Lane,E01022250,Forest of Dean 004G,Public order,Unable to prosecute suspect,
7e47c7d5948c688dee2427101c22fd125feab7b85d381041e8dc0c371841fc21,2022-02,Gloucestershire Constabulary,Gloucestershire Constabulary,-2.480914,51.820543,On or near Roman Way,E01022250,Forest of Dean 004G,Public order,Unable to prosecute suspect,
7c4acc3c002fdeb61522e2d048c8856175e430f33abe341e0274797a31814587,2022-02,Gloucestershire Constabulary,Gloucestershire Constabulary,-2.505702,51.805649,On or near Hudson Lane,E01022250,Forest of Dean 004G,Violence and sexual offences,Unable to prosecute suspect,
7648a5b324743f8cb962846da5510dd2b9fbfe1b633c061f4c2d586d36b62258,2022-02,Gloucestershire Constabulary,Gloucestershire Constabulary,-2.480000,51.820556,On or near Beech Way,E01022250,Forest of Dean 004G,Violence and sexual offences,Unable to prosecute suspect,
9fdcc2038811446917231bfc6b76e372e29fa6c1f5d514ece2d2580910736fbb,2022-02,Gloucestershire Constabulary,Gloucestershire Constabulary,-2.480000,51.820556,On or near Beech Way,E01022250,Forest of Dean 004G,Violence and sexual offences,Investigation complete; no suspect identified,
22470edaec8139bc973c96c83d1078f2553bdbbc3d708e2d02045b9bf6f4d117,2022-02,Gloucestershire Constabulary,Gloucestershire Constabulary,-2.478576,51.820355,On or near Oak Way,E01022250,Forest of Dean 004G,Violence and sexual offences,Unable to prosecute suspect,
bd7e3340ab6b8cc47c9cf632d151adcb02963bc44e8a6e1eb7a4c26c15ba8365,2022-02,Gloucestershire Constabulary,Gloucestershire Constabulary,-2.458953,51.873705,On or near Rectory Meadow,E01022230,Forest of Dean 005B,Criminal damage and arson,Investigation complete; no suspect identified,
0cd056392225fc5a60f99911ca212f0d1352749282c9289131630701601eabea,2022-02,Gloucestershire Constabulary,Gloucestershire Constabulary,-2.446664,51.851671,On or near Velthouse Lane,E01022230,Forest of Dean 005B,Other theft,Investigation complete; no suspect identified,
2713033bb99ea9e827aa6a6da20ae86b4cd506a65d4bf618460034b5f1a203af,2022-02,Gloucestershire Constabulary,Gloucestershire Constabulary,-2.458953,51.873705,On or near Rectory Meadow,E01022230,Forest of Dean 005B,Violence and sexual offences,Unable to prosecute suspect,
0893e17f30e1a98aeecf4bb244f4fe99a51f199c00a11402f6653f84416c42d3,2022-02,Gloucestershire Constabulary,Gloucestershire Constabulary,-2.446664,51.851671,On or near Velthouse Lane,E01022230,Forest of Dean 005B,Other crime,Investigation complete; no suspect identified,
,2022-02,Gloucestershire Constabulary,Gloucestershire Constabulary,-2.443442,51.811969,On or near Hawkins Lane,E01022265,Forest of Dean 005C,Anti-social behaviour,,
21b4b34ff658cd47f06d7bb3092676e0aa2dcea65d22d4cb7b891715ed91139c,2022-02,Gloucestershire Constabulary,Gloucestershire Constabulary,-2.447408,51.805202,On or near Beeches Road,E01022265,Forest of Dean 005C,Drugs,Court result unavailable,
fae154d284c4d33b1eae972bd26b8137ac983e582222332221a305350ac0babe,2022-02,Gloucestershire Constabulary,Gloucestershire Constabulary,-2.447408,51.805202,On or near Beeches Road,E01022265,Forest of Dean 005C,Other theft,Unable to prosecute suspect,
1103dc718e3f528317a3ba7d27ad26fb3c5c4e777e0d5b01f560a498883ad31a,2022-02,Gloucestershire Constabulary,Gloucestershire Constabulary,-2.443662,51.822569,On or near Elton Road,E01022265,Forest of Dean 005C,Other theft,Investigation complete; no suspect identified,
3fa34cc5fbb7b627a6d2824d10b52f6a3ba8e99363b3611378044a8038992893,2022-02,Gloucestershire Constabulary,Gloucestershire Constabulary,-2.443662,51.822569,On or near Elton Road,E01022265,Forest of Dean 005C,Public order,Investigation complete; no suspect identified,
b553a5a957366eab91e12761b37fe8761365806e61a5d0621f0b895947ba58ef,2022-02,Gloucestershire Constabulary,Gloucestershire Constabulary,-2.443662,51.822569,On or near Elton Road,E01022265,Forest of Dean 005C,Violence and sexual offences,Unable to prosecute suspect,
e04241dcb572d6821f76105233a73be7c0573e5f6742118ece3a8c0d070a8595,2022-02,Gloucestershire Constabulary,Gloucestershire Constabulary,-2.413588,51.825978,On or near High Street,E01022265,Forest of Dean 005C,Violence and sexual offences,Investigation complete; no suspect identified,
5a45e1fcdfab5ec9ae84dad3acfeda260959b89336477ccb82714dd80432c8a9,2022-02,Gloucestershire Constabulary,Gloucestershire Constabulary,-2.443662,51.822569,On or near Elton Road,E01022265,Forest of Dean 005C,Violence and sexual offences,Offender given a caution,
5a064bc3e4bd761144456e8e807b2c1035589dd4bc5cb1212aabf98f3541d08a,2022-02,Gloucestershire Constabulary,Gloucestershire Constabulary,-2.360089,51.831405,On or near Broadway Lane,E01022266,Forest of Dean 005D,Burglary,Unable to prosecute suspect,
069c653c32851fa2476662e5655518d570e9bcf891599cdc94deb55bf4e9b453,2022-02,Gloucestershire Constabulary,Gloucestershire Constabulary,-2.360089,51.831405,On or near Broadway Lane,E01022266,Forest of Dean 005D,Other theft,Investigation complete; no suspect identified,
147e99de8ba7f0c7314afd303a6c20ef421697f1136e4eb831a73480af9c10f2,2022-02,Gloucestershire Constabulary,Gloucestershire Constabulary,-2.374901,51.801104,On or near Bury Court Road,E01022266,Forest of Dean 005D,Violence and sexual offences,Unable to prosecute suspect,
52cea872ada7d64ad0c39130b1819988e2ff8642a0935376e8ef606e9c1d1a46,2022-02,Gloucestershire Constabulary,Gloucestershire Constabulary,-2.389928,51.830015,On or near Hunthill,E01022266,Forest of Dean 005D,Violence and sexual offences,Unable to prosecute suspect,
878440e77836ed7c8aa62e81d9d4854a2b1fc5a44ce112f5a0faceccc5c5f8cc,2022-02,Gloucestershire Constabulary,Gloucestershire Constabulary,-2.381843,51.826392,On or near Petrol Station,E01022266,Forest of Dean 005D,Violence and sexual offences,Unable to prosecute suspect,
e7c5a1c2c0ece89abf6397161615ed62b31e1dd1164b7d20a0033bf845c051df,2022-02,Gloucestershire Constabulary,Gloucestershire Constabulary,-2.390324,51.822093,On or near Stantway Lane,E01022266,Forest of Dean 005D,Violence and sexual offences,Unable to prosecute suspect,
98e11f19d0ebdb2aeb8a84ce9a03b0af38f9f93c118c1811af263e045389ece7,2022-02,Gloucestershire Constabulary,Gloucestershire Constabulary,-2.360089,51.831405,On or near Broadway Lane,E01022266,Forest of Dean 005D,Violence and sexual offences,Status update unavailable,
,2022-02,Gloucestershire Constabulary,Gloucestershire Constabulary,-2.616697,51.812033,On or near The Lonk,E01022234,Forest of Dean 006A,Anti-social behaviour,,
,2022-02,Gloucestershire Constabulary,Gloucestershire Constabulary,-2.569461,51.809260,On or near Parking Area,E01022234,Forest of Dean 006A,Anti-social behaviour,,
041ea952f3f18e89cad4ee0757566414657dd00cb3ecb45248b8cc172b31cb7d,2022-02,Gloucestershire Constabulary,Gloucestershire Constabulary,-2.612911,51.813051,On or near Nine Wells Close,E01022234,Forest of Dean 006A,Criminal damage and arson,Unable to prosecute suspect,
9870c0f29ceeaad9002a72fe2903b9210328d88304347a605a7ecfa738e89441,2022-02,Gloucestershire Constabulary,Gloucestershire Constabulary,-2.569461,51.809260,On or near Parking Area,E01022234,Forest of Dean 006A,Public order,Unable to prosecute suspect,
3b1e41dfc4d5abff805dad47e7c51467fa168eb704d0999e3063abacc8b7cfeb,2022-02,Gloucestershire Constabulary,Gloucestershire Constabulary,-2.612911,51.813051,On or near Nine Wells Close,E01022234,Forest of Dean 006A,Violence and sexual offences,Investigation complete; no suspect identified,
dbf60364af88e946b43dff4fefdc362439c647e0bdcc6be2447ca6bec4215d24,2022-02,Gloucestershire Constabulary,Gloucestershire Constabulary,-2.616697,51.812033,On or near The Lonk,E01022234,Forest of Dean 006A,Violence and sexual offences,Local resolution,
8273e5a501b18288db10037f3a9f7cd3a319744f04679801335991effb82c0a6,2022-02,Gloucestershire Constabulary,Gloucestershire Constabulary,-2.641619,51.793693,On or near Scowles Road,E01022234,Forest of Dean 006A,Violence and sexual offences,Unable to prosecute suspect,
3afabf31d016342f0f8aab4a3f627e9c4f632935622582746c0278b6672aff4d,2022-02,Gloucestershire Constabulary,Gloucestershire Constabulary,-2.576785,51.837555,On or near Sports/Recreation Area,E01022253,Forest of Dean 006B,Criminal damage and arson,Local resolution,
707dea5767c549378adf61517efc2603a8f638fb7dd0f63493fc6b9055904d23,2022-02,Gloucestershire Constabulary,Gloucestershire Constabulary,-2.575083,51.838381,On or near Church Hill,E01022253,Forest of Dean 006B,Criminal damage and arson,Investigation complete; no suspect identified,
8f402ba7d8f3ffb2b382953c888626af2490ca0bd599d76766f084f8ce4d1cf1,2022-02,Gloucestershire Constabulary,Gloucestershire Constabulary,-2.579581,51.837181,On or near Uphill Road,E01022253,Forest of Dean 006B,Public order,Investigation complete; no suspect identified,
8066624237bb7f36c0042110cbf5101f1b8ff380ce6f9e67f44f20ed8992d323,2022-02,Gloucestershire Constabulary,Gloucestershire Constabulary,-2.648980,51.729725,On or near Coldharbour Road,E01022263,Forest of Dean 006C,Vehicle crime,Unable to prosecute suspect,
5ce3a9fc1efbde866bdd890603e6f25a3701a9a75076c29fa9096d00b93d3d51,2022-02,Gloucestershire Constabulary,Gloucestershire Constabulary,-2.648980,51.729725,On or near Coldharbour Road,E01022263,Forest of Dean 006C,Vehicle crime,Unable to prosecute suspect,
96f67ad9409cf56d1e9e01883910826d801ce88a6350fd21490b2ee2f008daa2,2022-02,Gloucestershire Constabulary,Gloucestershire Constabulary,-2.670373,51.784029,On or near Tinmans Green,E01022263,Forest of Dean 006C,Violence and sexual offences,Unable to prosecute suspect,
c16b2813b431b8650aa1906bfb6a5ead220c40bcf74c7f6b2d83624dda34a92e,2022-02,Gloucestershire Constabulary,Gloucestershire Constabulary,-2.641671,51.738109,On or near Cinder Hill,E01022263,Forest of Dean 006C,Violence and sexual offences,Further action is not in the public interest,
1099836f84eb6865e590b42a8a25ec495e8c81d94e38d4abf7860d528e628bb5,2022-02,Gloucestershire Constabulary,Gloucestershire Constabulary,-2.670373,51.784029,On or near Tinmans Green,E01022263,Forest of Dean 006C,Violence and sexual offences,Unable to prosecute suspect,
833fec0dcff0f22e71cf1435400e50028db49066f6b1abd2c1c8096e17b6bebc,2022-02,Gloucestershire Constabulary,Gloucestershire Constabulary,-2.649672,51.727500,On or near Sandy Lane,E01022263,Forest of Dean 006C,Violence and sexual offences,Unable to prosecute suspect,
,2022-02,Gloucestershire Constabulary,Gloucestershire Constabulary,-2.614436,51.807909,On or near Aston Close,E01022229,Forest of Dean 007A,Anti-social behaviour,,
63936750d30839d13072cffb0c733e947fcaf8e3347cc9c381594d045be91455,2022-02,Gloucestershire Constabulary,Gloucestershire Constabulary,-2.620496,51.809775,On or near Kells Road,E01022229,Forest of Dean 007A,Burglary,Investigation complete; no suspect identified,
efd70aed4b239362aa4b68a16695660b7a23df0c61ec667cf0169a262fd2cdc4,2022-02,Gloucestershire Constabulary,Gloucestershire Constabulary,-2.611457,51.809606,On or near Sports/Recreation Area,E01022229,Forest of Dean 007A,Other theft,Investigation complete; no suspect identified,
1780f104ec4f6f26e045cc877d6a2116fb4b1fdbf43f2b08ba5f4f38024d9d87,2022-02,Gloucestershire Constabulary,Gloucestershire Constabulary,-2.620995,51.809125,On or near Forest Patch,E01022229,Forest of Dean 007A,Vehicle crime,Investigation complete; no suspect identified,
a15312a45e5e8e4e31e67b783e08269340f93270024d9f248b5b4ad148d992a1,2022-02,Gloucestershire Constabulary,Gloucestershire Constabulary,-2.611457,51.809606,On or near Sports/Recreation Area,E01022229,Forest of Dean 007A,Violence and sexual offences,Unable to prosecute suspect,
3390fdc31c53b3135fa9d080bcea558adec20172f22b84c70914d14cc9882909,2022-02,Gloucestershire Constabulary,Gloucestershire Constabulary,-2.618942,51.811779,On or near Hillview Rise,E01022229,Forest of Dean 007A,Violence and sexual offences,Unable to prosecute suspect,
,2022-02,Gloucestershire Constabulary,Gloucestershire Constabulary,-2.610809,51.793866,On or near Sports/Recreation Area,E01022241,Forest of Dean 007B,Anti-social behaviour,,
,2022-02,Gloucestershire Constabulary,Gloucestershire Constabulary,-2.614908,51.793512,On or near Police Station,E01022241,Forest of Dean 007B,Anti-social behaviour,,
,2022-02,Gloucestershire Constabulary,Gloucestershire Constabulary,-2.616135,51.793164,On or near Parking Area,E01022241,Forest of Dean 007B,Anti-social behaviour,,
,2022-02,Gloucestershire Constabulary,Gloucestershire Constabulary,-2.618250,51.794061,On or near The Tram Road,E01022241,Forest of Dean 007B,Anti-social behaviour,,
,2022-02,Gloucestershire Constabulary,Gloucestershire Constabulary,-2.616774,51.795354,On or near Parkside,E01022241,Forest of Dean 007B,Anti-social behaviour,,
f8000c8f811739efb5d91c3476f94d6c189b33fb62a3508afe207b10cf851399,2022-02,Gloucestershire Constabulary,Gloucestershire Constabulary,-2.618250,51.794061,On or near The Tram Road,E01022241,Forest of Dean 007B,Burglary,Investigation complete; no suspect identified,
d6cc99411ba71bf202bbbb1b6fa7f214bcfa69cececc6a177dacf56e53f00880,2022-02,Gloucestershire Constabulary,Gloucestershire Constabulary,-2.612532,51.794756,On or near Langetts Road,E01022241,Forest of Dean 007B,Criminal damage and arson,Investigation complete; no suspect identified,
7a63f314c6dd81fc396fdd9366a6ef85737d70f3b21842a066025809b1c892c0,2022-02,Gloucestershire Constabulary,Gloucestershire Constabulary,-2.617403,51.792537,On or near High Street,E01022241,Forest of Dean 007B,Public order,Unable to prosecute suspect,
09050e60850a44044b9da8e51dc943c8cba147d69c2ba978e85a05021e6f2978,2022-02,Gloucestershire Constabulary,Gloucestershire Constabulary,-2.618705,51.791271,On or near Hampshire Gardens,E01022241,Forest of Dean 007B,Public order,Unable to prosecute suspect,
5d685543b4be7f051c5a8d329bd4ceb63b23beb2909df32262a4f07651957703,2022-02,Gloucestershire Constabulary,Gloucestershire Constabulary,-2.611482,51.796470,On or near Gloucester Road,E01022241,Forest of Dean 007B,Public order,Investigation complete; no suspect identified,
535805c019196231dbe54a3e9c0fa520d6074ade607875c8643ac69ff52dd899,2022-02,Gloucestershire Constabulary,Gloucestershire Constabulary,-2.617403,51.792537,On or near High Street,E01022241,Forest of Dean 007B,Shoplifting,Investigation complete; no suspect identified,
c976d36cdf383664314f5b3ae0e45d455e84d0dd49fe159885e583d707f203ca,2022-02,Gloucestershire Constabulary,Gloucestershire Constabulary,-2.617403,51.792537,On or near High Street,E01022241,Forest of Dean 007B,Vehicle crime,Investigation complete; no suspect identified,
7ede99f91c385d491e88f8eb7a90626f65528086e5c29a1dc8676281f398798c,2022-02,Gloucestershire Constabulary,Gloucestershire Constabulary,-2.619087,51.793733,On or near Parking Area,E01022241,Forest of Dean 007B,Vehicle crime,Investigation complete; no suspect identified,
bb3058e688d94e9fafe9aeb8d7a36b899cd393ab33c4963dc1f0fd8c582a89ed,2022-02,Gloucestershire Constabulary,Gloucestershire Constabulary,-2.619495,51.792823,On or near Phoenix Court,E01022241,Forest of Dean 007B,Vehicle crime,Investigation complete; no suspect identified,
f42dc9a347b7f16c06ee3dbff946dab50ef233fc8869320f6fa579cabec243ef,2022-02,Gloucestershire Constabulary,Gloucestershire Constabulary,-2.619495,51.792823,On or near Phoenix Court,E01022241,Forest of Dean 007B,Violence and sexual offences,Unable to prosecute suspect,
a56281e313cb9d0264505bf6cd21ccfcafc63e5a3185574ebccfd669ea79d594,2022-02,Gloucestershire Constabulary,Gloucestershire Constabulary,-2.616774,51.795354,On or near Parkside,E01022241,Forest of Dean 007B,Violence and sexual offences,Unable to prosecute suspect,
4a44a632105a938bc4eef365629ebace96b2af739126e5b7f584a427f16f0c1c,2022-02,Gloucestershire Constabulary,Gloucestershire Constabulary,-2.619495,51.792823,On or near Phoenix Court,E01022241,Forest of Dean 007B,Violence and sexual offences,Unable to prosecute suspect,
5e5809a1123d67e1a7bf64c59cca5667b19354a2d7c487ec71469fe3d39e469f,2022-02,Gloucestershire Constabulary,Gloucestershire Constabulary,-2.616753,51.793790,On or near Market Place,E01022241,Forest of Dean 007B,Violence and sexual offences,Unable to prosecute suspect,
cb86b152ae6bc11d96dd44477ede7df790ce71b7425450d8c076b5550bd5b09c,2022-02,Gloucestershire Constabulary,Gloucestershire Constabulary,-2.614908,51.793512,On or near Police Station,E01022241,Forest of Dean 007B,Other crime,Formal action is not in the public interest,
,2022-02,Gloucestershire Constabulary,Gloucestershire Constabulary,-2.622660,51.796321,On or near Oakfields,E01022242,Forest of Dean 007C,Anti-social behaviour,,
e2ff660ed8007b5fdcd1ac4e246fb1bd190b29454bdf3f1a5f775dcb9b6ce9b4,2022-02,Gloucestershire Constabulary,Gloucestershire Constabulary,-2.620518,51.798706,On or near Buchanan Avenue,E01022242,Forest of Dean 007C,Burglary,Investigation complete; no suspect identified,
ecdeec85b60f87e72bdae71ee2c1f3e44fc9264c04a36a42c088e0068c7f5834,2022-02,Gloucestershire Constabulary,Gloucestershire Constabulary,-2.619879,51.797613,On or near South Road,E01022242,Forest of Dean 007C,Criminal damage and arson,Unable to prosecute suspect,
c0006555a36eef0e62ced31613fb695e04828cc820541b1a8ec31ac776ba5199,2022-02,Gloucestershire Constabulary,Gloucestershire Constabulary,-2.621519,51.796660,On or near Meads Close,E01022242,Forest of Dean 007C,Other theft,Investigation complete; no suspect identified,
788e16bc603bf3f0189113f8d07bcf8263583675ecfc9192f8b4c8d5197a1c84,2022-02,Gloucestershire Constabulary,Gloucestershire Constabulary,-2.622660,51.796321,On or near Oakfields,E01022242,Forest of Dean 007C,Robbery,Investigation complete; no suspect identified,
3b9df8f80715adfa759214f07eb4ec975d8836659456fefb57b56be745779bb6,2022-02,Gloucestershire Constabulary,Gloucestershire Constabulary,-2.622660,51.796321,On or near Oakfields,E01022242,Forest of Dean 007C,Robbery,Investigation complete; no suspect identified,
064e9cb511c51268633c8f2a92980dcfbf09ee70140362916303e5ca748f9402,2022-02,Gloucestershire Constabulary,Gloucestershire Constabulary,-2.620788,51.797257,On or near Sunnybank Road,E01022242,Forest of Dean 007C,Vehicle crime,Unable to prosecute suspect,
fe831a0be6fa3c182684cfc6c6093c88b5f55343f4cf5662e2e3b09052a92afd,2022-02,Gloucestershire Constabulary,Gloucestershire Constabulary,-2.621365,51.799125,On or near Crescent Close,E01022242,Forest of Dean 007C,Violence and sexual offences,Unable to prosecute suspect,
ed45255ba850fa0bf58148ac9fe6f2495880066b11518cd3ee88e2a5b88d6108,2022-02,Gloucestershire Constabulary,Gloucestershire Constabulary,-2.625286,51.790122,On or near Newland Street,E01022242,Forest of Dean 007C,Violence and sexual offences,Unable to prosecute suspect,
026501c31006703f87476d91f60cf31cd6a049d585381b0896b2f00501943667,2022-02,Gloucestershire Constabulary,Gloucestershire Constabulary,-2.619879,51.797613,On or near South Road,E01022242,Forest of Dean 007C,Violence and sexual offences,Unable to prosecute suspect,
95d8cc07db52f88edf2776a0bee82ffa4f179fe62a5baebc4bd0f939d2c26f16,2022-02,Gloucestershire Constabulary,Gloucestershire Constabulary,-2.622660,51.796321,On or near Oakfields,E01022242,Forest of Dean 007C,Violence and sexual offences,Unable to prosecute suspect,
12ee04761b554e93b4ed37e0b645077ba853474abe61f33d1f92350a2ce67344,2022-02,Gloucestershire Constabulary,Gloucestershire Constabulary,-2.619879,51.797613,On or near South Road,E01022242,Forest of Dean 007C,Violence and sexual offences,Unable to prosecute suspect,
59956bb084802abbf96ab71b271bb7c05b089f282c7423d74878829642930adf,2022-02,Gloucestershire Constabulary,Gloucestershire Constabulary,-2.621365,51.799125,On or near Crescent Close,E01022242,Forest of Dean 007C,Violence and sexual offences,Unable to prosecute suspect,
a79dcbb103b783b9066339c9d0d7c045abd22774275b964b80e77c974f61ee83,2022-02,Gloucestershire Constabulary,Gloucestershire Constabulary,-2.600062,51.792537,On or near School Close,E01022243,Forest of Dean 007D,Violence and sexual offences,Unable to prosecute suspect,
245ad9bc98f0fd4559a5f63ba75d59aabaef9f92394218d8631de8b34c7c2dc9,2022-02,Gloucestershire Constabulary,Gloucestershire Constabulary,-2.598251,51.791566,On or near New Road,E01022243,Forest of Dean 007D,Violence and sexual offences,Unable to prosecute suspect,
8561dabf91cd8648b8c75419f4a674660ec68657842d26818007d5d90c6732bd,2022-02,Gloucestershire Constabulary,Gloucestershire Constabulary,-2.601850,51.791826,On or near Holcot Road,E01022243,Forest of Dean 007D,Other crime,Formal action is not in the public interest,
,2022-02,Gloucestershire Constabulary,Gloucestershire Constabulary,-2.596168,51.804029,On or near Spruce Road,E01022244,Forest of Dean 007E,Anti-social behaviour,,
,2022-02,Gloucestershire Constabulary,Gloucestershire Constabulary,-2.597695,51.798888,On or near Wilkes Meadow,E01022244,Forest of Dean 007E,Anti-social behaviour,,
c07e1095483da09cb0e1c0d4f65ef9f51292077201964c1ecda6d16ac766f6ab,2022-02,Gloucestershire Constabulary,Gloucestershire Constabulary,-2.597695,51.798888,On or near Wilkes Meadow,E01022244,Forest of Dean 007E,Other theft,Investigation complete; no suspect identified,
a2445ddd3ff83e2541af330a56a9d0bd2d1214b3f0283b007e64d64900a49103,2022-02,Gloucestershire Constabulary,Gloucestershire Constabulary,-2.597695,51.798888,On or near Wilkes Meadow,E01022244,Forest of Dean 007E,Public order,Unable to prosecute suspect,
149b42dc1b288c37248e57817c068f650df25e424960899c89737f0bbf2a40d7,2022-02,Gloucestershire Constabulary,Gloucestershire Constabulary,-2.602302,51.805077,On or near Woodgate Road,E01022244,Forest of Dean 007E,Violence and sexual offences,Unable to prosecute suspect,
b9640868fa90f8002662641e6e9be0762aecfe6730f1c3391de6839da1154d1b,2022-02,Gloucestershire Constabulary,Gloucestershire Constabulary,-2.597695,51.798888,On or near Wilkes Meadow,E01022244,Forest of Dean 007E,Violence and sexual offences,Unable to prosecute suspect,
dab323ddca8f3296781c9ffe604e3c398d1bf1cf5a913b59d214ff9e779de5a7,2022-02,Gloucestershire Constabulary,Gloucestershire Constabulary,-2.602302,51.805077,On or near Woodgate Road,E01022244,Forest of Dean 007E,Violence and sexual offences,Unable to prosecute suspect,
1ed46d6aeb254e2dd3562db907780af71f20969691903b54473e6a8923f62f7c,2022-02,Gloucestershire Constabulary,Gloucestershire Constabulary,-2.597695,51.798888,On or near Wilkes Meadow,E01022244,Forest of Dean 007E,Violence and sexual offences,Unable to prosecute suspect,
94c17acbb430f451b8084505457bdaf41b00a14bab1b8fc1583579788d2aca16,2022-02,Gloucestershire Constabulary,Gloucestershire Constabulary,-2.597695,51.798888,On or near Wilkes Meadow,E01022244,Forest of Dean 007E,Violence and sexual offences,Unable to prosecute suspect,
586d154f0593dcf8458cc1f2c32f1a6262d409ac70e5d05d23f7f51ad32e515e,2022-02,Gloucestershire Constabulary,Gloucestershire Constabulary,-2.597695,51.798888,On or near Wilkes Meadow,E01022244,Forest of Dean 007E,Violence and sexual offences,Unable to prosecute suspect,
df411d386c4709826fba0f1fc72389e7da67480cbbd99957d4477b7007250811,2022-02,Gloucestershire Constabulary,Gloucestershire Constabulary,-2.597969,51.799893,On or near North Road,E01022244,Forest of Dean 007E,Violence and sexual offences,Unable to prosecute suspect,
,2022-02,Gloucestershire Constabulary,Gloucestershire Constabulary,-2.618371,51.789115,On or near Mushet Place,E01022245,Forest of Dean 007F,Anti-social behaviour,,
a3b0b152d99eaabb53ef75feaa922c601fe960cdde2b59b56d0188c1aef2f8c4,2022-02,Gloucestershire Constabulary,Gloucestershire Constabulary,-2.614103,51.788733,On or near Sylvan Close,E01022245,Forest of Dean 007F,Criminal damage and arson,Local resolution,
0fb60c35534aac35503f7858c11d99419bcd2a55e0ccbe71cbb9c81ad3303bf5,2022-02,Gloucestershire Constabulary,Gloucestershire Constabulary,-2.609042,51.784300,On or near Tufthorn Close,E01022245,Forest of Dean 007F,Other theft,Unable to prosecute suspect,
1c6c0f318769de0b9a3787ab7408b25c813e27cef873ddcf2fc12282d215826c,2022-02,Gloucestershire Constabulary,Gloucestershire Constabulary,-2.599774,51.788330,On or near Edenwall,E01022245,Forest of Dean 007F,Public order,Unable to prosecute suspect,
a6f0fed08545e64673d0decee91f78ab6937a525fab78f45751edfaf01946d5d,2022-02,Gloucestershire Constabulary,Gloucestershire Constabulary,-2.614103,51.788733,On or near Sylvan Close,E01022245,Forest of Dean 007F,Violence and sexual offences,Unable to prosecute suspect,
,2022-02,Gloucestershire Constabulary,Gloucestershire Constabulary,-2.598065,51.789562,On or near Walnut Close,E01022246,Forest of Dean 007G,Anti-social behaviour,,
67d443a93127e663b990e4538c8d590bbb5bc0921c392da5b2af6e27df3035c4,2022-02,Gloucestershire Constabulary,Gloucestershire Constabulary,-2.600749,51.783200,On or near Station Road,E01022246,Forest of Dean 007G,Criminal damage and arson,Investigation complete; no suspect identified,
68fc6626c5d7644efe4efe317a3f6b05015af6c88c9c6d9ecbfe0e227b780303,2022-02,Gloucestershire Constabulary,Gloucestershire Constabulary,-2.573408,51.749962,On or near Sports/Recreation Area,E01022231,Forest of Dean 008A,Burglary,Status update unavailable,
b30c7eaf679a21a10b233376bb0b9321aafd1e925276a9c00841aaf99efc3a9b,2022-02,Gloucestershire Constabulary,Gloucestershire Constabulary,-2.571231,51.746187,On or near Green Acre,E01022231,Forest of Dean 008A,Criminal damage and arson,Investigation complete; no suspect identified,
3c4e9d597580e942957c596c2732d05f7b96f0383c619fb316d9b5e270840973,2022-02,Gloucestershire Constabulary,Gloucestershire Constabulary,-2.570046,51.752109,On or near Admirals Close,E01022231,Forest of Dean 008A,Other theft,Investigation complete; no suspect identified,
6f793ffb8c1e6f91f55e991222b9e0ccd8fc34c974d388e743209c6f0f6b9486,2022-02,Gloucestershire Constabulary,Gloucestershire Constabulary,-2.571028,51.749623,On or near Highview Way,E01022231,Forest of Dean 008A,Violence and sexual offences,Unable to prosecute suspect,
680c7a7a14c5ac6b1c579732b931ade56782338c5815b37421b1171bc0330871,2022-02,Gloucestershire Constabulary,Gloucestershire Constabulary,-2.566177,51.747399,On or near Brockhollands Road,E01022231,Forest of Dean 008A,Violence and sexual offences,Unable to prosecute suspect,
4a78af8bd9ecc5cfd5ff00687ce03a9cde6fe78ae045cbfe2adc8ce17ad9ca6a,2022-02,Gloucestershire Constabulary,Gloucestershire Constabulary,-2.577881,51.746308,On or near Petrol Station,E01022232,Forest of Dean 008B,Burglary,Investigation complete; no suspect identified,
3c4654a6ec34cf8de8d54f71fb8308de2a2efaed4eb0ec1b61684051843fcd00,2022-02,Gloucestershire Constabulary,Gloucestershire Constabulary,-2.577881,51.746308,On or near Petrol Station,E01022232,Forest of Dean 008B,Criminal damage and arson,Investigation complete; no suspect identified,
47c26aa57338e38e9eecfea5154bfe09db44a05dd77e0ede42ea2e880cd885e8,2022-02,Gloucestershire Constabulary,Gloucestershire Constabulary,-2.576900,51.747724,On or near Bakery Mews,E01022232,Forest of Dean 008B,Other theft,Unable to prosecute suspect,
43fe9de2c78393c57bf41657290886f6c5a3a600860a8c64cb4d8b8b2d9a90ce,2022-02,Gloucestershire Constabulary,Gloucestershire Constabulary,-2.573218,51.752103,On or near High Road,E01022232,Forest of Dean 008B,Public order,Unable to prosecute suspect,
5860c7ea04f8fc7e0c9338e62b8c32bd54d72d57c4ed74928b557ec56940570e,2022-02,Gloucestershire Constabulary,Gloucestershire Constabulary,-2.581335,51.749042,On or near Sports/Recreation Area,E01022232,Forest of Dean 008B,Public order,Unable to prosecute suspect,
a382f3de4525cda03bdfb7aa3d58290aba447158099ce9ac08b41a81f60ec3d0,2022-02,Gloucestershire Constabulary,Gloucestershire Constabulary,-2.576900,51.747724,On or near Bakery Mews,E01022232,Forest of Dean 008B,Violence and sexual offences,Unable to prosecute suspect,
46182ef7184b1c09b6a5f5c7308b4f0b5b1780cfe823832efd7e966c87aea8a3,2022-02,Gloucestershire Constabulary,Gloucestershire Constabulary,-2.576900,51.747724,On or near Bakery Mews,E01022232,Forest of Dean 008B,Violence and sexual offences,Unable to prosecute suspect,
5db0a9c6ca50a7e724bb673b60b40022d4ec242bca3b3072ae8981b3f14dec10,2022-02,Gloucestershire Constabulary,Gloucestershire Constabulary,-2.570085,51.758682,On or near Knockley Patch,E01022232,Forest of Dean 008B,Violence and sexual offences,Unable to prosecute suspect,
ab82e00340c4846a691a449daa63d2c2d2c0b3e53ca898eba3af0614d43ed6f5,2022-02,Gloucestershire Constabulary,Gloucestershire Constabulary,-2.570085,51.758682,On or near Knockley Patch,E01022232,Forest of Dean 008B,Violence and sexual offences,Unable to prosecute suspect,
784fb8d5d7dcf94f71e4d731ce59e38816b1a9036137563a37e9cfddeb62446d,2022-02,Gloucestershire Constabulary,Gloucestershire Constabulary,-2.576900,51.747724,On or near Bakery Mews,E01022232,Forest of Dean 008B,Violence and sexual offences,Unable to prosecute suspect,
b0c0e662b321da97140758f379a26c65660bc330f0aaa5fce07a344d5050b282,2022-02,Gloucestershire Constabulary,Gloucestershire Constabulary,-2.575466,51.750042,On or near High Street,E01022232,Forest of Dean 008B,Violence and sexual offences,Unable to prosecute suspect,
4df48295724c6253a792b3ec84ffdacdd26f99967aa1964937c3c4befb431667,2022-02,Gloucestershire Constabulary,Gloucestershire Constabulary,-2.570085,51.758682,On or near Knockley Patch,E01022232,Forest of Dean 008B,Violence and sexual offences,Unable to prosecute suspect,
,2022-02,Gloucestershire Constabulary,Gloucestershire Constabulary,-2.618983,51.769215,On or near High Street,E01022264,Forest of Dean 008C,Anti-social behaviour,,
1ecd96921253cd106b84bb4e197fbf5f70954c65e949c6c02373b6b14d406637,2022-02,Gloucestershire Constabulary,Gloucestershire Constabulary,-2.607050,51.767712,On or near Milestone Walk,E01022264,Forest of Dean 008C,Criminal damage and arson,Unable to prosecute suspect,
a1ed1e758f76416d36d6747c3f45d6aa2f56c3f8b104be341f947ea761829f5a,2022-02,Gloucestershire Constabulary,Gloucestershire Constabulary,-2.608634,51.772299,On or near Oakwood Road,E01022264,Forest of Dean 008C,Other theft,Investigation complete; no suspect identified,
5a1367827b677f434d9408b7581c1db6abd5ebe785e891f223dbd7c58be904ec,2022-02,Gloucestershire Constabulary,Gloucestershire Constabulary,-2.607050,51.767712,On or near Milestone Walk,E01022264,Forest of Dean 008C,Public order,Unable to prosecute suspect,
3ab12a174bb9e3c2b766096fd8bd933075f495c6d21fdbc37b9340d643e0a2af,2022-02,Gloucestershire Constabulary,Gloucestershire Constabulary,-2.606206,51.767429,On or near Oaklands,E01022264,Forest of Dean 008C,Violence and sexual offences,Unable to prosecute suspect,
ec18c2e56c367b7f6109db6eb272ab1c9c8868e5641c4f84ee68cf7efe79c9c2,2022-02,Gloucestershire Constabulary,Gloucestershire Constabulary,-2.592144,51.769200,On or near Holly Lane,E01022264,Forest of Dean 008C,Violence and sexual offences,Local resolution,
88f8fd6581294daa8cd5a53425122638cd111433ab163b1827fda3ca05262f9b,2022-02,Gloucestershire Constabulary,Gloucestershire Constabulary,-2.607050,51.767712,On or near Milestone Walk,E01022264,Forest of Dean 008C,Violence and sexual offences,Unable to prosecute suspect,
05e666d8775455b65296577ce13142dacb8cfe9fbf1abe5b18aa26d66edf9892,2022-02,Gloucestershire Constabulary,Gloucestershire Constabulary,-2.608634,51.772299,On or near Oakwood Road,E01022264,Forest of Dean 008C,Violence and sexual offences,Unable to prosecute suspect,
a8225023ed8dec3bb56d0b61e20ae797c16354ee8e354378d44b95abbcc83153,2022-02,Gloucestershire Constabulary,Gloucestershire Constabulary,-2.595450,51.772699,On or near Fern Road,E01022264,Forest of Dean 008C,Violence and sexual offences,Investigation complete; no suspect identified,
,2022-02,Gloucestershire Constabulary,Gloucestershire Constabulary,-2.523391,51.762666,On or near Tower Road,E01022268,Forest of Dean 008D,Anti-social behaviour,,
,2022-02,Gloucestershire Constabulary,Gloucestershire Constabulary,-2.557062,51.754167,On or near Woodlands Close,E01022268,Forest of Dean 008D,Anti-social behaviour,,
d5be72e66575294a75b9e9a7f173714f74615b9c5a3414c75e7572e0689351c2,2022-02,Gloucestershire Constabulary,Gloucestershire Constabulary,-2.521606,51.761182,On or near Severn View Road,E01022268,Forest of Dean 008D,Violence and sexual offences,Action to be taken by another organisation,
,2022-02,Gloucestershire Constabulary,Gloucestershire Constabulary,-2.555715,51.768317,On or near Fairmoor Close,E01022269,Forest of Dean 008E,Anti-social behaviour,,
,2022-02,Gloucestershire Constabulary,Gloucestershire Constabulary,-2.546476,51.802446,On or near Spruce Ride,E01022269,Forest of Dean 008E,Anti-social behaviour,,
,2022-02,Gloucestershire Constabulary,Gloucestershire Constabulary,-2.546476,51.802446,On or near Spruce Ride,E01022269,Forest of Dean 008E,Anti-social behaviour,,
2a55a6d6588f3c3e09033fab332f28ded3758e85ab4601fa2dd23c6b55a4d3ed,2022-02,Gloucestershire Constabulary,Gloucestershire Constabulary,-2.520001,51.763949,On or near Tomlin Place,E01022269,Forest of Dean 008E,Criminal damage and arson,Investigation complete; no suspect identified,
1a2f991edc96c20cdaec8a52a32b025a3fb41899436a2e7fca66f2ddea783314,2022-02,Gloucestershire Constabulary,Gloucestershire Constabulary,-2.520468,51.763021,On or near Harold Road,E01022269,Forest of Dean 008E,Drugs,Local resolution,
87c550c149a61668d1a266cb0502569792940ef40fb6712d30b4866c83ebacf0,2022-02,Gloucestershire Constabulary,Gloucestershire Constabulary,-2.546476,51.802446,On or near Spruce Ride,E01022269,Forest of Dean 008E,Other theft,Investigation complete; no suspect identified,
1259edcf9355e4f4635c47784e67475c57707d29fee9286f1ef79fa1c06cf677,2022-02,Gloucestershire Constabulary,Gloucestershire Constabulary,-2.556419,51.774940,On or near Woodland Rise,E01022269,Forest of Dean 008E,Violence and sexual offences,Unable to prosecute suspect,
8f138357b3f1cd434814b50702bc15555a060192eca710d6e565d35a70ed94f9,2022-02,Gloucestershire Constabulary,Gloucestershire Constabulary,-2.520468,51.763021,On or near Harold Road,E01022269,Forest of Dean 008E,Violence and sexual offences,Unable to prosecute suspect,
1e0a3409bf6e0c70f4d4b4237c7d611b946e603c7513cb2aa07dadf29f011caf,2022-02,Gloucestershire Constabulary,Gloucestershire Constabulary,-2.556419,51.774940,On or near Woodland Rise,E01022269,Forest of Dean 008E,Violence and sexual offences,Unable to prosecute suspect,
ba9f76b0c1afe8c11c3fbd9e451d6e47f98c8bf3816a7f498417bd56478eb1a9,2022-02,Gloucestershire Constabulary,Gloucestershire Constabulary,-2.520468,51.763021,On or near Harold Road,E01022269,Forest of Dean 008E,Violence and sexual offences,Unable to prosecute suspect,
fb939bed6dcf40d88b24a861f088fe69d0408b3a93ef1cf7bfbdb362d989a0fc,2022-02,Gloucestershire Constabulary,Gloucestershire Constabulary,-2.520468,51.763021,On or near Harold Road,E01022269,Forest of Dean 008E,Other crime,Formal action is not in the public interest,
,2022-02,Gloucestershire Constabulary,Gloucestershire Constabulary,-2.539483,51.714706,On or near Mead Lane,E01022226,Forest of Dean 009A,Anti-social behaviour,,
,2022-02,Gloucestershire Constabulary,Gloucestershire Constabulary,-2.535247,51.723762,On or near Oxford Street,E01022226,Forest of Dean 009A,Anti-social behaviour,,
,2022-02,Gloucestershire Constabulary,Gloucestershire Constabulary,-2.534737,51.719799,On or near Chantry Close,E01022226,Forest of Dean 009A,Anti-social behaviour,,
,2022-02,Gloucestershire Constabulary,Gloucestershire Constabulary,-2.534212,51.720683,On or near Bishops Gate,E01022226,Forest of Dean 009A,Anti-social behaviour,,
7c356afff6dce882585de9e8b3f2fd238e6ac359c26f3d3efb2529aca82cbf29,2022-02,Gloucestershire Constabulary,Gloucestershire Constabulary,-2.534252,51.725268,On or near Petrol Station,E01022226,Forest of Dean 009A,Public order,Unable to prosecute suspect,
a0a89a6e8e67e6f6c535918278a984437fc3020884c6e2479f5a119c3b7c29da,2022-02,Gloucestershire Constabulary,Gloucestershire Constabulary,-2.534252,51.725268,On or near Petrol Station,E01022226,Forest of Dean 009A,Public order,Unable to prosecute suspect,
070f13ec49da3982c00b99854896116d5a5571b7e8d9956fb6505b745319b852,2022-02,Gloucestershire Constabulary,Gloucestershire Constabulary,-2.534252,51.725268,On or near Petrol Station,E01022226,Forest of Dean 009A,Public order,Unable to prosecute suspect,
a65195cb99be6c6248805513492e4442ff76b954ba3e4473b6309883394ecfc5,2022-02,Gloucestershire Constabulary,Gloucestershire Constabulary,-2.534252,51.725268,On or near Petrol Station,E01022226,Forest of Dean 009A,Shoplifting,Unable to prosecute suspect,
7d7d522a0542b92c03fce45631f4920ab9c6576be6a8c1841b7f09de8d86dd43,2022-02,Gloucestershire Constabulary,Gloucestershire Constabulary,-2.538866,51.722531,On or near Old Town Mews,E01022226,Forest of Dean 009A,Violence and sexual offences,Unable to prosecute suspect,
,2022-02,Gloucestershire Constabulary,Gloucestershire Constabulary,-2.554501,51.714169,On or near High Street,E01022227,Forest of Dean 009B,Anti-social behaviour,,
c3ffb0cf17a3dc55916f915d9a7727db21f68e6890599b26779808affee5d188,2022-02,Gloucestershire Constabulary,Gloucestershire Constabulary,-2.589091,51.718415,On or near Colliers Pitch,E01022227,Forest of Dean 009B,Criminal damage and arson,Investigation complete; no suspect identified,
af57b28ee73342de6ee3afb63a809f31b66a3bb382c5a9f6b742dcb4260800c4,2022-02,Gloucestershire Constabulary,Gloucestershire Constabulary,-2.551363,51.715613,On or near Maplefield,E01022227,Forest of Dean 009B,Criminal damage and arson,Unable to prosecute suspect,
3002d98a0fcc852eb2d61062dffef3e1ce569b4ed156f61f7b1a343c233e37f0,2022-02,Gloucestershire Constabulary,Gloucestershire Constabulary,-2.567758,51.711777,On or near Sandford Road,E01022227,Forest of Dean 009B,Public order,Unable to prosecute suspect,
4b72c032e233401fbe416403a0a96b8c7394921ba0b01d871a275e2c94acd42c,2022-02,Gloucestershire Constabulary,Gloucestershire Constabulary,-2.567758,51.711777,On or near Sandford Road,E01022227,Forest of Dean 009B,Public order,Investigation complete; no suspect identified,
a5887ffbb1b28f1aa866bff43bb9f09a602c39f979173cdd3eb06fa945963625,2022-02,Gloucestershire Constabulary,Gloucestershire Constabulary,-2.551363,51.715613,On or near Maplefield,E01022227,Forest of Dean 009B,Violence and sexual offences,Unable to prosecute suspect,
0306f3b641103a0236e5877765babc97aa4a6db1ab72cc25a30f1c83310d6ad1,2022-02,Gloucestershire Constabulary,Gloucestershire Constabulary,-2.551363,51.715613,On or near Maplefield,E01022227,Forest of Dean 009B,Violence and sexual offences,Unable to prosecute suspect,
0cf56677c1f5a0bf4728c7e59474f9ce3d6fe58b55d3c0c63e3404c901e26b8e,2022-02,Gloucestershire Constabulary,Gloucestershire Constabulary,-2.554287,51.715626,On or near Milling Crescent,E01022227,Forest of Dean 009B,Violence and sexual offences,Court result unavailable,
,2022-02,Gloucestershire Constabulary,Gloucestershire Constabulary,-2.522960,51.721560,On or near Summerleaze Road,E01022254,Forest of Dean 009C,Anti-social behaviour,,
,2022-02,Gloucestershire Constabulary,Gloucestershire Constabulary,-2.523419,51.722484,On or near Orchard Road,E01022254,Forest of Dean 009C,Anti-social behaviour,,
,2022-02,Gloucestershire Constabulary,Gloucestershire Constabulary,-2.522297,51.723092,On or near Valley Road,E01022254,Forest of Dean 009C,Anti-social behaviour,,
,2022-02,Gloucestershire Constabulary,Gloucestershire Constabulary,-2.519207,51.723825,On or near Harrison Way,E01022254,Forest of Dean 009C,Anti-social behaviour,,
de68b813f5cfff77bb955999cc760afc21decba765234cd958152fce0c2147c4,2022-02,Gloucestershire Constabulary,Gloucestershire Constabulary,-2.520396,51.725222,On or near Rodley Road,E01022254,Forest of Dean 009C,Criminal damage and arson,Unable to prosecute suspect,
74b6790452cc8ebd886395321248b5e7a3a7959f109315c61d884f7312d27584,2022-02,Gloucestershire Constabulary,Gloucestershire Constabulary,-2.517542,51.723805,On or near Purton Place,E01022254,Forest of Dean 009C,Criminal damage and arson,Unable to prosecute suspect,
c98f4ad456e5f61d746372e9c64a3c147362ace55c9a0a6ad6cb4046dbb69090,2022-02,Gloucestershire Constabulary,Gloucestershire Constabulary,-2.517906,51.725233,On or near Shepherdine Close,E01022254,Forest of Dean 009C,Criminal damage and arson,Investigation complete; no suspect identified,
7548a788e863be37319cecdee5bcf9fe15ce87aee7059c5ea7b9acd98ff88c57,2022-02,Gloucestershire Constabulary,Gloucestershire Constabulary,-2.519857,51.724928,On or near St Mary'S Square,E01022254,Forest of Dean 009C,Criminal damage and arson,Investigation complete; no suspect identified,
96be71012630d01e62bb1765656f80437cda4bae206690b2e689c1f8406b2560,2022-02,Gloucestershire Constabulary,Gloucestershire Constabulary,-2.520129,51.720854,On or near Lakeside Avenue,E01022254,Forest of Dean 009C,Other theft,Investigation complete; no suspect identified,
cd676e14866383c7dcdfa4e79bb7258bde36a8931fdeab800ee108d33431f2e1,2022-02,Gloucestershire Constabulary,Gloucestershire Constabulary,-2.519857,51.724928,On or near St Mary'S Square,E01022254,Forest of Dean 009C,Other theft,Unable to prosecute suspect,
2912bec2362a8bf7ca109179088dd3c42adaf6c1656ff3147706cf669bfd48d6,2022-02,Gloucestershire Constabulary,Gloucestershire Constabulary,-2.522960,51.721560,On or near Summerleaze Road,E01022254,Forest of Dean 009C,Possession of weapons,Unable to prosecute suspect,
f0ade46e0bde6b73898a6941cfbf5fead4c382ccb1cd0ad401d93ac9fc35261c,2022-02,Gloucestershire Constabulary,Gloucestershire Constabulary,-2.520658,51.722838,On or near Hopes Close,E01022254,Forest of Dean 009C,Public order,Unable to prosecute suspect,
fd1e1608eca71b7827d5ae95880c9a931e450e661ac618522027b9bef6bdcec3,2022-02,Gloucestershire Constabulary,Gloucestershire Constabulary,-2.517542,51.723805,On or near Purton Place,E01022254,Forest of Dean 009C,Public order,Investigation complete; no suspect identified,
7f2a52f2e7fc141fe8e24f5aba774c8af16ab32dab24d15836fc3419743e7160,2022-02,Gloucestershire Constabulary,Gloucestershire Constabulary,-2.522297,51.723092,On or near Valley Road,E01022254,Forest of Dean 009C,Violence and sexual offences,Investigation complete; no suspect identified,
5ff66b839d11220045a98332df99af0c23c9b3a9dc384d6053e3ccef9fccacb7,2022-02,Gloucestershire Constabulary,Gloucestershire Constabulary,-2.524486,51.722075,On or near Summerleaze,E01022254,Forest of Dean 009C,Violence and sexual offences,Unable to prosecute suspect,
2a135326349f3037ed6355bf7ccad67f4e2eda9465f768be5955e3f360d1a0da,2022-02,Gloucestershire Constabulary,Gloucestershire Constabulary,-2.520658,51.722838,On or near Hopes Close,E01022254,Forest of Dean 009C,Violence and sexual offences,Unable to prosecute suspect,
,2022-02,Gloucestershire Constabulary,Gloucestershire Constabulary,-2.512947,51.732241,On or near A48,E01022255,Forest of Dean 009D,Anti-social behaviour,,
,2022-02,Gloucestershire Constabulary,Gloucestershire Constabulary,-2.512947,51.732241,On or near A48,E01022255,Forest of Dean 009D,Anti-social behaviour,,
0b223314fbf789498aab941e5188a7b7dfb5c850210363d84ce7ddc171a496b7,2022-02,Gloucestershire Constabulary,Gloucestershire Constabulary,-2.523329,51.728491,On or near Kimberley Drive,E01022255,Forest of Dean 009D,Burglary,Investigation complete; no suspect identified,
86d521dcb0ed83dcca6ad5948c23275fcb3fe126810d5d1cdcff8d55a4f1d925,2022-02,Gloucestershire Constabulary,Gloucestershire Constabulary,-2.520681,51.727352,On or near Acorn Drive,E01022255,Forest of Dean 009D,Violence and sexual offences,Action to be taken by another organisation,
1eb3ea56a84ed09670ffe9f0214672d10ba0e0db910055bacc1d16f2db100833,2022-02,Gloucestershire Constabulary,Gloucestershire Constabulary,-2.524872,51.732953,On or near Livia Way,E01022255,Forest of Dean 009D,Violence and sexual offences,Unable to prosecute suspect,
dd8ea0b3e9bb395c1ceaef71d0e07110b55c5bf91a1359b89b5b64f6ce68ec79,2022-02,Gloucestershire Constabulary,Gloucestershire Constabulary,-2.525998,51.731401,On or near Hadrian Close,E01022255,Forest of Dean 009D,Violence and sexual offences,Investigation complete; no suspect identified,
d68be377670e4843eabd4f9bf256451168f84f718e217043d993eb8627b6c48c,2022-02,Gloucestershire Constabulary,Gloucestershire Constabulary,-2.525998,51.731401,On or near Hadrian Close,E01022255,Forest of Dean 009D,Violence and sexual offences,Unable to prosecute suspect,
6c75e652d8ee38eaa7aef75a69bfe41189c0483ff45df42ea75124d4e77884b4,2022-02,Gloucestershire Constabulary,Gloucestershire Constabulary,-2.521050,51.727962,On or near Bracken Close,E01022255,Forest of Dean 009D,Violence and sexual offences,Further action is not in the public interest,
ee9c4d083b09d64a853dc4b21756a493582400b3ca81fcb9c74527323f49e36c,2022-02,Gloucestershire Constabulary,Gloucestershire Constabulary,-2.523173,51.727530,On or near Bracken Drive,E01022255,Forest of Dean 009D,Violence and sexual offences,Action to be taken by another organisation,
62862eda5ed00d6921b155143e5fadc4ea20171f91e140768236c59c4b1a16d9,2022-02,Gloucestershire Constabulary,Gloucestershire Constabulary,-2.525998,51.731401,On or near Hadrian Close,E01022255,Forest of Dean 009D,Violence and sexual offences,Court result unavailable,
,2022-02,Gloucestershire Constabulary,Gloucestershire Constabulary,-2.531027,51.728052,On or near Parking Area,E01022256,Forest of Dean 009E,Anti-social behaviour,,
,2022-02,Gloucestershire Constabulary,Gloucestershire Constabulary,-2.523238,51.725623,On or near Klondyke Avenue,E01022256,Forest of Dean 009E,Anti-social behaviour,,
,2022-02,Gloucestershire Constabulary,Gloucestershire Constabulary,-2.523238,51.725623,On or near Klondyke Avenue,E01022256,Forest of Dean 009E,Anti-social behaviour,,
,2022-02,Gloucestershire Constabulary,Gloucestershire Constabulary,-2.525689,51.727267,On or near The Folders,E01022256,Forest of Dean 009E,Anti-social behaviour,,
484382912e55552a9b721d9ab45b5ca885c55819ec9c7945bb516ba9f7bb51ec,2022-02,Gloucestershire Constabulary,Gloucestershire Constabulary,-2.529256,51.728941,On or near Albert Street,E01022256,Forest of Dean 009E,Burglary,Investigation complete; no suspect identified,
1dc9bcbc54f37bb13dd46fc1e8f3379391126f0cd9f813e034356fbe08edcfb8,2022-02,Gloucestershire Constabulary,Gloucestershire Constabulary,-2.527132,51.726802,On or near Hams Road,E01022256,Forest of Dean 009E,Burglary,Unable to prosecute suspect,
e536726afd369ebcdbe7e6e94c2ff392dfdb225e1b39e394b19c66158277de5c,2022-02,Gloucestershire Constabulary,Gloucestershire Constabulary,-2.529566,51.726943,On or near Newerne Street,E01022256,Forest of Dean 009E,Criminal damage and arson,Local resolution,
75a9d71d29d75a71fed12f58a67cc9ed0715ad8831cca926d6ab3ce5d5b19b88,2022-02,Gloucestershire Constabulary,Gloucestershire Constabulary,-2.529566,51.726943,On or near Newerne Street,E01022256,Forest of Dean 009E,Criminal damage and arson,Unable to prosecute suspect,
e61060015c68b6789431273f3f53e789ab386669af4c2895d8f2937a2a05e975,2022-02,Gloucestershire Constabulary,Gloucestershire Constabulary,-2.529271,51.727691,On or near Parking Area,E01022256,Forest of Dean 009E,Criminal damage and arson,Investigation complete; no suspect identified,
53b744588303761ead05d5d4d053494316181234ab4d1668febf28dc020a2d9f,2022-02,Gloucestershire Constabulary,Gloucestershire Constabulary,-2.525689,51.727267,On or near The Folders,E01022256,Forest of Dean 009E,Other theft,Unable to prosecute suspect,
5d42cba80d3c4b2f22327583a1d7f8555099e6632baf2a6b2fffcd2e1977602c,2022-02,Gloucestershire Constabulary,Gloucestershire Constabulary,-2.529566,51.726943,On or near Newerne Street,E01022256,Forest of Dean 009E,Public order,Unable to prosecute suspect,
75ca5b1793b4188d5094074225de9be8c1dcc8147048a15f62a2b044b09f6aa1,2022-02,Gloucestershire Constabulary,Gloucestershire Constabulary,-2.523787,51.724290,On or near Pylers Way,E01022256,Forest of Dean 009E,Public order,Unable to prosecute suspect,
0395cc29a28795e4aec1792a89215ceab2a3e069500b984780ac9eabde4a00d5,2022-02,Gloucestershire Constabulary,Gloucestershire Constabulary,-2.525689,51.727267,On or near The Folders,E01022256,Forest of Dean 009E,Violence and sexual offences,Unable to prosecute suspect,
942f11bc7449cbbeffc646db9e5b76a4435a3b90ea98dbcab00c13cc6d75180e,2022-02,Gloucestershire Constabulary,Gloucestershire Constabulary,-2.520573,51.725536,On or near Rodley Square,E01022256,Forest of Dean 009E,Violence and sexual offences,Action to be taken by another organisation,
25b906c9856495897670028236c8b932296c9bfc2871f14f841f9db1c90e349f,2022-02,Gloucestershire Constabulary,Gloucestershire Constabulary,-2.527817,51.735880,On or near Dean Court,E01022257,Forest of Dean 009F,Burglary,Investigation complete; no suspect identified,
1f23fcb6933be51d4582c304a6d2a43414734a96dc55602bd134b19f75a2ba9a,2022-02,Gloucestershire Constabulary,Gloucestershire Constabulary,-2.530109,51.731311,On or near Cherry Walk,E01022257,Forest of Dean 009F,Criminal damage and arson,Unable to prosecute suspect,
cce89ad68ea31e73bdb532cea672240961b56666e12cff07e41659c1296fe577,2022-02,Gloucestershire Constabulary,Gloucestershire Constabulary,-2.526466,51.736767,On or near School Crescent,E01022257,Forest of Dean 009F,Violence and sexual offences,Unable to prosecute suspect,
41c8a15cbf712ad4c8c35218ce45ff445aca5d54f66f1a1cf2ae039b2e98fe7d,2022-02,Gloucestershire Constabulary,Gloucestershire Constabulary,-2.526466,51.736767,On or near School Crescent,E01022257,Forest of Dean 009F,Violence and sexual offences,Unable to prosecute suspect,
,2022-02,Gloucestershire Constabulary,Gloucestershire Constabulary,-2.587161,51.700146,On or near Netherend Crescent,E01022248,Forest of Dean 010A,Anti-social behaviour,,
6c707dd81135b665468cd5db4c407142fa5dbec3dad31050e49e3874a2d49daf,2022-02,Gloucestershire Constabulary,Gloucestershire Constabulary,-2.586149,51.700205,On or near Swains Field,E01022248,Forest of Dean 010A,Burglary,Investigation complete; no suspect identified,
e7cad53f5d01026ed8f342e35378e5e2e7bf3be3f47d3a07e6e0ba5b7c4357e5,2022-02,Gloucestershire Constabulary,Gloucestershire Constabulary,-2.584872,51.697693,On or near Ashway,E01022248,Forest of Dean 010A,Burglary,Investigation complete; no suspect identified,
b44ff2ebbef345e0f5f2df42a19af57d7f9a62ce7e43bf69ddc26f3f0323781e,2022-02,Gloucestershire Constabulary,Gloucestershire Constabulary,-2.601779,51.706941,On or near Sandtumps,E01022248,Forest of Dean 010A,Criminal damage and arson,Investigation complete; no suspect identified,
24995755d3f04e1fff1ca3545e0e6eec504809b49aa8e69c13cc6995cd024844,2022-02,Gloucestershire Constabulary,Gloucestershire Constabulary,-2.586539,51.699070,On or near The Orchard,E01022248,Forest of Dean 010A,Criminal damage and arson,Unable to prosecute suspect,
636068455137f24202815042c13a5065d5428ce3181796c6a9dd1b4475ad5007,2022-02,Gloucestershire Constabulary,Gloucestershire Constabulary,-2.586149,51.700205,On or near Swains Field,E01022248,Forest of Dean 010A,Criminal damage and arson,Investigation complete; no suspect identified,
3c4f64050bb00ed316d9a8195dccf7c5cfda94189578c990e3980c5cf2a889c6,2022-02,Gloucestershire Constabulary,Gloucestershire Constabulary,-2.586149,51.700205,On or near Swains Field,E01022248,Forest of Dean 010A,Violence and sexual offences,Unable to prosecute suspect,
83b1669b7e857c9b494e2cb2e45fb95d0577426fa7d69b497150a09e786bb466,2022-02,Gloucestershire Constabulary,Gloucestershire Constabulary,-2.586149,51.700205,On or near Swains Field,E01022248,Forest of Dean 010A,Violence and sexual offences,Unable to prosecute suspect,
3cdcf5248808c32316be31474de5c01cd4f418c60bbb71b5ba1b1a1f4f37af95,2022-02,Gloucestershire Constabulary,Gloucestershire Constabulary,-2.669040,51.707602,On or near Quayside,E01022248,Forest of Dean 010A,Violence and sexual offences,Action to be taken by another organisation,
6596d2e283ab17776587ca4e4f9d3981a4c699cf1126db906bb01b26eb863a38,2022-02,Gloucestershire Constabulary,Gloucestershire Constabulary,-2.586539,51.699070,On or near The Orchard,E01022248,Forest of Dean 010A,Violence and sexual offences,Unable to prosecute suspect,
fcd2d3134946542bd997687f9af2c9c848271f0bd16ee2d7f064f693183edfab,2022-02,Gloucestershire Constabulary,Gloucestershire Constabulary,-2.586539,51.699070,On or near The Orchard,E01022248,Forest of Dean 010A,Violence and sexual offences,Unable to prosecute suspect,
ca4c9fe070eabdd9d62bd270623d832d831a1d83d7c17b133a86f95558f513a9,2022-02,Gloucestershire Constabulary,Gloucestershire Constabulary,-2.595596,51.704455,On or near Ring Fence,E01022248,Forest of Dean 010A,Violence and sexual offences,Unable to prosecute suspect,
,2022-02,Gloucestershire Constabulary,Gloucestershire Constabulary,-2.657824,51.641723,On or near Grahamstown Road,E01022272,Forest of Dean 010B,Anti-social behaviour,,
96190519a81017402b8064f330dba931a0e632ba37ecdae2127ea993cbdb0bd4,2022-02,Gloucestershire Constabulary,Gloucestershire Constabulary,-2.661309,51.638907,On or near Buttington Road,E01022272,Forest of Dean 010B,Vehicle crime,Investigation complete; no suspect identified,
aea76a73da65e2e89e3b707a335f30255f0d178116f2271159ea2b7b103ff8eb,2022-02,Gloucestershire Constabulary,Gloucestershire Constabulary,-2.661309,51.638907,On or near Buttington Road,E01022272,Forest of Dean 010B,Violence and sexual offences,Investigation complete; no suspect identified,
1dbaf0b12aea4f135dd3936795533c0fa7420c612de15515ee746f2df98ed7e7,2022-02,Gloucestershire Constabulary,Gloucestershire Constabulary,-2.661309,51.638907,On or near Buttington Road,E01022272,Forest of Dean 010B,Violence and sexual offences,Unable to prosecute suspect,
,2022-02,Gloucestershire Constabulary,Gloucestershire Constabulary,-2.650734,51.614887,On or near Pavilion Road,E01022273,Forest of Dean 010C,Anti-social behaviour,,
df74015bf9028e570d55609b89c735d114140ae67385900fa9488b058bc21863,2022-02,Gloucestershire Constabulary,Gloucestershire Constabulary,-2.653535,51.624879,On or near Gibraltar Way,E01022273,Forest of Dean 010C,Burglary,Investigation complete; no suspect identified,
967813823e3350ab6ea77cadc797ab6ad3a0b8a372dea1951de169e700b45d4f,2022-02,Gloucestershire Constabulary,Gloucestershire Constabulary,-2.653761,51.623484,On or near Apprentice Close,E01022273,Forest of Dean 010C,Violence and sexual offences,Unable to prosecute suspect,
,2022-02,Gloucestershire Constabulary,Gloucestershire Constabulary,-2.632464,51.681343,On or near Rosemary Lane,E01022274,Forest of Dean 010D,Anti-social behaviour,,
163a1c327312155b545a053d4e78e6dedf89b954e22b6b9176d98ec9dad18195,2022-02,Gloucestershire Constabulary,Gloucestershire Constabulary,-2.663277,51.644093,On or near The Martins,E01022274,Forest of Dean 010D,Other theft,Unable to prosecute suspect,
e17ab6d0a716cad4e7a2a28078364c7558d97413c7deb6555120fa3a9bdc514e,2022-02,Gloucestershire Constabulary,Gloucestershire Constabulary,-2.640051,51.696237,On or near Park Hill Lane,E01022274,Forest of Dean 010D,Public order,Formal action is not in the public interest,
6e47afa574a110b9b930b6dae51535842b85934c2d40b426e588c68e876a171c,2022-02,Gloucestershire Constabulary,Gloucestershire Constabulary,-2.663277,51.644093,On or near The Martins,E01022274,Forest of Dean 010D,Violence and sexual offences,Unable to prosecute suspect,
8367eb33ca0a9161edc91a244bdbc74e6ff9836ab0494b0ac66b00d5b8043be5,2022-02,Gloucestershire Constabulary,Gloucestershire Constabulary,-2.658291,51.642053,On or near Grahamstown Grove,E01022274,Forest of Dean 010D,Violence and sexual offences,Local resolution,
945ae848aad8a436cea4d723dab0cb37a9a0f147370a0ebeefe1780f8d847906,2022-02,Gloucestershire Constabulary,Gloucestershire Constabulary,-2.659551,51.658203,On or near Woodcroft Lane,E01022274,Forest of Dean 010D,Violence and sexual offences,Unable to prosecute suspect,
661c00c0c74838344deecb25917665785bb037dd9e8b5071781a24ce027624f7,2022-02,Gloucestershire Constabulary,Gloucestershire Constabulary,-2.658291,51.642053,On or near Grahamstown Grove,E01022274,Forest of Dean 010D,Violence and sexual offences,Unable to prosecute suspect,
,2022-02,Gloucestershire Constabulary,Gloucestershire Constabulary,-2.664753,51.643230,On or near Wyebank Avenue,E01022275,Forest of Dean 010E,Anti-social behaviour,,
04523283e545efb1c5c6912e314fa7454a1ea648896bd08efca4b5b8e9b143e4,2022-02,Gloucestershire Constabulary,Gloucestershire Constabulary,-2.661356,51.648132,On or near Bigstone Meadow,E01022275,Forest of Dean 010E,Vehicle crime,Unable to prosecute suspect,
4ff7fd99a9fcb9cc5ce9855c118b0fe71a2ce1e94de3feb9b01ad71a9ac4d578,2022-02,Gloucestershire Constabulary,Gloucestershire Constabulary,-2.661713,51.648831,On or near Piermont Drive,E01022275,Forest of Dean 010E,Violence and sexual offences,Unable to prosecute suspect,
fd5ea2646d31a7ee5caf66e9ade6a0ff2d710aa4880216137ee5c5641316083e,2022-02,Gloucestershire Constabulary,Gloucestershire Constabulary,-2.224913,51.880841,On or near Milford Close,E01022313,Gloucester 001A,Public order,Investigation complete; no suspect identified,
bcfa7ff57eccaa2eafbe81efbf04ee011781ee5556b99a710b415e17a2434029,2022-02,Gloucestershire Constabulary,Gloucestershire Constabulary,-2.218902,51.881680,On or near Mortimer Road,E01022313,Gloucester 001A,Violence and sexual offences,Unable to prosecute suspect,
,2022-02,Gloucestershire Constabulary,Gloucestershire Constabulary,-2.213813,51.877715,On or near Wedgwood Drive,E01022315,Gloucester 001B,Anti-social behaviour,,
1afe0f58773df0508f5c0da8ddfa0ef2f91bdae377b0d59122a89c11ce021f2f,2022-02,Gloucestershire Constabulary,Gloucestershire Constabulary,-2.210220,51.879763,On or near Cotswold Gardens,E01022315,Gloucester 001B,Violence and sexual offences,Unable to prosecute suspect,
86c8c62c7bb82315290000e22ec0cbbfede80cc41b5a1f499854c8cd49cbc860,2022-02,Gloucestershire Constabulary,Gloucestershire Constabulary,-2.210220,51.879763,On or near Cotswold Gardens,E01022315,Gloucester 001B,Violence and sexual offences,Unable to prosecute suspect,
,2022-02,Gloucestershire Constabulary,Gloucestershire Constabulary,-2.207226,51.882672,On or near Evergreen Walk,E01022316,Gloucester 001C,Anti-social behaviour,,
414596e6868e972a4e17f1adb3e7e4b3fd41c63487dfec98b3459ae77154e05a,2022-02,Gloucestershire Constabulary,Gloucestershire Constabulary,-2.202976,51.877662,On or near Maple Court,E01022316,Gloucester 001C,Burglary,Investigation complete; no suspect identified,
349e00be45b361691c5c71d359e4322c7b163d59ed25461a9a9b14d2e957fffb,2022-02,Gloucestershire Constabulary,Gloucestershire Constabulary,-2.206485,51.882484,On or near Cypress Gardens,E01022316,Gloucester 001C,Criminal damage and arson,Investigation complete; no suspect identified,
60e66f7ba4ed26f0f54a6640bba222aab054639b7935201497c5d2657ce5ff18,2022-02,Gloucestershire Constabulary,Gloucestershire Constabulary,-2.207226,51.882672,On or near Evergreen Walk,E01022316,Gloucester 001C,Criminal damage and arson,Unable to prosecute suspect,
b320f88a4574bd8abec71b36f584609a0ffb7afe6b74f51ca1b44f2d646a2d50,2022-02,Gloucestershire Constabulary,Gloucestershire Constabulary,-2.207226,51.882672,On or near Evergreen Walk,E01022316,Gloucester 001C,Violence and sexual offences,Unable to prosecute suspect,
,2022-02,Gloucestershire Constabulary,Gloucestershire Constabulary,-2.212328,51.873906,On or near Supermarket,E01022317,Gloucester 001D,Anti-social behaviour,,
cac163dd84d6625075d05ae2b18ef0f52f4600a8c65d66d155d89f6086185f16,2022-02,Gloucestershire Constabulary,Gloucestershire Constabulary,-2.211746,51.873646,On or near Cheltenham Road,E01022317,Gloucester 001D,Violence and sexual offences,Unable to prosecute suspect,
4bd1a928169c36fb33d0ba9bd25abca8207def9e70a6d4df3c2ab4240e05d8f8,2022-02,Gloucestershire Constabulary,Gloucestershire Constabulary,-2.210645,51.874331,On or near Petrol Station,E01022317,Gloucester 001D,Violence and sexual offences,Action to be taken by another organisation,
,2022-02,Gloucestershire Constabulary,Gloucestershire Constabulary,-2.221933,51.874580,On or near South Close,E01022318,Gloucester 001E,Anti-social behaviour,,
,2022-02,Gloucestershire Constabulary,Gloucestershire Constabulary,-2.224513,51.873532,On or near Sports/Recreation Area,E01022318,Gloucester 001E,Anti-social behaviour,,
e6b1d2e5f0c824dff378f9678689a23d5aa42b0baaff80fafaed122a7695d707,2022-02,Gloucestershire Constabulary,Gloucestershire Constabulary,-2.223170,51.872267,On or near Further/Higher Educational Building,E01022318,Gloucester 001E,Other theft,Local resolution,
6b843426dc7ac1987b9f0f27bfabe65824dc466ee6aef6df6fa7e55bf6b44f42,2022-02,Gloucestershire Constabulary,Gloucestershire Constabulary,-2.221689,51.878240,On or near Longland Court,E01022318,Gloucester 001E,Vehicle crime,Investigation complete; no suspect identified,
62b336a4fa2f6d6079daea41d3adf689dffd9e24f18536f55f17b25de666020b,2022-02,Gloucestershire Constabulary,Gloucestershire Constabulary,-2.221753,51.876397,On or near The Hedgerow,E01022318,Gloucester 001E,Violence and sexual offences,Unable to prosecute suspect,
596e10839057ad7513f6dec5a1adf62f4cdc7f76b1802158eca8ba81525537e4,2022-02,Gloucestershire Constabulary,Gloucestershire Constabulary,-2.221753,51.876397,On or near The Hedgerow,E01022318,Gloucester 001E,Violence and sexual offences,Unable to prosecute suspect,
184b6790a2d6d3d7002001ebd78f862a0aab6b7c3120603968f4a1e1256d64b0,2022-02,Gloucestershire Constabulary,Gloucestershire Constabulary,-2.221933,51.874580,On or near South Close,E01022318,Gloucester 001E,Violence and sexual offences,Unable to prosecute suspect,
,2022-02,Gloucestershire Constabulary,Gloucestershire Constabulary,-2.235855,51.870336,On or near Henry Road,E01022309,Gloucester 002A,Anti-social behaviour,,
,2022-02,Gloucestershire Constabulary,Gloucestershire Constabulary,-2.233969,51.870718,On or near Heathville Road,E01022309,Gloucester 002A,Anti-social behaviour,,
166bb945446c52eb555898a59fff34346f64dcab098d73de574ad6f81901ee24,2022-02,Gloucestershire Constabulary,Gloucestershire Constabulary,-2.235855,51.870336,On or near Henry Road,E01022309,Gloucester 002A,Bicycle theft,Unable to prosecute suspect,
ac78df4037e3587f49178571583fdcc0612728be0527c74ae26994542abb1196,2022-02,Gloucestershire Constabulary,Gloucestershire Constabulary,-2.233969,51.870718,On or near Heathville Road,E01022309,Gloucester 002A,Burglary,Investigation complete; no suspect identified,
5fa97e502f396e2aad80b5b781e0995617301687ae5c8d343697e87bf889a3d2,2022-02,Gloucestershire Constabulary,Gloucestershire Constabulary,-2.233969,51.870718,On or near Heathville Road,E01022309,Gloucester 002A,Criminal damage and arson,Unable to prosecute suspect,
a2eb2f4d6b7d6b451c1f0b6588d3a37cfd4190c29cef68017f350e80ef942d23,2022-02,Gloucestershire Constabulary,Gloucestershire Constabulary,-2.233969,51.870718,On or near Heathville Road,E01022309,Gloucester 002A,Criminal damage and arson,Investigation complete; no suspect identified,
8e5d6b2ebf77cee53e0d1ccaabb1c3a17dac2e842c3e923a0a11b014eeceb207,2022-02,Gloucestershire Constabulary,Gloucestershire Constabulary,-2.235855,51.870336,On or near Henry Road,E01022309,Gloucester 002A,Other theft,Unable to prosecute suspect,
1f3f6ccbc5599958911da0063c0f7aca3978fd59a5d023152afe6a98e65be53f,2022-02,Gloucestershire Constabulary,Gloucestershire Constabulary,-2.233969,51.870718,On or near Heathville Road,E01022309,Gloucester 002A,Other theft,Unable to prosecute suspect,
6ea406ece563c1fdce6dd2f9087b11489e8f6566cc96b8ac5aedaea8a78ae0e1,2022-02,Gloucestershire Constabulary,Gloucestershire Constabulary,-2.235855,51.870336,On or near Henry Road,E01022309,Gloucester 002A,Other theft,Investigation complete; no suspect identified,
7f1260969596858c6de9105a23aae8e95f776d01ce301858c2b2c1078286a2ec,2022-02,Gloucestershire Constabulary,Gloucestershire Constabulary,-2.239627,51.872289,On or near Sebert Street,E01022309,Gloucester 002A,Public order,Status update unavailable,
3d9634f0354421f58054cf84d1cab5846194743cc727a7f03f06e3853cf597fa,2022-02,Gloucestershire Constabulary,Gloucestershire Constabulary,-2.234394,51.871454,On or near Denmark Road,E01022309,Gloucester 002A,Theft from the person,Local resolution,
aa362264f470bc603f0fae9d9e4b619b79f1a2cac75b478cdddfa13cf204622f,2022-02,Gloucestershire Constabulary,Gloucestershire Constabulary,-2.237080,51.874092,On or near Hinton Road,E01022309,Gloucester 002A,Violence and sexual offences,Formal action is not in the public interest,
1f8b122abf32a888ab191d875147bd8ced0233bc4ee3cdf44b289a76c65fde2b,2022-02,Gloucestershire Constabulary,Gloucestershire Constabulary,-2.235753,51.870202,On or near Honyatt Road,E01022309,Gloucester 002A,Violence and sexual offences,Unable to prosecute suspect,
304476d8f9319eacf8ae26ac855bc686f616574c400c2f7d86664f120a915c86,2022-02,Gloucestershire Constabulary,Gloucestershire Constabulary,-2.233969,51.870718,On or near Heathville Road,E01022309,Gloucester 002A,Violence and sexual offences,Action to be taken by another organisation,
665b72397e657901393a051eed1fbb20a72b18293d4ab71ae326c3172c645922,2022-02,Gloucestershire Constabulary,Gloucestershire Constabulary,-2.235753,51.870202,On or near Honyatt Road,E01022309,Gloucester 002A,Violence and sexual offences,Unable to prosecute suspect,
f69202339428ec6e5d9365262079ea276857f526ac171f0ce40e25cc1df536f4,2022-02,Gloucestershire Constabulary,Gloucestershire Constabulary,-2.233969,51.870718,On or near Heathville Road,E01022309,Gloucester 002A,Violence and sexual offences,Unable to prosecute suspect,
6de7bafd93ee7a0ee490844dea5d22a8cfb7afc5e4ca44b450037a97b46cb75c,2022-02,Gloucestershire Constabulary,Gloucestershire Constabulary,-2.233969,51.870718,On or near Heathville Road,E01022309,Gloucester 002A,Violence and sexual offences,Unable to prosecute suspect,
72b9498e1cc4289cba41c81244a6d87b624169bb410de069578f4eb433f07e4e,2022-02,Gloucestershire Constabulary,Gloucestershire Constabulary,-2.235753,51.870202,On or near Honyatt Road,E01022309,Gloucester 002A,Violence and sexual offences,Unable to prosecute suspect,
af54904cd92a1150b5e6276d3e067e33873e86fd50c46068ff027b6debc785d6,2022-02,Gloucestershire Constabulary,Gloucestershire Constabulary,-2.234394,51.871454,On or near Denmark Road,E01022309,Gloucester 002A,Violence and sexual offences,Investigation complete; no suspect identified,
9b89101cdf374b9b8a8a756c302001e0e4a7a3a59e1dd3a01fdd1415cb57e586,2022-02,Gloucestershire Constabulary,Gloucestershire Constabulary,-2.234394,51.871454,On or near Denmark Road,E01022309,Gloucester 002A,Violence and sexual offences,Unable to prosecute suspect,
,2022-02,Gloucestershire Constabulary,Gloucestershire Constabulary,-2.245443,51.870622,On or near Dean'S Walk,E01022310,Gloucester 002B,Anti-social behaviour,,
,2022-02,Gloucestershire Constabulary,Gloucestershire Constabulary,-2.247047,51.871779,On or near Mercia Road,E01022310,Gloucester 002B,Anti-social behaviour,,
,2022-02,Gloucestershire Constabulary,Gloucestershire Constabulary,-2.242477,51.878154,On or near Rivermead Close,E01022310,Gloucester 002B,Anti-social behaviour,,
,2022-02,Gloucestershire Constabulary,Gloucestershire Constabulary,-2.245443,51.870622,On or near Dean'S Walk,E01022310,Gloucester 002B,Anti-social behaviour,,
,2022-02,Gloucestershire Constabulary,Gloucestershire Constabulary,-2.242565,51.873020,On or near Edwy Parade,E01022310,Gloucester 002B,Anti-social behaviour,,
3ef286ca4c4546907490d1fe012094c7c37202d52306230ff965e19d1e20440c,2022-02,Gloucestershire Constabulary,Gloucestershire Constabulary,-2.245218,51.874678,On or near Lawrence Way,E01022310,Gloucester 002B,Bicycle theft,Investigation complete; no suspect identified,
4b6615aae62ff743ddd1ea158bca54d5df6bf48cf2f030c536a2e486293f3ac5,2022-02,Gloucestershire Constabulary,Gloucestershire Constabulary,-2.244572,51.870849,On or near Serlo Road,E01022310,Gloucester 002B,Burglary,Investigation complete; no suspect identified,
c42a6e076bf9dc4d59e13385b3326803674c680dcdd05ea5ab78f4e585248738,2022-02,Gloucestershire Constabulary,Gloucestershire Constabulary,-2.247047,51.871779,On or near Mercia Road,E01022310,Gloucester 002B,Burglary,Investigation complete; no suspect identified,
60f2e3c4e7447a3b3f17c5020cd9742614a0e927c3b5e9e6ed5dc1bada72ec7f,2022-02,Gloucestershire Constabulary,Gloucestershire Constabulary,-2.241719,51.875018,On or near Sandhurst Road,E01022310,Gloucester 002B,Criminal damage and arson,Investigation complete; no suspect identified,
2a1efe2b4a709d8222288918c525ad7461f4cc1605be691e59cae1d70e758bbe,2022-02,Gloucestershire Constabulary,Gloucestershire Constabulary,-2.245218,51.874678,On or near Lawrence Way,E01022310,Gloucester 002B,Criminal damage and arson,Investigation complete; no suspect identified,
44255ba84471ae2f40a723a4013d5551ca8a526756f292f5e7a9a803656e774e,2022-02,Gloucestershire Constabulary,Gloucestershire Constabulary,-2.238879,51.873630,On or near Sports/Recreation Area,E01022310,Gloucester 002B,Criminal damage and arson,Investigation complete; no suspect identified,
4dcad57c9f0ac07cf70f082ecce7cfff94593ac24336d16bf5ddec617576c0a3,2022-02,Gloucestershire Constabulary,Gloucestershire Constabulary,-2.242703,51.871617,On or near Sports/Recreation Area,E01022310,Gloucester 002B,Other theft,Investigation complete; no suspect identified,
0cf6d8662ac7351f4fece88474a0b2ff6dfc70129133ab1bf5aff57a4cce60e8,2022-02,Gloucestershire Constabulary,Gloucestershire Constabulary,-2.241742,51.876627,On or near Greville Close,E01022310,Gloucester 002B,Public order,Investigation complete; no suspect identified,
90fd76f9a088ee19cf63317b35b570dcf9816160bdccb8070bd73b7e9a1e40ff,2022-02,Gloucestershire Constabulary,Gloucestershire Constabulary,-2.238879,51.873630,On or near Sports/Recreation Area,E01022310,Gloucester 002B,Public order,Unable to prosecute suspect,
c23b16ca081a0c392e8e21e41a228d0c5a1690382eac60ab526fc73cd3ac89d8,2022-02,Gloucestershire Constabulary,Gloucestershire Constabulary,-2.245443,51.870622,On or near Dean'S Walk,E01022310,Gloucester 002B,Violence and sexual offences,Unable to prosecute suspect,
95998597921a5533785e0cb6f6a1e17676f01debbe278424052c92bf413d66c9,2022-02,Gloucestershire Constabulary,Gloucestershire Constabulary,-2.245443,51.870622,On or near Dean'S Walk,E01022310,Gloucester 002B,Violence and sexual offences,Unable to prosecute suspect,
1a4912e05e67c026a3408d17fe5a36b4676a9ac2592534fa4b52880874690b2a,2022-02,Gloucestershire Constabulary,Gloucestershire Constabulary,-2.242703,51.871617,On or near Sports/Recreation Area,E01022310,Gloucester 002B,Violence and sexual offences,Unable to prosecute suspect,
327e0fdbcf8df2bde83ab41c94e96fa9d42ac3e5173c132ffa37b489c220a869,2022-02,Gloucestershire Constabulary,Gloucestershire Constabulary,-2.245443,51.870622,On or near Dean'S Walk,E01022310,Gloucester 002B,Violence and sexual offences,Action to be taken by another organisation,
036d3245dd31315b0beb37ed654eb2ba7769a6b00cbe550fe4f8653b7b71d652,2022-02,Gloucestershire Constabulary,Gloucestershire Constabulary,-2.238879,51.873630,On or near Sports/Recreation Area,E01022310,Gloucester 002B,Violence and sexual offences,Unable to prosecute suspect,
,2022-02,Gloucestershire Constabulary,Gloucestershire Constabulary,-2.242224,51.869002,On or near Worcester Street,E01022311,Gloucester 002C,Anti-social behaviour,,
,2022-02,Gloucestershire Constabulary,Gloucestershire Constabulary,-2.235626,51.868287,On or near Bus/Coach Station,E01022311,Gloucester 002C,Anti-social behaviour,,
,2022-02,Gloucestershire Constabulary,Gloucestershire Constabulary,-2.227464,51.868204,On or near Royal Lane,E01022311,Gloucester 002C,Anti-social behaviour,,
,2022-02,Gloucestershire Constabulary,Gloucestershire Constabulary,-2.242224,51.869002,On or near Worcester Street,E01022311,Gloucester 002C,Anti-social behaviour,,
,2022-02,Gloucestershire Constabulary,Gloucestershire Constabulary,-2.238598,51.864532,On or near Bruton Way,E01022311,Gloucester 002C,Anti-social behaviour,,
,2022-02,Gloucestershire Constabulary,Gloucestershire Constabulary,-2.240195,51.864349,On or near Station Road,E01022311,Gloucester 002C,Anti-social behaviour,,
,2022-02,Gloucestershire Constabulary,Gloucestershire Constabulary,-2.239590,51.865348,On or near Station Approach,E01022311,Gloucester 002C,Anti-social behaviour,,
,2022-02,Gloucestershire Constabulary,Gloucestershire Constabulary,-2.238661,51.865449,On or near Police Station,E01022311,Gloucester 002C,Anti-social behaviour,,
,2022-02,Gloucestershire Constabulary,Gloucestershire Constabulary,-2.232244,51.868653,On or near London Road,E01022311,Gloucester 002C,Anti-social behaviour,,
,2022-02,Gloucestershire Constabulary,Gloucestershire Constabulary,-2.238661,51.865449,On or near Police Station,E01022311,Gloucester 002C,Anti-social behaviour,,
,2022-02,Gloucestershire Constabulary,Gloucestershire Constabulary,-2.242224,51.869002,On or near Worcester Street,E01022311,Gloucester 002C,Anti-social behaviour,,
56058feaa20583ff7ee9610952eac02f12a00900a97f681357ad2b8e87d9e50d,2022-02,Gloucestershire Constabulary,Gloucestershire Constabulary,-2.242224,51.869002,On or near Worcester Street,E01022311,Gloucester 002C,Bicycle theft,Investigation complete; no suspect identified,
55da20faea720adc0c82ebb8d9ca72ceb914c4ce47fa2bbcf1a677546c8975dd,2022-02,Gloucestershire Constabulary,Gloucestershire Constabulary,-2.240929,51.868627,On or near Clarence Row,E01022311,Gloucester 002C,Bicycle theft,Local resolution,
44776ccdef4450670b6627ad281fd9729f84213e6246bb5bee8a27c6c70b0e5f,2022-02,Gloucestershire Constabulary,Gloucestershire Constabulary,-2.231689,51.867980,On or near Hyde Close,E01022311,Gloucester 002C,Bicycle theft,Court result unavailable,
07ba333b14fa58226e35aeb250328f4e148e668e0ad6ceece87526290a4a0b2f,2022-02,Gloucestershire Constabulary,Gloucestershire Constabulary,-2.233315,51.867833,On or near Hyde Lane,E01022311,Gloucester 002C,Burglary,Court result unavailable,
1decb8ddac404846ddf119ed896b147d40b986c13f290ae0bb2c4f07ead4cc02,2022-02,Gloucestershire Constabulary,Gloucestershire Constabulary,-2.242224,51.869002,On or near Worcester Street,E01022311,Gloucester 002C,Burglary,Unable to prosecute suspect,
ccbb0cd2160704425b76d89b6cc2ec7bb8732aa5eeaaee45722550f66306b0de,2022-02,Gloucestershire Constabulary,Gloucestershire Constabulary,-2.227464,51.868204,On or near Royal Lane,E01022311,Gloucester 002C,Criminal damage and arson,Unable to prosecute suspect,
3933b55fa5deaa0ae8c8077bf1ccb41618f6cde2c2849cb934fbf7deb8dc4853,2022-02,Gloucestershire Constabulary,Gloucestershire Constabulary,-2.242330,51.869892,On or near Skinner Street,E01022311,Gloucester 002C,Criminal damage and arson,Court result unavailable,
fe1ef0207b76f2f0448a5a85c9968557f814e6b91d9a586dbf81e3e38ed1a55c,2022-02,Gloucestershire Constabulary,Gloucestershire Constabulary,-2.243927,51.869780,On or near St Catherine Street,E01022311,Gloucester 002C,Criminal damage and arson,Investigation complete; no suspect identified,
e5319dc74066efcca5f1214ddc10da0807373a1ed3831f4eb3a6bba28fbb5645,2022-02,Gloucestershire Constabulary,Gloucestershire Constabulary,-2.227464,51.868204,On or near Royal Lane,E01022311,Gloucester 002C,Criminal damage and arson,Unable to prosecute suspect,
b25693f9bb40745e4e86d9dd0d2d9ec8d6ce0944dbbf2d960f5858e7d7e5af86,2022-02,Gloucestershire Constabulary,Gloucestershire Constabulary,-2.240780,51.870605,On or near Sweetbriar Street,E01022311,Gloucester 002C,Criminal damage and arson,Unable to prosecute suspect,
82c3b53374cbe4cf3362c6492fea0db163c909299949d8f151548952606ec6b2,2022-02,Gloucestershire Constabulary,Gloucestershire Constabulary,-2.237001,51.867331,On or near Claremont Road,E01022311,Gloucester 002C,Other theft,Unable to prosecute suspect,
517cf316ae0528576827ce4509b834220e00c2dae36576c4cafa44efc5c675b1,2022-02,Gloucestershire Constabulary,Gloucestershire Constabulary,-2.238661,51.865449,On or near Police Station,E01022311,Gloucester 002C,Other theft,Unable to prosecute suspect,
ab8179fc5859c3c722ec7c9deb07c5da7cc55565cf6b702d44de393ae3ac4583,2022-02,Gloucestershire Constabulary,Gloucestershire Constabulary,-2.242224,51.869002,On or near Worcester Street,E01022311,Gloucester 002C,Other theft,Investigation complete; no suspect identified,
23bd0d0dee7ef754a2f0538accc90a84d8f2ac3a290711c3c29dd82500ed7960,2022-02,Gloucestershire Constabulary,Gloucestershire Constabulary,-2.238941,51.868847,On or near Columbia Close,E01022311,Gloucester 002C,Other theft,Investigation complete; no suspect identified,
f53da4079152e4a19dc9732518c2bf3ebaa5e028df908be56a79838659c923df,2022-02,Gloucestershire Constabulary,Gloucestershire Constabulary,-2.233315,51.867833,On or near Hyde Lane,E01022311,Gloucester 002C,Other theft,Unable to prosecute suspect,
715b369c71d8eb7ccd5b264869cdcc8db2cacad5ad6cde227ff1ca347ead70f1,2022-02,Gloucestershire Constabulary,Gloucestershire Constabulary,-2.231689,51.867980,On or near Hyde Close,E01022311,Gloucester 002C,Public order,Unable to prosecute suspect,
33f5be22caa936cd26f4521b06f03d2cb3e78cc54b8973e096cf31cd12bebe85,2022-02,Gloucestershire Constabulary,Gloucestershire Constabulary,-2.241300,51.869993,On or near Worcester Parade,E01022311,Gloucester 002C,Public order,Status update unavailable,
30f7a120407c72610e4d85a9081714aba9204e7276a7aa9fc1d68f8bf5635059,2022-02,Gloucestershire Constabulary,Gloucestershire Constabulary,-2.231689,51.867980,On or near Hyde Close,E01022311,Gloucester 002C,Public order,Unable to prosecute suspect,
fefe8e05d8bfaa6daff8590a4390dd2f505b9ab47f6c9759891621971e262a78,2022-02,Gloucestershire Constabulary,Gloucestershire Constabulary,-2.233315,51.867833,On or near Hyde Lane,E01022311,Gloucester 002C,Public order,Unable to prosecute suspect,
8fd893c479af9695b808096a225a9107116cba6711373b46b4dc971521bae7b1,2022-02,Gloucestershire Constabulary,Gloucestershire Constabulary,-2.241300,51.869993,On or near Worcester Parade,E01022311,Gloucester 002C,Public order,Unable to prosecute suspect,
d92070e97a0f4a50ca40e3aae397146e99f17aab8a36d0d683a93ac239443dcd,2022-02,Gloucestershire Constabulary,Gloucestershire Constabulary,-2.242330,51.869892,On or near Skinner Street,E01022311,Gloucester 002C,Public order,Unable to prosecute suspect,
b1e3dd5300b7c6a81b38f9217dda90fc1eaab9b5b20bf848feb0170a7fee32e4,2022-02,Gloucestershire Constabulary,Gloucestershire Constabulary,-2.237001,51.867331,On or near Claremont Road,E01022311,Gloucester 002C,Shoplifting,Unable to prosecute suspect,
975f88ebfe4e16e19a535fb605dfd3790b7c338f200f7a1421d0fb11a6ecd814,2022-02,Gloucestershire Constabulary,Gloucestershire Constabulary,-2.231689,51.867980,On or near Hyde Close,E01022311,Gloucester 002C,Theft from the person,Investigation complete; no suspect identified,
b8c6bc3cf04c9f2d49589059e9baa934b4fcd7d8e6a19208844e2384f86127ce,2022-02,Gloucestershire Constabulary,Gloucestershire Constabulary,-2.238530,51.868164,On or near Oxford Street,E01022311,Gloucester 002C,Violence and sexual offences,Unable to prosecute suspect,
4dca4ecc6c1e797c4b3dac7b479aa99587781dd6547c637e6bb81a17673a0cba,2022-02,Gloucestershire Constabulary,Gloucestershire Constabulary,-2.231689,51.867980,On or near Hyde Close,E01022311,Gloucester 002C,Violence and sexual offences,Unable to prosecute suspect,
c003b860f89b58c9b8bee3a54dc2579068c07505e6cb14887bb70066a0259427,2022-02,Gloucestershire Constabulary,Gloucestershire Constabulary,-2.238661,51.865449,On or near Police Station,E01022311,Gloucester 002C,Violence and sexual offences,Action to be taken by another organisation,
a491f5b522e9fe25ebe6c5cfbf3de0af60c9c8c8c285af353add79fdd2f1b669,2022-02,Gloucestershire Constabulary,Gloucestershire Constabulary,-2.238530,51.868164,On or near Oxford Street,E01022311,Gloucester 002C,Violence and sexual offences,Unable to prosecute suspect,
f8bf7caaeb87b86fe5fffad6e7064c6093cf5d5035405507fb63960af057fc0a,2022-02,Gloucestershire Constabulary,Gloucestershire Constabulary,-2.240073,51.868656,On or near Alvin Street,E01022311,Gloucester 002C,Violence and sexual offences,Unable to prosecute suspect,
d245327e3d477aec1bd128faf2484e58d2638bd9f632d4f33e127bd305844ec1,2022-02,Gloucestershire Constabulary,Gloucestershire Constabulary,-2.237001,51.867331,On or near Claremont Road,E01022311,Gloucester 002C,Violence and sexual offences,Investigation complete; no suspect identified,
b7fc9bad4d7f7aa4e5663a480802e1016bfdbace62b5420865847d4c62b35dee,2022-02,Gloucestershire Constabulary,Gloucestershire Constabulary,-2.241300,51.869993,On or near Worcester Parade,E01022311,Gloucester 002C,Violence and sexual offences,Court result unavailable,
7e4f57a1f3822973e4ebf95a88b463b0cc64878381cf80dd1840f20ddbf4971f,2022-02,Gloucestershire Constabulary,Gloucestershire Constabulary,-2.240113,51.870831,On or near Guinea Street,E01022311,Gloucester 002C,Violence and sexual offences,Status update unavailable,
f9270e442ad165b26f10a40520a96b6a44f56c0d4003f90cde8c7fe14de12576,2022-02,Gloucestershire Constabulary,Gloucestershire Constabulary,-2.231689,51.867980,On or near Hyde Close,E01022311,Gloucester 002C,Violence and sexual offences,Court result unavailable,
2600e0a2515a2c09d856644f3577669d57672768f9baf8ab2e280e67498a8c4a,2022-02,Gloucestershire Constabulary,Gloucestershire Constabulary,-2.233315,51.867833,On or near Hyde Lane,E01022311,Gloucester 002C,Violence and sexual offences,Unable to prosecute suspect,
15aed35d3d6f01790a6f3b43eebd58be80a6d621d1af0ca3730ebd314c95f2e4,2022-02,Gloucestershire Constabulary,Gloucestershire Constabulary,-2.227464,51.868204,On or near Royal Lane,E01022311,Gloucester 002C,Violence and sexual offences,Unable to prosecute suspect,
e0427e117229d305783816c29aa331c11db26b3e873649cc3461670eaf625ccc,2022-02,Gloucestershire Constabulary,Gloucestershire Constabulary,-2.233315,51.867833,On or near Hyde Lane,E01022311,Gloucester 002C,Violence and sexual offences,Court result unavailable,
343d4b1742612564c05b142f955e3e6eb5161a22901f57911996795633a2aa95,2022-02,Gloucestershire Constabulary,Gloucestershire Constabulary,-2.233315,51.867833,On or near Hyde Lane,E01022311,Gloucester 002C,Violence and sexual offences,Court result unavailable,
2fddfbc136fa0ad6eab2138c411fafd89a1cd0ec048daa890efc0d29f462e183,2022-02,Gloucestershire Constabulary,Gloucestershire Constabulary,-2.238530,51.868164,On or near Oxford Street,E01022311,Gloucester 002C,Violence and sexual offences,Unable to prosecute suspect,
18aca682d6220a6f344fe312c014946e7c90b755ecabe2e85e716b5b4aecb6e3,2022-02,Gloucestershire Constabulary,Gloucestershire Constabulary,-2.227464,51.868204,On or near Royal Lane,E01022311,Gloucester 002C,Violence and sexual offences,Unable to prosecute suspect,
90e4d3eed2016053616a44d517e3d8a4df4ec2897e382441f3db387addbd5cbc,2022-02,Gloucestershire Constabulary,Gloucestershire Constabulary,-2.241300,51.869993,On or near Worcester Parade,E01022311,Gloucester 002C,Violence and sexual offences,Unable to prosecute suspect,
00a11fa3b61595373bd969918002a82ea8f5cab7b185a8da66956bab0f14e9c1,2022-02,Gloucestershire Constabulary,Gloucestershire Constabulary,-2.242330,51.869892,On or near Skinner Street,E01022311,Gloucester 002C,Violence and sexual offences,Unable to prosecute suspect,
0b6bdf6012e5d87ba46b83bc5bdd7b8a7be8850cea6d8a19ae36b40b12cc9655,2022-02,Gloucestershire Constabulary,Gloucestershire Constabulary,-2.240113,51.870831,On or near Guinea Street,E01022311,Gloucester 002C,Violence and sexual offences,Action to be taken by another organisation,
365e347e21687bf8554886f3573d297816a72af7c807d86b20871d4b52a87d55,2022-02,Gloucestershire Constabulary,Gloucestershire Constabulary,-2.239590,51.865348,On or near Station Approach,E01022311,Gloucester 002C,Violence and sexual offences,Unable to prosecute suspect,
7b58c81d4e604c2c046428e303fe503cb73f1451ceb78b78bb082254f36f3c66,2022-02,Gloucestershire Constabulary,Gloucestershire Constabulary,-2.227464,51.868204,On or near Royal Lane,E01022311,Gloucester 002C,Violence and sexual offences,Unable to prosecute suspect,
b416bbb679983e29a9820836d02de25032ba34649be37af620f194b6fe733e70,2022-02,Gloucestershire Constabulary,Gloucestershire Constabulary,-2.238699,51.867166,On or near Wellington Parade,E01022311,Gloucester 002C,Violence and sexual offences,Court result unavailable,
0db520d3166ccadeaa08487c86d2df813e717192f99203a0e6546b54be72808f,2022-02,Gloucestershire Constabulary,Gloucestershire Constabulary,-2.239660,51.867479,On or near Petrol Station,E01022311,Gloucester 002C,Violence and sexual offences,Investigation complete; no suspect identified,
,2022-02,Gloucestershire Constabulary,Gloucestershire Constabulary,-2.228109,51.866504,On or near Mayhill Way,E01022312,Gloucester 002D,Anti-social behaviour,,
,2022-02,Gloucestershire Constabulary,Gloucestershire Constabulary,-2.228109,51.866504,On or near Mayhill Way,E01022312,Gloucester 002D,Anti-social behaviour,,
,2022-02,Gloucestershire Constabulary,Gloucestershire Constabulary,-2.234044,51.865539,On or near Great Western Road,E01022312,Gloucester 002D,Anti-social behaviour,,
,2022-02,Gloucestershire Constabulary,Gloucestershire Constabulary,-2.225696,51.863191,On or near Norman Ball Way,E01022312,Gloucester 002D,Anti-social behaviour,,
,2022-02,Gloucestershire Constabulary,Gloucestershire Constabulary,-2.228037,51.863869,On or near Petrol Station,E01022312,Gloucester 002D,Anti-social behaviour,,
,2022-02,Gloucestershire Constabulary,Gloucestershire Constabulary,-2.234044,51.865539,On or near Great Western Road,E01022312,Gloucester 002D,Anti-social behaviour,,
,2022-02,Gloucestershire Constabulary,Gloucestershire Constabulary,-2.226959,51.863215,On or near Myers Road,E01022312,Gloucester 002D,Anti-social behaviour,,
,2022-02,Gloucestershire Constabulary,Gloucestershire Constabulary,-2.228109,51.866504,On or near Mayhill Way,E01022312,Gloucester 002D,Anti-social behaviour,,
beabd9a125e15f3c9a81b0678ee8b298b35265c9210c3fc6ceb82f1b6ac3eeef,2022-02,Gloucestershire Constabulary,Gloucestershire Constabulary,-2.230833,51.871039,On or near Michaelmas Court,E01022312,Gloucester 002D,Bicycle theft,Investigation complete; no suspect identified,
e5b7d2c16474de4494c0885ac70feb31c299cf3405e8c06425791f7c16984f00,2022-02,Gloucestershire Constabulary,Gloucestershire Constabulary,-2.231180,51.862146,On or near Metz Way,E01022312,Gloucester 002D,Burglary,Investigation complete; no suspect identified,
895b6cd536caae87b7abbaba11c68049cedcb6d85b05a7511f3fdc988d899977,2022-02,Gloucestershire Constabulary,Gloucestershire Constabulary,-2.231364,51.869779,On or near Hillfield Court Road,E01022312,Gloucester 002D,Burglary,Investigation complete; no suspect identified,
59b25ea71a738171eaafbe66155bd66c087e0fd805c9b6e3a538f513ee1f30bf,2022-02,Gloucestershire Constabulary,Gloucestershire Constabulary,-2.228109,51.866504,On or near Mayhill Way,E01022312,Gloucester 002D,Criminal damage and arson,Unable to prosecute suspect,
4b85f40b08e848606942df1f13a77d198680350f0404b032389be6b5735f42b4,2022-02,Gloucestershire Constabulary,Gloucestershire Constabulary,-2.228109,51.866504,On or near Mayhill Way,E01022312,Gloucester 002D,Criminal damage and arson,Unable to prosecute suspect,
e665b7a534187b2b4af9529b86d3bd1722777750cfc24c9ad22a7bbb0eada1cb,2022-02,Gloucestershire Constabulary,Gloucestershire Constabulary,-2.228037,51.863869,On or near Petrol Station,E01022312,Gloucester 002D,Criminal damage and arson,Unable to prosecute suspect,
ca655fea18fbadd6bc86b57d81301c8e931644176be830655bd79175f7238822,2022-02,Gloucestershire Constabulary,Gloucestershire Constabulary,-2.231364,51.869779,On or near Hillfield Court Road,E01022312,Gloucester 002D,Drugs,Local resolution,
15d38bfac0d112c96bf20be32e0e2025ae71d65a15bdcdc6ed67568f553d23ac,2022-02,Gloucestershire Constabulary,Gloucestershire Constabulary,-2.228109,51.866504,On or near Mayhill Way,E01022312,Gloucester 002D,Other theft,Unable to prosecute suspect,
e2ff3abc06e2c85b4fd4dc0b5c619c05ee127875ed68361398850ab3e1431973,2022-02,Gloucestershire Constabulary,Gloucestershire Constabulary,-2.223716,51.868049,On or near A38,E01022312,Gloucester 002D,Other theft,Unable to prosecute suspect,
a4763a927db84ca9c73423130d72b8f6900bfca027a7299bdc4b49c7cbc3fb55,2022-02,Gloucestershire Constabulary,Gloucestershire Constabulary,-2.231180,51.862146,On or near Metz Way,E01022312,Gloucester 002D,Other theft,Investigation complete; no suspect identified,
f1672287882c4092fcca7812f6971a8ce55d9ad05ade98df50f1284789fab81f,2022-02,Gloucestershire Constabulary,Gloucestershire Constabulary,-2.228977,51.865908,On or near Pillowell Drive,E01022312,Gloucester 002D,Other theft,Investigation complete; no suspect identified,
f37fb6ee46c9ff4fc3ba570a22bf93b440f5aa56d10c26af96d17ea848f82497,2022-02,Gloucestershire Constabulary,Gloucestershire Constabulary,-2.228977,51.865908,On or near Pillowell Drive,E01022312,Gloucester 002D,Public order,Unable to prosecute suspect,
26e8f897922cca4ff937c0e516f71c5966b9549515ea4e0992238624dc55f6af,2022-02,Gloucestershire Constabulary,Gloucestershire Constabulary,-2.228037,51.863869,On or near Petrol Station,E01022312,Gloucester 002D,Public order,Unable to prosecute suspect,
d5c5e5cd92334e934f0616d3dc1686ffb24f5631a5466b6a2f625bdf0523f342,2022-02,Gloucestershire Constabulary,Gloucestershire Constabulary,-2.228977,51.865908,On or near Pillowell Drive,E01022312,Gloucester 002D,Public order,Unable to prosecute suspect,
d0120fdf189389f939782f981df81c40c5d6468d82645a653a16e9c91243dfbf,2022-02,Gloucestershire Constabulary,Gloucestershire Constabulary,-2.228977,51.865908,On or near Pillowell Drive,E01022312,Gloucester 002D,Public order,Unable to prosecute suspect,
7d79943142d31f7062c82875bc1b7f46dc8e78dddc1d742853233ce2907b3807,2022-02,Gloucestershire Constabulary,Gloucestershire Constabulary,-2.228977,51.865908,On or near Pillowell Drive,E01022312,Gloucester 002D,Public order,Unable to prosecute suspect,
6dc87aadd88b782c37fc7109b24b2e1b1657c40e47960505cf1f2105e3abdd74,2022-02,Gloucestershire Constabulary,Gloucestershire Constabulary,-2.228109,51.866504,On or near Mayhill Way,E01022312,Gloucester 002D,Violence and sexual offences,Unable to prosecute suspect,
15494a8f66b69644472ce4ec670e390d32f7ebb17869d38fd7e9fdbbdf1916ac,2022-02,Gloucestershire Constabulary,Gloucestershire Constabulary,-2.234044,51.865539,On or near Great Western Road,E01022312,Gloucester 002D,Violence and sexual offences,Unable to prosecute suspect,
e809f2a8e5f7d635903974f1c6395a0c566e554bbbd7ac4720b2bb7ed9933344,2022-02,Gloucestershire Constabulary,Gloucestershire Constabulary,-2.230833,51.871039,On or near Michaelmas Court,E01022312,Gloucester 002D,Violence and sexual offences,Unable to prosecute suspect,
568b3dc765c9f462e911198bc160d7578232093f3d9023a2b9e7ca4ad138ecda,2022-02,Gloucestershire Constabulary,Gloucestershire Constabulary,-2.228109,51.866504,On or near Mayhill Way,E01022312,Gloucester 002D,Violence and sexual offences,Unable to prosecute suspect,
9a3fde294b78f475ad423a4811aa45b2f36f90ab357ed500c5406dfbb9b81ea5,2022-02,Gloucestershire Constabulary,Gloucestershire Constabulary,-2.228651,51.864560,On or near Harescombe Drive,E01022312,Gloucester 002D,Violence and sexual offences,Unable to prosecute suspect,
59b16349f1e390a00c7259bd7b5c3798e8f3b21cd709f606fccf4844d5516def,2022-02,Gloucestershire Constabulary,Gloucestershire Constabulary,-2.232627,51.869713,On or near Alexandra Road,E01022312,Gloucester 002D,Violence and sexual offences,Unable to prosecute suspect,
fd3d2dcfc8821a1205f2d2f39b1837b15e860a41433d73553c66838cf18bdd8f,2022-02,Gloucestershire Constabulary,Gloucestershire Constabulary,-2.231364,51.869779,On or near Hillfield Court Road,E01022312,Gloucester 002D,Violence and sexual offences,Investigation complete; no suspect identified,
259ecd7001f0e7c556e086171c5cd5ead2db943bc6c3280c879e9d5e786e33e0,2022-02,Gloucestershire Constabulary,Gloucestershire Constabulary,-2.231364,51.869779,On or near Hillfield Court Road,E01022312,Gloucester 002D,Violence and sexual offences,Investigation complete; no suspect identified,
bcac2478f1b0a25c00b895fb8300fd6a029739a8c6c9dfbc1f7ceb9374f6e2bb,2022-02,Gloucestershire Constabulary,Gloucestershire Constabulary,-2.230833,51.871039,On or near Michaelmas Court,E01022312,Gloucester 002D,Violence and sexual offences,Unable to prosecute suspect,
e6ca27cdff0949bf49e588eba0b16cda46ffbd018d5adbfdf56cc6781ac053ce,2022-02,Gloucestershire Constabulary,Gloucestershire Constabulary,-2.228977,51.865908,On or near Pillowell Drive,E01022312,Gloucester 002D,Violence and sexual offences,Unable to prosecute suspect,
f92e8ffc4d3a03c84316a866f310ee4b8f2d7f4c9bde313d6a79d3b26e3bd3b5,2022-02,Gloucestershire Constabulary,Gloucestershire Constabulary,-2.230833,51.871039,On or near Michaelmas Court,E01022312,Gloucester 002D,Violence and sexual offences,Unable to prosecute suspect,
cef472d331378bf4eb47d4f489e80e0da4e2cb68ccadb1001cd55453ab8a3407,2022-02,Gloucestershire Constabulary,Gloucestershire Constabulary,-2.230833,51.871039,On or near Michaelmas Court,E01022312,Gloucester 002D,Violence and sexual offences,Unable to prosecute suspect,
f82f25b1d846dd6101d8602600817b04d05cbdaaf2799b714590092558f36162,2022-02,Gloucestershire Constabulary,Gloucestershire Constabulary,-2.228109,51.866504,On or near Mayhill Way,E01022312,Gloucester 002D,Violence and sexual offences,Unable to prosecute suspect,
d16263c04a875b2687c050447df46761c2ebfbdaf1febf346b60717614859ee2,2022-02,Gloucestershire Constabulary,Gloucestershire Constabulary,-2.228109,51.866504,On or near Mayhill Way,E01022312,Gloucester 002D,Violence and sexual offences,Unable to prosecute suspect,
1e67cfe665659f8582b76055e73fe3ff4d1f26a396925e8d751511afe8adc000,2022-02,Gloucestershire Constabulary,Gloucestershire Constabulary,-2.228977,51.865908,On or near Pillowell Drive,E01022312,Gloucester 002D,Violence and sexual offences,Unable to prosecute suspect,
15a16863f3353599fa55c8d6a98ecf08578e3272967b9b90153e0511da51a509,2022-02,Gloucestershire Constabulary,Gloucestershire Constabulary,-2.225701,51.864296,On or near Casey Close,E01022312,Gloucester 002D,Violence and sexual offences,Court result unavailable,
20629187a43dde9ad675b2c5b5e15d92b8b22eba48f9cf484314fbb70972af7f,2022-02,Gloucestershire Constabulary,Gloucestershire Constabulary,-2.226063,51.869753,On or near Cheltenham Road,E01022312,Gloucester 002D,Violence and sexual offences,Unable to prosecute suspect,
c57f35a18a287932dd429571bd84ab82cdfaefe1739dd9c7697c6e04750e0558,2022-02,Gloucestershire Constabulary,Gloucestershire Constabulary,-2.228109,51.866504,On or near Mayhill Way,E01022312,Gloucester 002D,Violence and sexual offences,Unable to prosecute suspect,
0958fe59e05642cc710bae12b85fb5c211cd4bf433fb46b068cbfd2882c8d5ec,2022-02,Gloucestershire Constabulary,Gloucestershire Constabulary,-2.228109,51.866504,On or near Mayhill Way,E01022312,Gloucester 002D,Violence and sexual offences,Unable to prosecute suspect,
d4252dd5030b26c5e28c5dc00bf8c428818b513daf4dd19afd8a0267185ca27c,2022-02,Gloucestershire Constabulary,Gloucestershire Constabulary,-2.228109,51.866504,On or near Mayhill Way,E01022312,Gloucester 002D,Violence and sexual offences,Unable to prosecute suspect,
a084478b6cbe0bfc9f4625e90d25045dec855bdbf8b8311d13adb78a29a81c70,2022-02,Gloucestershire Constabulary,Gloucestershire Constabulary,-2.230833,51.871039,On or near Michaelmas Court,E01022312,Gloucester 002D,Other crime,Action to be taken by another organisation,
8bf925d561e7841ec5b0ed2294845198fec8b289c7c558f93fbdfdadaf61e22a,2022-02,Gloucestershire Constabulary,Gloucestershire Constabulary,-2.230833,51.871039,On or near Michaelmas Court,E01022312,Gloucester 002D,Other crime,Action to be taken by another organisation,
,2022-02,Gloucestershire Constabulary,Gloucestershire Constabulary,-2.234685,51.877208,On or near Sports/Recreation Area,E01022314,Gloucester 002E,Anti-social behaviour,,
5946f0ed3ef80385b1639ae591d7132cada2bb2b1df1c0c0042bad3112ec03aa,2022-02,Gloucestershire Constabulary,Gloucestershire Constabulary,-2.238426,51.878639,On or near Highbank Park,E01022314,Gloucester 002E,Burglary,Investigation complete; no suspect identified,
f6ee18fe79ed06bb6c4e3bdbedbe13d71e2c148ac528b377767762feebda1e58,2022-02,Gloucestershire Constabulary,Gloucestershire Constabulary,-2.236739,51.878166,On or near Sports/Recreation Area,E01022314,Gloucester 002E,Public order,Unable to prosecute suspect,
3c1f1f2313fb4ddb35af17151b4232954b1523f6765027efd0816a4f5514c5a9,2022-02,Gloucestershire Constabulary,Gloucestershire Constabulary,-2.237866,51.877058,On or near Gambier Parry Gardens,E01022314,Gloucester 002E,Public order,Unable to prosecute suspect,
,2022-02,Gloucestershire Constabulary,Gloucestershire Constabulary,-2.201994,51.875641,On or near Nine Elms Road,E01022295,Gloucester 003A,Anti-social behaviour,,
d636b915fcf0b0fb98e846c9c6721bb7bcb0765d492e6b10c8996ac36f5712a0,2022-02,Gloucestershire Constabulary,Gloucestershire Constabulary,-2.201781,51.876864,On or near Orchard Road,E01022295,Gloucester 003A,Burglary,Investigation complete; no suspect identified,
a183ccd1bb7b2607877e34096207cdd4072bf7ebddc2c09d2ccdfcc1ff77abf9,2022-02,Gloucestershire Constabulary,Gloucestershire Constabulary,-2.201781,51.876864,On or near Orchard Road,E01022295,Gloucester 003A,Burglary,Investigation complete; no suspect identified,
6de293ac739365f24bd8b48bc918e999dab026607191afa11663cd8c2f76c11b,2022-02,Gloucestershire Constabulary,Gloucestershire Constabulary,-2.201781,51.876864,On or near Orchard Road,E01022295,Gloucester 003A,Public order,Unable to prosecute suspect,
c9c2b5881575dae79ea21994cb392a28141aa96048b70a4a95b10ce4ff67c64a,2022-02,Gloucestershire Constabulary,Gloucestershire Constabulary,-2.199158,51.874927,On or near A40,E01022295,Gloucester 003A,Violence and sexual offences,Court result unavailable,
05a3b182f5298e874a0bfa708ff549a0c87e528beba1a85d6f8062df70769705,2022-02,Gloucestershire Constabulary,Gloucestershire Constabulary,-2.202935,51.875028,On or near Manor Park,E01022295,Gloucester 003A,Other crime,Investigation complete; no suspect identified,
8efc8c690a6e657660d9d1d8c7276dcfd93915949a233054d885cf5fbb744aba,2022-02,Gloucestershire Constabulary,Gloucestershire Constabulary,-2.209824,51.869604,On or near Sandyleaze,E01022296,Gloucester 003B,Criminal damage and arson,Further action is not in the public interest,
a227bc371cd79f14a53c823bed08ba00877ae0441fee764c78bfde5622b865ba,2022-02,Gloucestershire Constabulary,Gloucestershire Constabulary,-2.207279,51.868925,On or near Sports/Recreation Area,E01022296,Gloucester 003B,Vehicle crime,Investigation complete; no suspect identified,
09135ae730a98d72028fbc0580c8349400aea2589c43798e27d4baa1b1a1f9d3,2022-02,Gloucestershire Constabulary,Gloucestershire Constabulary,-2.204623,51.869352,On or near Sports/Recreation Area,E01022296,Gloucester 003B,Violence and sexual offences,Unable to prosecute suspect,
4db20e4c96fb90074402dc8518e152aea361b614b2df23330265fd4682ddb8a5,2022-02,Gloucestershire Constabulary,Gloucestershire Constabulary,-2.209824,51.869604,On or near Sandyleaze,E01022296,Gloucester 003B,Violence and sexual offences,Further action is not in the public interest,
fd01d7c480b87659bfcfd2b57da9e3b70f1dc2bb6e4144d8c4e7ef93b9654ff4,2022-02,Gloucestershire Constabulary,Gloucestershire Constabulary,-2.209162,51.870944,On or near Willowleaze,E01022296,Gloucester 003B,Other crime,Action to be taken by another organisation,
6b3c913b1f5e0f823c2e86a527b36cb7e32b46c1015eb5fa37fbca418845c2d6,2022-02,Gloucestershire Constabulary,Gloucestershire Constabulary,-2.213991,51.872320,On or near Cheltenham Road,E01022297,Gloucester 003C,Burglary,Court result unavailable,
3b3dc499d806f26a484fc5baa52726cc2f289de9899268538913ce69d4f6ca4a,2022-02,Gloucestershire Constabulary,Gloucestershire Constabulary,-2.217961,51.870245,On or near Merevale Road,E01022297,Gloucester 003C,Burglary,Investigation complete; no suspect identified,
b9848915d3c8ce9391da4f2aef3af954a70c7b73cfcc7b1279f42dd3359ad99a,2022-02,Gloucestershire Constabulary,Gloucestershire Constabulary,-2.220403,51.867795,On or near Grosvenor Road,E01022297,Gloucester 003C,Violence and sexual offences,Unable to prosecute suspect,
fa140dc4f24097e46f3f0fc3330c18c890f0e1b76f9a584542de8e06b49e5e22,2022-02,Gloucestershire Constabulary,Gloucestershire Constabulary,-2.220403,51.867795,On or near Grosvenor Road,E01022297,Gloucester 003C,Violence and sexual offences,Investigation complete; no suspect identified,
,2022-02,Gloucestershire Constabulary,Gloucestershire Constabulary,-2.214340,51.869425,On or near Elmbridge Road,E01022298,Gloucester 003D,Anti-social behaviour,,
af64219fc520d8ede7a4f55555efed2efa2152434e4c904fc31e0025e39349b8,2022-02,Gloucestershire Constabulary,Gloucestershire Constabulary,-2.216932,51.867828,On or near Lonsdale Road,E01022298,Gloucester 003D,Criminal damage and arson,Local resolution,
8a95aea038835b4301ad611c003ace8349af2b69c1352bccbf9bc8a9e84b48c8,2022-02,Gloucestershire Constabulary,Gloucestershire Constabulary,-2.214340,51.869425,On or near Elmbridge Road,E01022298,Gloucester 003D,Violence and sexual offences,Unable to prosecute suspect,
,2022-02,Gloucestershire Constabulary,Gloucestershire Constabulary,-2.246377,51.855669,On or near St Paul'S Road,E01022332,Gloucester 004A,Anti-social behaviour,,
,2022-02,Gloucestershire Constabulary,Gloucestershire Constabulary,-2.251034,51.854984,On or near Robinhood Street,E01022332,Gloucester 004A,Anti-social behaviour,,
,2022-02,Gloucestershire Constabulary,Gloucestershire Constabulary,-2.253245,51.858270,On or near St Ann Way,E01022332,Gloucester 004A,Anti-social behaviour,,
38d92740afe6432a1e569dfce388af0b1ad270dbf05aea2c7a313af9aef09801,2022-02,Gloucestershire Constabulary,Gloucestershire Constabulary,-2.250412,51.855291,On or near Philip Street,E01022332,Gloucester 004A,Burglary,Investigation complete; no suspect identified,
39210979edec3d0bcfc0bb0d51ef69d02bc0a91150371b29891c14fc894336b6,2022-02,Gloucestershire Constabulary,Gloucestershire Constabulary,-2.246377,51.855669,On or near St Paul'S Road,E01022332,Gloucester 004A,Burglary,Investigation complete; no suspect identified,
44cc63b49f0653138e5e7bbc7d50a7965c01662fdcb524a15a5a1278beabcfd5,2022-02,Gloucestershire Constabulary,Gloucestershire Constabulary,-2.251049,51.857637,On or near Bristol Road,E01022332,Gloucester 004A,Criminal damage and arson,Unable to prosecute suspect,
d1be8c6157d43c3329d80deaac51e97be42005afd8a44b86e4c8adc1a906f074,2022-02,Gloucestershire Constabulary,Gloucestershire Constabulary,-2.253245,51.858270,On or near St Ann Way,E01022332,Gloucester 004A,Criminal damage and arson,Court result unavailable,
d049e4b7d9bee10b2f4e7854dae70d06c1d0bdd6d357a7f88e86ff664eb858a1,2022-02,Gloucestershire Constabulary,Gloucestershire Constabulary,-2.253245,51.858270,On or near St Ann Way,E01022332,Gloucester 004A,Other theft,Further action is not in the public interest,
2ac5a7720d96b0d8efb90fc379664bd5faac2d5259df8aa7bbc9e4383869569c,2022-02,Gloucestershire Constabulary,Gloucestershire Constabulary,-2.246532,51.857421,On or near Weston Road,E01022332,Gloucester 004A,Public order,Unable to prosecute suspect,
a6bcfc1050c6af711fbbca810dff4bf030e43b154c3a0b70ba40727c886763ec,2022-02,Gloucestershire Constabulary,Gloucestershire Constabulary,-2.253909,51.854879,On or near Price Street,E01022332,Gloucester 004A,Public order,Investigation complete; no suspect identified,
f20e72689c44f27430df329644fd75d867f955a7f283fe9530b006c414f25c20,2022-02,Gloucestershire Constabulary,Gloucestershire Constabulary,-2.246532,51.857421,On or near Weston Road,E01022332,Gloucester 004A,Public order,Unable to prosecute suspect,
0182c1f656933750706cc1f656cd178ba28e4ecee92e1bacc164f553608dfc0c,2022-02,Gloucestershire Constabulary,Gloucestershire Constabulary,-2.253909,51.854879,On or near Price Street,E01022332,Gloucester 004A,Public order,Investigation complete; no suspect identified,
824721098a3f87b4096e3bd92475cecf091f61eb3a63e4857999f21ad2a391b3,2022-02,Gloucestershire Constabulary,Gloucestershire Constabulary,-2.246532,51.857421,On or near Weston Road,E01022332,Gloucester 004A,Public order,Unable to prosecute suspect,
abe4d7bdb8f58fa5ffec4338d8ba7540c3778c0c2070fe2cba821e47b9eb61e2,2022-02,Gloucestershire Constabulary,Gloucestershire Constabulary,-2.251049,51.857637,On or near Bristol Road,E01022332,Gloucester 004A,Public order,Unable to prosecute suspect,
3e898787410b2c8e6c02be08d6f08eee96fdf2f9e91de3304f5804bc5070cf25,2022-02,Gloucestershire Constabulary,Gloucestershire Constabulary,-2.251049,51.857637,On or near Bristol Road,E01022332,Gloucester 004A,Public order,Unable to prosecute suspect,
d4cd5df8fa82b62ed5db73d0959e27a76cd3ab862a0d1a86e13ecfc9c0b07ac0,2022-02,Gloucestershire Constabulary,Gloucestershire Constabulary,-2.246377,51.855669,On or near St Paul'S Road,E01022332,Gloucester 004A,Public order,Unable to prosecute suspect,
71198ae7a685f2b66cbc887fd5f50a45cd2c6722319e6b49a43d5ecda86428f1,2022-02,Gloucestershire Constabulary,Gloucestershire Constabulary,-2.251049,51.857637,On or near Bristol Road,E01022332,Gloucester 004A,Shoplifting,Unable to prosecute suspect,
2f7ebafb76b452c3e5444633a8ead96c5572266975bed5e7ad74baac4f57db88,2022-02,Gloucestershire Constabulary,Gloucestershire Constabulary,-2.251049,51.857637,On or near Bristol Road,E01022332,Gloucester 004A,Violence and sexual offences,Unable to prosecute suspect,
4867b933eff408d4b769c5ae469f3b392c19883ab05d961fd2b924dda4d97bf8,2022-02,Gloucestershire Constabulary,Gloucestershire Constabulary,-2.253245,51.858270,On or near St Ann Way,E01022332,Gloucester 004A,Violence and sexual offences,Court result unavailable,
03eb9c190b86beef4bc3dbe04b262ad462634f19f95484cc811e66542829ec79,2022-02,Gloucestershire Constabulary,Gloucestershire Constabulary,-2.251049,51.857637,On or near Bristol Road,E01022332,Gloucester 004A,Violence and sexual offences,Unable to prosecute suspect,
905132f35d7a880eeccf418fe7941dc1d0f71fb95609b2a8f5df54885c5fc6a4,2022-02,Gloucestershire Constabulary,Gloucestershire Constabulary,-2.246532,51.857421,On or near Weston Road,E01022332,Gloucester 004A,Violence and sexual offences,Unable to prosecute suspect,
78670b74cacda172a9defe8db46915f86e97cdd647f012a7b6fafcc6af4f0570,2022-02,Gloucestershire Constabulary,Gloucestershire Constabulary,-2.246377,51.855669,On or near St Paul'S Road,E01022332,Gloucester 004A,Violence and sexual offences,Unable to prosecute suspect,
8a03c61f2ea48210862f247ddbeab4cd7bea9a2fae9b5ca387cde3caa61b542f,2022-02,Gloucestershire Constabulary,Gloucestershire Constabulary,-2.246377,51.855669,On or near St Paul'S Road,E01022332,Gloucester 004A,Violence and sexual offences,Unable to prosecute suspect,
888f8c0cd45e2ac35d5d38beb49b45ce98e0f66aa9dcddcd4f106317a6dc9ac2,2022-02,Gloucestershire Constabulary,Gloucestershire Constabulary,-2.246532,51.857421,On or near Weston Road,E01022332,Gloucester 004A,Violence and sexual offences,Action to be taken by another organisation,
941ab53216f04b33d03942b784591975b8abd4a6b3bd7366585b91a3e9311bbc,2022-02,Gloucestershire Constabulary,Gloucestershire Constabulary,-2.243452,51.857059,On or near Park End Road,E01022332,Gloucester 004A,Violence and sexual offences,Unable to prosecute suspect,
bcacb050e2be4d01973fbb20395dfa52d200937b1ea428fc409390f2aa7c9fe0,2022-02,Gloucestershire Constabulary,Gloucestershire Constabulary,-2.243452,51.857059,On or near Park End Road,E01022332,Gloucester 004A,Violence and sexual offences,Unable to prosecute suspect,
8539fa71a3c4cc91394c5807a16cca492ca7698a881f17fffe44024b527d054e,2022-02,Gloucestershire Constabulary,Gloucestershire Constabulary,-2.243452,51.857059,On or near Park End Road,E01022332,Gloucester 004A,Violence and sexual offences,Unable to prosecute suspect,
69a2f28f2217f4e4fe5bd2629161c1816237151a00b4adfc34b32ff3baf6c364,2022-02,Gloucestershire Constabulary,Gloucestershire Constabulary,-2.246532,51.857421,On or near Weston Road,E01022332,Gloucester 004A,Violence and sexual offences,Unable to prosecute suspect,
99821482c1e2f74e09fa5e9f97142b3e1581eb056c3341c82f778ff7b3b0dbcf,2022-02,Gloucestershire Constabulary,Gloucestershire Constabulary,-2.246377,51.855669,On or near St Paul'S Road,E01022332,Gloucester 004A,Violence and sexual offences,Unable to prosecute suspect,
8fe61c85cbbead47ac27eab909fadadd8863ce43c4e3ba4fc57ceb023b8ad8d6,2022-02,Gloucestershire Constabulary,Gloucestershire Constabulary,-2.246377,51.855669,On or near St Paul'S Road,E01022332,Gloucester 004A,Violence and sexual offences,Unable to prosecute suspect,
de358a709a58b97800b97a7bf517b38982f5916ca9631cf4f1247d2ed181bce3,2022-02,Gloucestershire Constabulary,Gloucestershire Constabulary,-2.246377,51.855669,On or near St Paul'S Road,E01022332,Gloucester 004A,Violence and sexual offences,Unable to prosecute suspect,
d49ac2d958b2baaf27ec66d7184794de12a6b011deb53562a7548d568980ea1b,2022-02,Gloucestershire Constabulary,Gloucestershire Constabulary,-2.246377,51.855669,On or near St Paul'S Road,E01022332,Gloucester 004A,Violence and sexual offences,Unable to prosecute suspect,
fa9d4495500b4dc8bbbbc004457b48b88414da274e482c7fe480a5995745f185,2022-02,Gloucestershire Constabulary,Gloucestershire Constabulary,-2.243452,51.857059,On or near Park End Road,E01022332,Gloucester 004A,Violence and sexual offences,Unable to prosecute suspect,
44ed5005a43ab9b6ab0a76deeb6c79268e4c900ed37e3c3e76589fa9d450d76f,2022-02,Gloucestershire Constabulary,Gloucestershire Constabulary,-2.251034,51.854984,On or near Robinhood Street,E01022332,Gloucester 004A,Violence and sexual offences,Unable to prosecute suspect,
780f9372c7f95c3ca1146f99866dff3dea034d7b9c78bc054ccf0d6081c27f86,2022-02,Gloucestershire Constabulary,Gloucestershire Constabulary,-2.246532,51.857421,On or near Weston Road,E01022332,Gloucester 004A,Violence and sexual offences,Unable to prosecute suspect,
a389f57c58029462ef39e16508b2eaa47f04d59f0b49838ad719237063de92bc,2022-02,Gloucestershire Constabulary,Gloucestershire Constabulary,-2.253245,51.858270,On or near St Ann Way,E01022332,Gloucester 004A,Violence and sexual offences,Unable to prosecute suspect,
991356eea49edb230616188e326a66ff4bfefb33f535ee9f193b960ced315bc1,2022-02,Gloucestershire Constabulary,Gloucestershire Constabulary,-2.250360,51.856505,On or near Clifton Road,E01022332,Gloucester 004A,Violence and sexual offences,Unable to prosecute suspect,
,2022-02,Gloucestershire Constabulary,Gloucestershire Constabulary,-2.248917,51.860689,On or near Norfolk Street,E01022347,Gloucester 004B,Anti-social behaviour,,
,2022-02,Gloucestershire Constabulary,Gloucestershire Constabulary,-2.246049,51.861963,On or near Brunswick Road,E01022347,Gloucester 004B,Anti-social behaviour,,
,2022-02,Gloucestershire Constabulary,Gloucestershire Constabulary,-2.248964,51.861220,On or near Albion Street,E01022347,Gloucester 004B,Anti-social behaviour,,
,2022-02,Gloucestershire Constabulary,Gloucestershire Constabulary,-2.239516,51.862300,On or near Nightclub,E01022347,Gloucester 004B,Anti-social behaviour,,
,2022-02,Gloucestershire Constabulary,Gloucestershire Constabulary,-2.248917,51.860689,On or near Norfolk Street,E01022347,Gloucester 004B,Anti-social behaviour,,
,2022-02,Gloucestershire Constabulary,Gloucestershire Constabulary,-2.242661,51.858392,On or near Trier Way,E01022347,Gloucester 004B,Anti-social behaviour,,
,2022-02,Gloucestershire Constabulary,Gloucestershire Constabulary,-2.248964,51.861220,On or near Albion Street,E01022347,Gloucester 004B,Anti-social behaviour,,
,2022-02,Gloucestershire Constabulary,Gloucestershire Constabulary,-2.239516,51.862300,On or near Nightclub,E01022347,Gloucester 004B,Anti-social behaviour,,
,2022-02,Gloucestershire Constabulary,Gloucestershire Constabulary,-2.239516,51.862300,On or near Nightclub,E01022347,Gloucester 004B,Anti-social behaviour,,
,2022-02,Gloucestershire Constabulary,Gloucestershire Constabulary,-2.242331,51.861836,On or near Wellington Street,E01022347,Gloucester 004B,Anti-social behaviour,,
,2022-02,Gloucestershire Constabulary,Gloucestershire Constabulary,-2.241702,51.860974,On or near Belgrave Road,E01022347,Gloucester 004B,Anti-social behaviour,,
,2022-02,Gloucestershire Constabulary,Gloucestershire Constabulary,-2.243617,51.860799,On or near Park Road,E01022347,Gloucester 004B,Anti-social behaviour,,
,2022-02,Gloucestershire Constabulary,Gloucestershire Constabulary,-2.242668,51.862500,On or near Parking Area,E01022347,Gloucester 004B,Anti-social behaviour,,
,2022-02,Gloucestershire Constabulary,Gloucestershire Constabulary,-2.241142,51.862261,On or near Theatre/Concert Hall,E01022347,Gloucester 004B,Anti-social behaviour,,
,2022-02,Gloucestershire Constabulary,Gloucestershire Constabulary,-2.241065,51.861452,On or near Arthur Street,E01022347,Gloucester 004B,Anti-social behaviour,,
,2022-02,Gloucestershire Constabulary,Gloucestershire Constabulary,-2.243617,51.860799,On or near Park Road,E01022347,Gloucester 004B,Anti-social behaviour,,
fc5cc6e651ac3de7dd070ab1fe67f7d72f77a0a10dab5a3c3d0ec062e8046e51,2022-02,Gloucestershire Constabulary,Gloucestershire Constabulary,-2.248905,51.863692,On or near Kimbrose Way,E01022347,Gloucester 004B,Bicycle theft,Unable to prosecute suspect,
557e83c11c0adffcb6ae9e9431ba4a01d9cad79cf542ff28f0058f5c1fbb4640,2022-02,Gloucestershire Constabulary,Gloucestershire Constabulary,-2.239516,51.862300,On or near Nightclub,E01022347,Gloucester 004B,Bicycle theft,Investigation complete; no suspect identified,
a44d2dfc96daa5a514e559dac894814ba96c9d4bea67a038e306b5ea70242812,2022-02,Gloucestershire Constabulary,Gloucestershire Constabulary,-2.248905,51.863692,On or near Kimbrose Way,E01022347,Gloucester 004B,Bicycle theft,Unable to prosecute suspect,
26d8e353494aeeb5a7fbf3c110fe9fadb221e1d38a8ef43abf925ca8451a71a6,2022-02,Gloucestershire Constabulary,Gloucestershire Constabulary,-2.244842,51.861723,On or near St Michael'S Square,E01022347,Gloucester 004B,Burglary,Investigation complete; no suspect identified,
7d241a656dcf696209a6b0ee36cc9006d316bbf81a27d9b0807370b22a302511,2022-02,Gloucestershire Constabulary,Gloucestershire Constabulary,-2.245221,51.861911,On or near Parking Area,E01022347,Gloucester 004B,Burglary,Unable to prosecute suspect,
921af8483df38ab0bf33b8d4858ed4cdf9e2fb9060c356a16628e2d67c89d985,2022-02,Gloucestershire Constabulary,Gloucestershire Constabulary,-2.241065,51.861452,On or near Arthur Street,E01022347,Gloucester 004B,Burglary,Unable to prosecute suspect,
0a1ac1409ce515ffcdac801bd4c2ba46794fc90a9c3e6b8a84809c63fa18e2fc,2022-02,Gloucestershire Constabulary,Gloucestershire Constabulary,-2.241702,51.860974,On or near Belgrave Road,E01022347,Gloucester 004B,Burglary,Investigation complete; no suspect identified,
8088286243e6468d1a5f253bf1c96e0736ccd41f9a0f6679dba59f22beef14bb,2022-02,Gloucestershire Constabulary,Gloucestershire Constabulary,-2.243617,51.860799,On or near Park Road,E01022347,Gloucester 004B,Criminal damage and arson,Investigation complete; no suspect identified,
5c08bfbb09e190ba6832d629c304386f17c39f2ebed111aaa4c704570940d8af,2022-02,Gloucestershire Constabulary,Gloucestershire Constabulary,-2.246049,51.861963,On or near Brunswick Road,E01022347,Gloucester 004B,Criminal damage and arson,Unable to prosecute suspect,
a67b79c4f3bb4f9a15d1c49f3365503d858a223c065a7739206a3116d70c9347,2022-02,Gloucestershire Constabulary,Gloucestershire Constabulary,-2.244842,51.861723,On or near St Michael'S Square,E01022347,Gloucester 004B,Criminal damage and arson,Unable to prosecute suspect,
71ae9f9a5d8eb6973390e4bcfcfe3a88a704ed6c1430bd25b70dd0f699ac3027,2022-02,Gloucestershire Constabulary,Gloucestershire Constabulary,-2.248917,51.860689,On or near Norfolk Street,E01022347,Gloucester 004B,Criminal damage and arson,Investigation complete; no suspect identified,
44f3903b2629e308885a7608f0e7194f32190d37850f888fb486c23d0ac0689f,2022-02,Gloucestershire Constabulary,Gloucestershire Constabulary,-2.246049,51.861963,On or near Brunswick Road,E01022347,Gloucester 004B,Criminal damage and arson,Unable to prosecute suspect,
b43c0add4be0233427f8c9fc8d7215d6cc64ace01e034d28efb81fba08f2f336,2022-02,Gloucestershire Constabulary,Gloucestershire Constabulary,-2.246049,51.861963,On or near Brunswick Road,E01022347,Gloucester 004B,Criminal damage and arson,Investigation complete; no suspect identified,
f78be82aa8854a27e3f4e63c46972510c135387da56c346f6326439ccc913aba,2022-02,Gloucestershire Constabulary,Gloucestershire Constabulary,-2.245221,51.861911,On or near Parking Area,E01022347,Gloucester 004B,Criminal damage and arson,Unable to prosecute suspect,
2b86d18e5c87ad2c1fed9c610dfe549bd3db19ae21269cadfe91b687d4d1a3ab,2022-02,Gloucestershire Constabulary,Gloucestershire Constabulary,-2.248905,51.863692,On or near Kimbrose Way,E01022347,Gloucester 004B,Criminal damage and arson,Unable to prosecute suspect,
d57d0eb38de895cc2911f313a558f59c7ec1629056fe591c42d0d29dd5e2e5ea,2022-02,Gloucestershire Constabulary,Gloucestershire Constabulary,-2.245221,51.861911,On or near Parking Area,E01022347,Gloucester 004B,Criminal damage and arson,Investigation complete; no suspect identified,
b49c5e94f4fca761a547015c60eb5f555fb3343fb6b68109456601c24b2babb8,2022-02,Gloucestershire Constabulary,Gloucestershire Constabulary,-2.242331,51.861836,On or near Wellington Street,E01022347,Gloucester 004B,Criminal damage and arson,Investigation complete; no suspect identified,
f48dd94cb6d7c39d86e4d932b0798dd2f683a5a667357bfd06789feb1f9a4558,2022-02,Gloucestershire Constabulary,Gloucestershire Constabulary,-2.245221,51.861911,On or near Parking Area,E01022347,Gloucester 004B,Criminal damage and arson,Unable to prosecute suspect,
68726b9cec13fa7197f2855f454e7e5e5dd5a3245fb0576ff220051d344b7ce0,2022-02,Gloucestershire Constabulary,Gloucestershire Constabulary,-2.248905,51.863692,On or near Kimbrose Way,E01022347,Gloucester 004B,Drugs,Formal action is not in the public interest,
735431182df7f7e08c3191d8d77af6b9d36bbe3b1b2dfbc0dcf09eead059ec45,2022-02,Gloucestershire Constabulary,Gloucestershire Constabulary,-2.242331,51.861836,On or near Wellington Street,E01022347,Gloucester 004B,Other theft,Unable to prosecute suspect,
b07b4baaaef471f453a83a41993270e7a71faf32294e875108b7c508da58f240,2022-02,Gloucestershire Constabulary,Gloucestershire Constabulary,-2.238874,51.861672,On or near Barton Street,E01022347,Gloucester 004B,Other theft,Investigation complete; no suspect identified,
e6fe3a7ab1b27b4e1edba51e83dff2be64cab38a386d4937fcba80b423278a8c,2022-02,Gloucestershire Constabulary,Gloucestershire Constabulary,-2.239516,51.862300,On or near Nightclub,E01022347,Gloucester 004B,Other theft,Investigation complete; no suspect identified,
1d0cdbe8fe7d4e087b138c263b5c480a59c77cfd41f428c775eeec714f57ae17,2022-02,Gloucestershire Constabulary,Gloucestershire Constabulary,-2.248905,51.863692,On or near Kimbrose Way,E01022347,Gloucester 004B,Other theft,Investigation complete; no suspect identified,
94082fc5e22801ba82452b025cbb5b4d2e0926a1607a13671aab0ad956ccdc6f,2022-02,Gloucestershire Constabulary,Gloucestershire Constabulary,-2.241065,51.861452,On or near Arthur Street,E01022347,Gloucester 004B,Other theft,Investigation complete; no suspect identified,
95cc5c9e7ce01537f7d7eb89e85ce34e0ca8216cd7eb120087b72bf53db9fb34,2022-02,Gloucestershire Constabulary,Gloucestershire Constabulary,-2.243492,51.861690,On or near Cromwell Street,E01022347,Gloucester 004B,Other theft,Unable to prosecute suspect,
19431b2465276769589b6c59ea8b095a9e1f9bea04d50f8acfc9251ab1bc0d37,2022-02,Gloucestershire Constabulary,Gloucestershire Constabulary,-2.239516,51.862300,On or near Nightclub,E01022347,Gloucester 004B,Possession of weapons,Court result unavailable,
858e59f43e8f42962d36fc96ed4e9f79756ce9f4e18281a6355ceae0e5e4646e,2022-02,Gloucestershire Constabulary,Gloucestershire Constabulary,-2.242331,51.861836,On or near Wellington Street,E01022347,Gloucester 004B,Public order,Unable to prosecute suspect,
4acc3f2784b1cad1ae03b1a638d560a940cbe5f7ff90d22e15954726e43c07cd,2022-02,Gloucestershire Constabulary,Gloucestershire Constabulary,-2.248917,51.860689,On or near Norfolk Street,E01022347,Gloucester 004B,Public order,Investigation complete; no suspect identified,
e8e5e506f9178e0a8bd6e5072d1ce3e8ea6eb34b3c0baf1d543d73c123df777e,2022-02,Gloucestershire Constabulary,Gloucestershire Constabulary,-2.242668,51.862500,On or near Parking Area,E01022347,Gloucester 004B,Public order,Unable to prosecute suspect,
2c0d8af8e5e51a333c47d5cedac1be6df87279d097900123725b511801ae4b41,2022-02,Gloucestershire Constabulary,Gloucestershire Constabulary,-2.239516,51.862300,On or near Nightclub,E01022347,Gloucester 004B,Public order,Investigation complete; no suspect identified,
7def0373ea1f777c3045b0b13ca5ba4131e1a8174e903596c5530555f5eea8fb,2022-02,Gloucestershire Constabulary,Gloucestershire Constabulary,-2.248905,51.863692,On or near Kimbrose Way,E01022347,Gloucester 004B,Public order,Unable to prosecute suspect,
6fe2c7070f86d4f608ef637dc967a38eacee4dad769955ed0a47bb85a9a8e42b,2022-02,Gloucestershire Constabulary,Gloucestershire Constabulary,-2.245221,51.861911,On or near Parking Area,E01022347,Gloucester 004B,Public order,Unable to prosecute suspect,
371d473dae1df8de04f70e7f1ea34001e0cc2e73565a18b5e19cd741a153dd9a,2022-02,Gloucestershire Constabulary,Gloucestershire Constabulary,-2.248905,51.863692,On or near Kimbrose Way,E01022347,Gloucester 004B,Public order,Unable to prosecute suspect,
9402d71da18c2789560cb2efac29e27f1aaf96ebaafd6f16b85f6b5c5b135007,2022-02,Gloucestershire Constabulary,Gloucestershire Constabulary,-2.245221,51.861911,On or near Parking Area,E01022347,Gloucester 004B,Public order,Unable to prosecute suspect,
c43942e6d2168270f029df5a6f2c0d4314c4f28e554dbb34b24862e6351199c4,2022-02,Gloucestershire Constabulary,Gloucestershire Constabulary,-2.242331,51.861836,On or near Wellington Street,E01022347,Gloucester 004B,Public order,Unable to prosecute suspect,
8a5a5b52148829d00f7a6a247f8aee791a494f6884b5b86f8f0fb994f0ea0d7f,2022-02,Gloucestershire Constabulary,Gloucestershire Constabulary,-2.248905,51.863692,On or near Kimbrose Way,E01022347,Gloucester 004B,Public order,Unable to prosecute suspect,
a84fa0237b36af045a5c996a4dc8abde6d31bcbe030d027ba095475094df007a,2022-02,Gloucestershire Constabulary,Gloucestershire Constabulary,-2.242668,51.862500,On or near Parking Area,E01022347,Gloucester 004B,Robbery,Unable to prosecute suspect,
dc3f7c59e274254e75b21e0420d070ecde11ae1fb80fd0acb31c0d2445203985,2022-02,Gloucestershire Constabulary,Gloucestershire Constabulary,-2.238874,51.861672,On or near Barton Street,E01022347,Gloucester 004B,Shoplifting,Investigation complete; no suspect identified,
b95e141003d2d7a78029956790980c46f92dfc40c1a37587962cc1aa341daf34,2022-02,Gloucestershire Constabulary,Gloucestershire Constabulary,-2.248905,51.863692,On or near Kimbrose Way,E01022347,Gloucester 004B,Theft from the person,Unable to prosecute suspect,
e1302ed72e6e79f922c2d19463fed327c54cef3ae41fe85869bb79ca97871b08,2022-02,Gloucestershire Constabulary,Gloucestershire Constabulary,-2.241702,51.860974,On or near Belgrave Road,E01022347,Gloucester 004B,Vehicle crime,Investigation complete; no suspect identified,
de3f57c385dd8518f2b33fad4aabb9517267aa9635b7c1824a11220587c42e63,2022-02,Gloucestershire Constabulary,Gloucestershire Constabulary,-2.241065,51.861452,On or near Arthur Street,E01022347,Gloucester 004B,Vehicle crime,Investigation complete; no suspect identified,
c311d564a353cbc942584a2212082ce3f1a85ce4ed3d31f380a3497c4b7cf6fa,2022-02,Gloucestershire Constabulary,Gloucestershire Constabulary,-2.239516,51.862300,On or near Nightclub,E01022347,Gloucester 004B,Violence and sexual offences,Investigation complete; no suspect identified,
6a54569edaa0baa10d7c1b96866a469b86f6abbf55e4f66bda9ad18e2fa5218a,2022-02,Gloucestershire Constabulary,Gloucestershire Constabulary,-2.239516,51.862300,On or near Nightclub,E01022347,Gloucester 004B,Violence and sexual offences,Investigation complete; no suspect identified,
967f0f3a3cd32c11b07499b541f4385bf8c95d8ceb0f5da2ad16a307d3f9d804,2022-02,Gloucestershire Constabulary,Gloucestershire Constabulary,-2.239516,51.862300,On or near Nightclub,E01022347,Gloucester 004B,Violence and sexual offences,Investigation complete; no suspect identified,
8fb4d9b74f4b8e9ca184e6cf961f6ae1d662b2284d6ae80ad5cb98210994e269,2022-02,Gloucestershire Constabulary,Gloucestershire Constabulary,-2.241065,51.861452,On or near Arthur Street,E01022347,Gloucester 004B,Violence and sexual offences,Investigation complete; no suspect identified,
db99e65b3630e0543df1a43035e348df24dbaf7a79b39faa05a2fd4d07227a98,2022-02,Gloucestershire Constabulary,Gloucestershire Constabulary,-2.243617,51.860799,On or near Park Road,E01022347,Gloucester 004B,Violence and sexual offences,Unable to prosecute suspect,
50504929d06a590ec0fa93da872985b30f8f92d0972737574dfff1d126c6fd95,2022-02,Gloucestershire Constabulary,Gloucestershire Constabulary,-2.248245,51.859890,On or near Spa Road,E01022347,Gloucester 004B,Violence and sexual offences,Unable to prosecute suspect,
87a313e40ee4213d86283b2b1ba60c27c833cc189b09d727b2b44af73919f9ad,2022-02,Gloucestershire Constabulary,Gloucestershire Constabulary,-2.248905,51.863692,On or near Kimbrose Way,E01022347,Gloucester 004B,Violence and sexual offences,Unable to prosecute suspect,
54d4f55ae0b62e4b9d2c347a60b7cb5a9f5bce4961a7d1476bad046678ba10d9,2022-02,Gloucestershire Constabulary,Gloucestershire Constabulary,-2.244842,51.861723,On or near St Michael'S Square,E01022347,Gloucester 004B,Violence and sexual offences,Further action is not in the public interest,
0cc48d97bf77cc992964eec2d244a35b6f53373cef4b52016e941f801f97e046,2022-02,Gloucestershire Constabulary,Gloucestershire Constabulary,-2.248905,51.863692,On or near Kimbrose Way,E01022347,Gloucester 004B,Violence and sexual offences,Unable to prosecute suspect,
326b79f206269453d3d4bc6c1e879d549a1f65d1157992ab2a7ab811f21599e6,2022-02,Gloucestershire Constabulary,Gloucestershire Constabulary,-2.244842,51.861723,On or near St Michael'S Square,E01022347,Gloucester 004B,Violence and sexual offences,Unable to prosecute suspect,
e8833635a22ce178d43f85694a9426ceb83b73e1a5b3620ce66b6bfa9c7d1a4a,2022-02,Gloucestershire Constabulary,Gloucestershire Constabulary,-2.241142,51.862261,On or near Theatre/Concert Hall,E01022347,Gloucester 004B,Violence and sexual offences,Unable to prosecute suspect,
64da00c24914e95b03225caa11b1656ef063130c791793e46efaf7be399486a2,2022-02,Gloucestershire Constabulary,Gloucestershire Constabulary,-2.248245,51.859890,On or near Spa Road,E01022347,Gloucester 004B,Violence and sexual offences,Investigation complete; no suspect identified,
030e9cc8505fb24091e106eaa09dfe05d2c8fdbe1579b2bafc70ecd8281184e0,2022-02,Gloucestershire Constabulary,Gloucestershire Constabulary,-2.244842,51.861723,On or near St Michael'S Square,E01022347,Gloucester 004B,Violence and sexual offences,Unable to prosecute suspect,
17bf25d06a69950b0aeba94dd8702c1fd8670319499e6e8e46d0e090a8e3c99f,2022-02,Gloucestershire Constabulary,Gloucestershire Constabulary,-2.245894,51.860156,On or near Montpellier,E01022347,Gloucester 004B,Violence and sexual offences,Local resolution,
1fd3008c8da97aef77b673097fa5b0fb8fda208a46eec976e5aedbaac6c03e21,2022-02,Gloucestershire Constabulary,Gloucestershire Constabulary,-2.248245,51.859890,On or near Spa Road,E01022347,Gloucester 004B,Violence and sexual offences,Investigation complete; no suspect identified,
19422f05c1c22f496919263bc160b916a165d099708c104473dc1438c6264119,2022-02,Gloucestershire Constabulary,Gloucestershire Constabulary,-2.248905,51.863692,On or near Kimbrose Way,E01022347,Gloucester 004B,Violence and sexual offences,Unable to prosecute suspect,
a41166a10917d348666fe023bf571762a41547aa490e36ba4e7dc2d9327f2f24,2022-02,Gloucestershire Constabulary,Gloucestershire Constabulary,-2.248905,51.863692,On or near Kimbrose Way,E01022347,Gloucester 004B,Violence and sexual offences,Unable to prosecute suspect,
e3cb182681fb02ba54e110f1f5a8b2ced7fd0add68e04d2b180203108f473ef7,2022-02,Gloucestershire Constabulary,Gloucestershire Constabulary,-2.246049,51.861963,On or near Brunswick Road,E01022347,Gloucester 004B,Violence and sexual offences,Court result unavailable,
a4100dd8fa1dcbf28844c80542ed78646f67e1df92e815675b26913fe064e40f,2022-02,Gloucestershire Constabulary,Gloucestershire Constabulary,-2.243617,51.860799,On or near Park Road,E01022347,Gloucester 004B,Violence and sexual offences,Investigation complete; no suspect identified,
543b62f210480b187be92ae9e483d471df0b418251df5b5184127e47d62264a9,2022-02,Gloucestershire Constabulary,Gloucestershire Constabulary,-2.248905,51.863692,On or near Kimbrose Way,E01022347,Gloucester 004B,Violence and sexual offences,Unable to prosecute suspect,
9f5f0ed0d1d4166c085e7cf306f930bb31172d4ed57798e610cdbb0a583c346d,2022-02,Gloucestershire Constabulary,Gloucestershire Constabulary,-2.239516,51.862300,On or near Nightclub,E01022347,Gloucester 004B,Violence and sexual offences,Unable to prosecute suspect,
542c79ce4111283177a22c1e7112830d745024b7d029f0d136cb72876e6d6758,2022-02,Gloucestershire Constabulary,Gloucestershire Constabulary,-2.239516,51.862300,On or near Nightclub,E01022347,Gloucester 004B,Violence and sexual offences,Unable to prosecute suspect,
5951ae728e06c161ad69d19d44e235fa061e75c89855a6fa39106b81435c4294,2022-02,Gloucestershire Constabulary,Gloucestershire Constabulary,-2.239516,51.862300,On or near Nightclub,E01022347,Gloucester 004B,Other crime,Formal action is not in the public interest,
9a2852f4d10bdf6f7ae83a4676ed4b72b0e14529349b3fa1e508bf25773db896,2022-02,Gloucestershire Constabulary,Gloucestershire Constabulary,-2.246049,51.861963,On or near Brunswick Road,E01022347,Gloucester 004B,Other crime,Unable to prosecute suspect,
,2022-02,Gloucestershire Constabulary,Gloucestershire Constabulary,-2.262325,51.854025,On or near Sports/Recreation Area,E01022348,Gloucester 004C,Anti-social behaviour,,
,2022-02,Gloucestershire Constabulary,Gloucestershire Constabulary,-2.250358,51.861333,On or near Southgate Street,E01022348,Gloucester 004C,Anti-social behaviour,,
,2022-02,Gloucestershire Constabulary,Gloucestershire Constabulary,-2.250358,51.861333,On or near Southgate Street,E01022348,Gloucester 004C,Anti-social behaviour,,
,2022-02,Gloucestershire Constabulary,Gloucestershire Constabulary,-2.264546,51.849075,On or near Horseshoe Way,E01022348,Gloucester 004C,Anti-social behaviour,,
,2022-02,Gloucestershire Constabulary,Gloucestershire Constabulary,-2.250358,51.861333,On or near Southgate Street,E01022348,Gloucester 004C,Anti-social behaviour,,
,2022-02,Gloucestershire Constabulary,Gloucestershire Constabulary,-2.250358,51.861333,On or near Southgate Street,E01022348,Gloucester 004C,Anti-social behaviour,,
,2022-02,Gloucestershire Constabulary,Gloucestershire Constabulary,-2.250358,51.861333,On or near Southgate Street,E01022348,Gloucester 004C,Anti-social behaviour,,
,2022-02,Gloucestershire Constabulary,Gloucestershire Constabulary,-2.258838,51.858645,On or near Petrol Station,E01022348,Gloucester 004C,Anti-social behaviour,,
,2022-02,Gloucestershire Constabulary,Gloucestershire Constabulary,-2.253307,51.861444,On or near Llanthony Road,E01022348,Gloucester 004C,Anti-social behaviour,,
,2022-02,Gloucestershire Constabulary,Gloucestershire Constabulary,-2.258838,51.858645,On or near Petrol Station,E01022348,Gloucester 004C,Anti-social behaviour,,
,2022-02,Gloucestershire Constabulary,Gloucestershire Constabulary,-2.253307,51.861444,On or near Llanthony Road,E01022348,Gloucester 004C,Anti-social behaviour,,
bf31b177faf38bbfb9fa741f698728d02afaf103463557fe641e436116972024,2022-02,Gloucestershire Constabulary,Gloucestershire Constabulary,-2.256717,51.861131,On or near Further/Higher Educational Building,E01022348,Gloucester 004C,Bicycle theft,Investigation complete; no suspect identified,
379aca5805300234bdccf8d8e2d0a4d86a3d0bd4fa2cc38e843092b5d5672a13,2022-02,Gloucestershire Constabulary,Gloucestershire Constabulary,-2.263903,51.850811,On or near Harness Close,E01022348,Gloucester 004C,Bicycle theft,Investigation complete; no suspect identified,
72aa85b0bee65f0845be6343d8f0b446caa88ed87aa3f2181220bbec339ced8f,2022-02,Gloucestershire Constabulary,Gloucestershire Constabulary,-2.256717,51.861131,On or near Further/Higher Educational Building,E01022348,Gloucester 004C,Burglary,Investigation complete; no suspect identified,
97a315efcebe90407828c7715401dd61c804ae29a9c6f2ec7c950fc060bdc720,2022-02,Gloucestershire Constabulary,Gloucestershire Constabulary,-2.260751,51.858011,On or near Hempsted Lane,E01022348,Gloucester 004C,Burglary,Investigation complete; no suspect identified,
544774aff944bed62a22f90c3893d4c283c7471bb30b5f093e599b21c4038327,2022-02,Gloucestershire Constabulary,Gloucestershire Constabulary,-2.262948,51.856244,On or near Mayfair Close,E01022348,Gloucester 004C,Burglary,Investigation complete; no suspect identified,
26ab85c84adc0a34ba15c04e33e49ea57b31f2792648a7282562b429b7f14bae,2022-02,Gloucestershire Constabulary,Gloucestershire Constabulary,-2.270097,51.849916,On or near High View,E01022348,Gloucester 004C,Burglary,Investigation complete; no suspect identified,
cc3d7c93dee85fa9098099bb597659a49290f688f3d9bc31ff6d6074f1c3d1d3,2022-02,Gloucestershire Constabulary,Gloucestershire Constabulary,-2.263317,51.859885,On or near Sports/Recreation Area,E01022348,Gloucester 004C,Burglary,Investigation complete; no suspect identified,
5dd1eaac573a9bbca3e49b0ac5b24a37143896054c56b53e01c39a4913a550b3,2022-02,Gloucestershire Constabulary,Gloucestershire Constabulary,-2.250333,51.859472,On or near Somerset Place,E01022348,Gloucester 004C,Criminal damage and arson,Unable to prosecute suspect,
559484e2fd853094d0b56c023557593b7fd837fa9217be9067b05eb40abcec48,2022-02,Gloucestershire Constabulary,Gloucestershire Constabulary,-2.256717,51.861131,On or near Further/Higher Educational Building,E01022348,Gloucester 004C,Other theft,Investigation complete; no suspect identified,
ad0eaac20fb2b8a1663570b8d18df93f565bddfcea0e265ca73441bb7f842f1c,2022-02,Gloucestershire Constabulary,Gloucestershire Constabulary,-2.256717,51.861131,On or near Further/Higher Educational Building,E01022348,Gloucester 004C,Other theft,Investigation complete; no suspect identified,
d1f0ab9b80279b2c11093fbe7622c390c899dc44daa04dc282b7c9f193a30934,2022-02,Gloucestershire Constabulary,Gloucestershire Constabulary,-2.253307,51.861444,On or near Llanthony Road,E01022348,Gloucester 004C,Public order,Unable to prosecute suspect,
4ffb2fa224f1ed65ce2766d6db85c44ecb4bf54cf3a94ff1f5b9d05a61a62c41,2022-02,Gloucestershire Constabulary,Gloucestershire Constabulary,-2.260535,51.855791,On or near Maritime Court,E01022348,Gloucester 004C,Public order,Unable to prosecute suspect,
1da2956a6221ad257a3e7c0a92ec1086ce220425dbbf8559096dac34dcf18917,2022-02,Gloucestershire Constabulary,Gloucestershire Constabulary,-2.263317,51.859885,On or near Sports/Recreation Area,E01022348,Gloucester 004C,Public order,Unable to prosecute suspect,
cf768281f7546713b70322a9201e4d9282062c8b8c503bc0fc3c5ba470553714,2022-02,Gloucestershire Constabulary,Gloucestershire Constabulary,-2.250358,51.861333,On or near Southgate Street,E01022348,Gloucester 004C,Public order,Investigation complete; no suspect identified,
2f425d9ac87a52933f065461f458fcfad601b37b31e4edcb592c607695a2b7cb,2022-02,Gloucestershire Constabulary,Gloucestershire Constabulary,-2.250870,51.859381,On or near St Lukes Street,E01022348,Gloucester 004C,Public order,Unable to prosecute suspect,
c9247c196b732b733dce2c4ef08a82371abdd141ec5106f1665b89f8d2c507a3,2022-02,Gloucestershire Constabulary,Gloucestershire Constabulary,-2.260354,51.859666,On or near Spinnaker Road,E01022348,Gloucester 004C,Public order,Unable to prosecute suspect,
c454b192a977cf835adcd4b67dd99e263851b498e8cbe7451fdabd021e88930c,2022-02,Gloucestershire Constabulary,Gloucestershire Constabulary,-2.263317,51.859885,On or near Sports/Recreation Area,E01022348,Gloucester 004C,Public order,Unable to prosecute suspect,
e5bd5de770e53ed8d5baafe81a6f2c846d77d415ae0e3d503c72ed22bde9bd4d,2022-02,Gloucestershire Constabulary,Gloucestershire Constabulary,-2.263317,51.859885,On or near Sports/Recreation Area,E01022348,Gloucester 004C,Shoplifting,Offender given a caution,
62b2a4a114d8e3d574588713d2b0a7f732ac35c553adcb63bb9f3295d4a98bf8,2022-02,Gloucestershire Constabulary,Gloucestershire Constabulary,-2.250870,51.859381,On or near St Lukes Street,E01022348,Gloucester 004C,Shoplifting,Unable to prosecute suspect,
62c4c9121845a03f7387a203a83f3c89fd6c54a45da63f690883d591d79d59bb,2022-02,Gloucestershire Constabulary,Gloucestershire Constabulary,-2.263317,51.859885,On or near Sports/Recreation Area,E01022348,Gloucester 004C,Shoplifting,Unable to prosecute suspect,
68131474c1f0cac4d86e6ff20e539018d6d7e5db4e5ce6e6ecf8009f841e635f,2022-02,Gloucestershire Constabulary,Gloucestershire Constabulary,-2.263317,51.859885,On or near Sports/Recreation Area,E01022348,Gloucester 004C,Shoplifting,Court result unavailable,
1d7c38336f692c7e48a59dfc7ff4c987ecdb3b03c025572f0aaff5309dda864e,2022-02,Gloucestershire Constabulary,Gloucestershire Constabulary,-2.263317,51.859885,On or near Sports/Recreation Area,E01022348,Gloucester 004C,Shoplifting,Unable to prosecute suspect,
4306038fc14a736abd6f524552b862ea3da61793b866e4f68f3de5b3d2939f81,2022-02,Gloucestershire Constabulary,Gloucestershire Constabulary,-2.263317,51.859885,On or near Sports/Recreation Area,E01022348,Gloucester 004C,Shoplifting,Unable to prosecute suspect,
113a5d7da892b971342047d22dbc8e197b4dd5aa3256d297d5fb73498ca52f64,2022-02,Gloucestershire Constabulary,Gloucestershire Constabulary,-2.258838,51.858645,On or near Petrol Station,E01022348,Gloucester 004C,Shoplifting,Court result unavailable,
bafb1a9fccb9184cb52423dcdb4bbf3ab268ec14293a7725123d4e3a689f1848,2022-02,Gloucestershire Constabulary,Gloucestershire Constabulary,-2.266092,51.855149,On or near Honeythorn Close,E01022348,Gloucester 004C,Vehicle crime,Investigation complete; no suspect identified,
8f324465cbda6236085972f0d1882fb02fab5a8869b56536f4ca5c546eae9564,2022-02,Gloucestershire Constabulary,Gloucestershire Constabulary,-2.260751,51.858011,On or near Hempsted Lane,E01022348,Gloucester 004C,Vehicle crime,Investigation complete; no suspect identified,
930ee2ee8b66ceefe62023282c2260296efc6fabc2fd8c198e270801bee0f535,2022-02,Gloucestershire Constabulary,Gloucestershire Constabulary,-2.250870,51.859381,On or near St Lukes Street,E01022348,Gloucester 004C,Violence and sexual offences,Unable to prosecute suspect,
ed6a9394bcb400609bf6706c1173e1b5feab5ba5b12276390228918172b5388f,2022-02,Gloucestershire Constabulary,Gloucestershire Constabulary,-2.250358,51.861333,On or near Southgate Street,E01022348,Gloucester 004C,Violence and sexual offences,Unable to prosecute suspect,
affb7e20b6a5e32e080f6a0435d2f1c8d44ef52e44b33edbd431b824754ac42e,2022-02,Gloucestershire Constabulary,Gloucestershire Constabulary,-2.250358,51.861333,On or near Southgate Street,E01022348,Gloucester 004C,Violence and sexual offences,Unable to prosecute suspect,
c8c6e4d71b77f20610b75d4236a3fde057c6de37c8050146172a866a789a7d68,2022-02,Gloucestershire Constabulary,Gloucestershire Constabulary,-2.250358,51.861333,On or near Southgate Street,E01022348,Gloucester 004C,Violence and sexual offences,Unable to prosecute suspect,
02109fa0a60580ba5d97c21b7cb839417c4f4d08c9f2371026dbe90e50454bdd,2022-02,Gloucestershire Constabulary,Gloucestershire Constabulary,-2.260814,51.853866,On or near Wharfside Close,E01022348,Gloucester 004C,Violence and sexual offences,Unable to prosecute suspect,
6cc0bdf07f6ce3b9bafa2a0614c6b419a8217aa1c8304c3877af3b44a440712b,2022-02,Gloucestershire Constabulary,Gloucestershire Constabulary,-2.253307,51.861444,On or near Llanthony Road,E01022348,Gloucester 004C,Violence and sexual offences,Unable to prosecute suspect,
175d0c027ab56f0e1cde225a125af36a499670d6a4966ec6b01e97c500c5e692,2022-02,Gloucestershire Constabulary,Gloucestershire Constabulary,-2.261623,51.850763,On or near Garlandstone Walk,E01022348,Gloucester 004C,Violence and sexual offences,Unable to prosecute suspect,
4cbb52d739096be72c1d825a8fadd1225c457bb1df8aa0d68df4424de2dd73b9,2022-02,Gloucestershire Constabulary,Gloucestershire Constabulary,-2.260814,51.853866,On or near Wharfside Close,E01022348,Gloucester 004C,Violence and sexual offences,Unable to prosecute suspect,
a0edc44adbb5c05cb0d01f932d77694b2ee1746c80f4e1239a85219fddbdccd8,2022-02,Gloucestershire Constabulary,Gloucestershire Constabulary,-2.251646,51.860495,On or near Church Street,E01022348,Gloucester 004C,Violence and sexual offences,Unable to prosecute suspect,
e51e5b859125ab3650b09f2b10a96309577b41fb18a4139819e7742838c338e7,2022-02,Gloucestershire Constabulary,Gloucestershire Constabulary,-2.253307,51.861444,On or near Llanthony Road,E01022348,Gloucester 004C,Violence and sexual offences,Unable to prosecute suspect,
157e7a228509223075860f311b52af0b29f0d45b20e3e1c3c04d8ff35866b865,2022-02,Gloucestershire Constabulary,Gloucestershire Constabulary,-2.250000,51.859617,On or near The Chestnuts,E01022348,Gloucester 004C,Violence and sexual offences,Unable to prosecute suspect,
8dc0a3d48a8be9eebcd7ce07ef8fd6752a5103beaa18f28fa761b7911821446e,2022-02,Gloucestershire Constabulary,Gloucestershire Constabulary,-2.250870,51.859381,On or near St Lukes Street,E01022348,Gloucester 004C,Violence and sexual offences,Investigation complete; no suspect identified,
8559c50989142ca46568dc30c267bcc84e3d10379f0613da593b00ccffab7795,2022-02,Gloucestershire Constabulary,Gloucestershire Constabulary,-2.260814,51.853866,On or near Wharfside Close,E01022348,Gloucester 004C,Violence and sexual offences,Unable to prosecute suspect,
02bd3076fe8e1d7a0de15440fd227b680c3dbbf3f41bdd81e2de02771212f378,2022-02,Gloucestershire Constabulary,Gloucestershire Constabulary,-2.260814,51.853866,On or near Wharfside Close,E01022348,Gloucester 004C,Violence and sexual offences,Unable to prosecute suspect,
c0808ed99e9678d5fe4cd1e722c29f1b8c5a8734f2041ced47334143e969bafb,2022-02,Gloucestershire Constabulary,Gloucestershire Constabulary,-2.251646,51.860495,On or near Church Street,E01022348,Gloucester 004C,Violence and sexual offences,Unable to prosecute suspect,
085bd946ea51a49ec78e5c7089886f0fd1df3cb4deadb8c5dcd3df0ab04f5929,2022-02,Gloucestershire Constabulary,Gloucestershire Constabulary,-2.268327,51.850127,On or near Hilton Close,E01022348,Gloucester 004C,Violence and sexual offences,Unable to prosecute suspect,
3e291cd6df1c2bd20ed1ba6fafb3760365207db3d591d5973827d21f13c52f76,2022-02,Gloucestershire Constabulary,Gloucestershire Constabulary,-2.264932,51.847986,On or near The Forge,E01022348,Gloucester 004C,Violence and sexual offences,Unable to prosecute suspect,
9ab2da06be3d5840370d5977a48139710b876153db8dbebfb8fa2920c491db55,2022-02,Gloucestershire Constabulary,Gloucestershire Constabulary,-2.250358,51.861333,On or near Southgate Street,E01022348,Gloucester 004C,Violence and sexual offences,Unable to prosecute suspect,
cb699458f51fab27c450aee7870e395ba25c826b48922069208832df6585529e,2022-02,Gloucestershire Constabulary,Gloucestershire Constabulary,-2.260535,51.855791,On or near Maritime Court,E01022348,Gloucester 004C,Violence and sexual offences,Action to be taken by another organisation,
4b353a202df164c33e04655a0cfe3f014df9ccf277e442caf3b7b597e9644725,2022-02,Gloucestershire Constabulary,Gloucestershire Constabulary,-2.260535,51.855791,On or near Maritime Court,E01022348,Gloucester 004C,Violence and sexual offences,Action to be taken by another organisation,
b060dacf548693ba6762eae397d4d8df233243b88bbe44276a18bdf9ecd8d174,2022-02,Gloucestershire Constabulary,Gloucestershire Constabulary,-2.260535,51.855791,On or near Maritime Court,E01022348,Gloucester 004C,Violence and sexual offences,Action to be taken by another organisation,
3ccad9a60b1ee576f760f4ab536b2678ffe667a87950e2a256af31bbae6fdbe2,2022-02,Gloucestershire Constabulary,Gloucestershire Constabulary,-2.250870,51.859381,On or near St Lukes Street,E01022348,Gloucester 004C,Violence and sexual offences,Unable to prosecute suspect,
31cfe5cd1c1ce23ee0961ee2f66fb8df732a5620bbc20f322da05eae279ccfc6,2022-02,Gloucestershire Constabulary,Gloucestershire Constabulary,-2.253307,51.861444,On or near Llanthony Road,E01022348,Gloucester 004C,Violence and sexual offences,Unable to prosecute suspect,
9b4cba8150d87100145a2a7fddea5aa1a661479255cbc86826a73d44bc946802,2022-02,Gloucestershire Constabulary,Gloucestershire Constabulary,-2.268327,51.850127,On or near Hilton Close,E01022348,Gloucester 004C,Violence and sexual offences,Unable to prosecute suspect,
81535c0fdf20b646406b5d715350792b5ba960f130c7a46286f8b36ef3fbe2a2,2022-02,Gloucestershire Constabulary,Gloucestershire Constabulary,-2.260535,51.855791,On or near Maritime Court,E01022348,Gloucester 004C,Violence and sexual offences,Action to be taken by another organisation,
29f20dab882223c1fc4b08ad5cd869e337e18c1689cb3d573440f57edca5d8a0,2022-02,Gloucestershire Constabulary,Gloucestershire Constabulary,-2.262629,51.851489,On or near Secunda Way,E01022348,Gloucester 004C,Violence and sexual offences,Unable to prosecute suspect,
,2022-02,Gloucestershire Constabulary,Gloucestershire Constabulary,-2.250820,51.868624,On or near Clare Street,E01032932,Gloucester 004E,Anti-social behaviour,,
,2022-02,Gloucestershire Constabulary,Gloucestershire Constabulary,-2.249165,51.871460,On or near Supermarket,E01032932,Gloucester 004E,Anti-social behaviour,,
,2022-02,Gloucestershire Constabulary,Gloucestershire Constabulary,-2.247128,51.875995,On or near Longhorn Avenue,E01032932,Gloucester 004E,Anti-social behaviour,,
,2022-02,Gloucestershire Constabulary,Gloucestershire Constabulary,-2.246459,51.875844,On or near Shopping Area,E01032932,Gloucester 004E,Anti-social behaviour,,
,2022-02,Gloucestershire Constabulary,Gloucestershire Constabulary,-2.257483,51.870624,On or near Alney Terrace,E01032932,Gloucester 004E,Anti-social behaviour,,
,2022-02,Gloucestershire Constabulary,Gloucestershire Constabulary,-2.255057,51.873038,On or near Sports/Recreation Area,E01032932,Gloucester 004E,Anti-social behaviour,,
,2022-02,Gloucestershire Constabulary,Gloucestershire Constabulary,-2.252959,51.864097,On or near Shopping Area,E01032932,Gloucester 004E,Anti-social behaviour,,
,2022-02,Gloucestershire Constabulary,Gloucestershire Constabulary,-2.255544,51.866807,On or near Castle Meads Way,E01032932,Gloucester 004E,Anti-social behaviour,,
9a3bad886c324a6049d3d4b4de0807cb1656d72ce3e720350e66aff37aee61fc,2022-02,Gloucestershire Constabulary,Gloucestershire Constabulary,-2.252959,51.864097,On or near Shopping Area,E01032932,Gloucester 004E,Bicycle theft,Investigation complete; no suspect identified,
9ed0d8b99904f9bcabc72163aedec2a0b1c892bb74a53fd278638a6c732ce0b6,2022-02,Gloucestershire Constabulary,Gloucestershire Constabulary,-2.250820,51.868624,On or near Clare Street,E01032932,Gloucester 004E,Bicycle theft,Investigation complete; no suspect identified,
0223b9fb71081d3ed060227055e2a706039eec4bc8dd778fd8a160646cd7eb6c,2022-02,Gloucestershire Constabulary,Gloucestershire Constabulary,-2.250820,51.868624,On or near Clare Street,E01032932,Gloucester 004E,Burglary,Investigation complete; no suspect identified,
2e10d9ce3ad745f8d2e8a9aeada9be63272133fe3252b513dda4a0f77603a3a4,2022-02,Gloucestershire Constabulary,Gloucestershire Constabulary,-2.250241,51.868949,On or near Archdeacon Court,E01032932,Gloucester 004E,Criminal damage and arson,Investigation complete; no suspect identified,
1a45c9c1cb47dc33a68e1c8ad991fa7bb9d62b531b8d4cf5a2d16b634acbc330,2022-02,Gloucestershire Constabulary,Gloucestershire Constabulary,-2.245788,51.875306,On or near Suffolk Drive,E01032932,Gloucester 004E,Criminal damage and arson,Investigation complete; no suspect identified,
c1949b1371c082b668f0d686afbfafee598bd779c4e0b3905ae3cbe9584478e0,2022-02,Gloucestershire Constabulary,Gloucestershire Constabulary,-2.249165,51.871460,On or near Supermarket,E01032932,Gloucester 004E,Other theft,Investigation complete; no suspect identified,
4690fe3c677e7414dcae10ce3cc646475b6f2dc27735e839ca8b76a7f71ee06f,2022-02,Gloucestershire Constabulary,Gloucestershire Constabulary,-2.247128,51.875995,On or near Longhorn Avenue,E01032932,Gloucester 004E,Other theft,Investigation complete; no suspect identified,
290873830bc83be0a721086c1877883db2492e99365b493c6dddb00e77340586,2022-02,Gloucestershire Constabulary,Gloucestershire Constabulary,-2.249165,51.871460,On or near Supermarket,E01032932,Gloucester 004E,Other theft,Investigation complete; no suspect identified,
0a2467b8433528b233b258b99253bf342795e8bc74e5babb0055f241b112369a,2022-02,Gloucestershire Constabulary,Gloucestershire Constabulary,-2.246459,51.875844,On or near Shopping Area,E01032932,Gloucester 004E,Other theft,Unable to prosecute suspect,
a1ca410ae3c573a215a99932de94dd5f18b41d211016a9354241e7285264681c,2022-02,Gloucestershire Constabulary,Gloucestershire Constabulary,-2.249165,51.871460,On or near Supermarket,E01032932,Gloucester 004E,Other theft,Investigation complete; no suspect identified,
4d7288b859291fbe761811bd1eb996bf9efa51debafcf4b770572c637fc4c8da,2022-02,Gloucestershire Constabulary,Gloucestershire Constabulary,-2.245788,51.875306,On or near Suffolk Drive,E01032932,Gloucester 004E,Public order,Unable to prosecute suspect,
d573a3e695d7934dd881722688d92e3dbd7fdc1885ec7a2c8a619dc15de7f83b,2022-02,Gloucestershire Constabulary,Gloucestershire Constabulary,-2.247128,51.875995,On or near Longhorn Avenue,E01032932,Gloucester 004E,Shoplifting,Unable to prosecute suspect,
6448de1decfd0f1366a2320c267044d224eff291d6dd246bd96b9c8b051cb8e5,2022-02,Gloucestershire Constabulary,Gloucestershire Constabulary,-2.245788,51.875306,On or near Suffolk Drive,E01032932,Gloucester 004E,Shoplifting,Unable to prosecute suspect,
cc245ae255f48d34f25cfec31c6ee2a81216d5298b12a02cfab9827395d2e1fa,2022-02,Gloucestershire Constabulary,Gloucestershire Constabulary,-2.247128,51.875995,On or near Longhorn Avenue,E01032932,Gloucester 004E,Shoplifting,Court result unavailable,
6d48294d92a532134ddd7d1d5a14768ccd2cb2fd271aa76db402b3a9b13f89b2,2022-02,Gloucestershire Constabulary,Gloucestershire Constabulary,-2.255629,51.868973,On or near Petrol Station,E01032932,Gloucester 004E,Vehicle crime,Investigation complete; no suspect identified,
37b2f198f6bbd5d3f9559af27546f1ff1a50e21d7989d0e8253f7e072858c2d4,2022-02,Gloucestershire Constabulary,Gloucestershire Constabulary,-2.250820,51.868624,On or near Clare Street,E01032932,Gloucester 004E,Violence and sexual offences,Investigation complete; no suspect identified,
c9089558e55106c0093fc5098daa8a9fa12c04c562dc2393f72d1ed3e2ba53cf,2022-02,Gloucestershire Constabulary,Gloucestershire Constabulary,-2.255629,51.868973,On or near Petrol Station,E01032932,Gloucester 004E,Violence and sexual offences,Investigation complete; no suspect identified,
582e0118347ef291639b93c0bde931aceef57b20c7c17eeb084b3971c98fedd9,2022-02,Gloucestershire Constabulary,Gloucestershire Constabulary,-2.250820,51.868624,On or near Clare Street,E01032932,Gloucester 004E,Violence and sexual offences,Court result unavailable,
8071a6b04659e9a4392b6c0d6604c41fe85892cd8a4355fbcddd2fc252b2d75c,2022-02,Gloucestershire Constabulary,Gloucestershire Constabulary,-2.247128,51.875995,On or near Longhorn Avenue,E01032932,Gloucester 004E,Violence and sexual offences,Unable to prosecute suspect,
24cfa55da200969388f0631a39729677153ea3d646c8539bf9651836dd1ecd85,2022-02,Gloucestershire Constabulary,Gloucestershire Constabulary,-2.249846,51.868491,On or near Archdeacon Street,E01032932,Gloucester 004E,Violence and sexual offences,Unable to prosecute suspect,
3f606eb2b1592918a3754d062b3fbbd0564ef8ee8accb041e9ba90b709ba9f96,2022-02,Gloucestershire Constabulary,Gloucestershire Constabulary,-2.250820,51.868624,On or near Clare Street,E01032932,Gloucester 004E,Violence and sexual offences,Court result unavailable,
d20abbc125127211d6093cd50faf96ed10adab7390d516958528efbcb1ef8205,2022-02,Gloucestershire Constabulary,Gloucestershire Constabulary,-2.255057,51.873038,On or near Sports/Recreation Area,E01032932,Gloucester 004E,Violence and sexual offences,Unable to prosecute suspect,
9d85cd07b840fa57684aeac31cb48a07ede3e33640f6fd5713ef3b063da74b59,2022-02,Gloucestershire Constabulary,Gloucestershire Constabulary,-2.249165,51.871460,On or near Supermarket,E01032932,Gloucester 004E,Violence and sexual offences,Unable to prosecute suspect,
8bb4f3073cb1e008715ef434f8fa5abc7c918dbd9d97769f828c65d94f781a51,2022-02,Gloucestershire Constabulary,Gloucestershire Constabulary,-2.247128,51.875995,On or near Longhorn Avenue,E01032932,Gloucester 004E,Violence and sexual offences,Unable to prosecute suspect,
8b1059e1fdfa75fb4e81bf37dfea67f1d975df856dbd988c633c939da9498dfd,2022-02,Gloucestershire Constabulary,Gloucestershire Constabulary,-2.247128,51.875995,On or near Longhorn Avenue,E01032932,Gloucester 004E,Violence and sexual offences,Unable to prosecute suspect,
20bfb2c64ddd4cdc8981ce45a40581a663c34db0f81ce8d5e4036ca89747c5a0,2022-02,Gloucestershire Constabulary,Gloucestershire Constabulary,-2.246459,51.875844,On or near Shopping Area,E01032932,Gloucester 004E,Violence and sexual offences,Unable to prosecute suspect,
1eaed5a19d3e6d183a910b5fea8b0d2414a0d72624a357a0de423f0cd5fb5173,2022-02,Gloucestershire Constabulary,Gloucestershire Constabulary,-2.255057,51.873038,On or near Sports/Recreation Area,E01032932,Gloucester 004E,Violence and sexual offences,Unable to prosecute suspect,
,2022-02,Gloucestershire Constabulary,Gloucestershire Constabulary,-2.241086,51.865246,On or near Supermarket,E01032937,Gloucester 004F,Anti-social behaviour,,
,2022-02,Gloucestershire Constabulary,Gloucestershire Constabulary,-2.240396,51.863971,On or near Bedford Street,E01032937,Gloucester 004F,Anti-social behaviour,,
,2022-02,Gloucestershire Constabulary,Gloucestershire Constabulary,-2.247498,51.864136,On or near Southgate Street,E01032937,Gloucester 004F,Anti-social behaviour,,
,2022-02,Gloucestershire Constabulary,Gloucestershire Constabulary,-2.246253,51.864840,On or near Parking Area,E01032937,Gloucester 004F,Anti-social behaviour,,
,2022-02,Gloucestershire Constabulary,Gloucestershire Constabulary,-2.243157,51.864208,On or near Parking Area,E01032937,Gloucester 004F,Anti-social behaviour,,
,2022-02,Gloucestershire Constabulary,Gloucestershire Constabulary,-2.241086,51.865246,On or near Supermarket,E01032937,Gloucester 004F,Anti-social behaviour,,
,2022-02,Gloucestershire Constabulary,Gloucestershire Constabulary,-2.244251,51.865167,On or near New Inn Lane,E01032937,Gloucester 004F,Anti-social behaviour,,
,2022-02,Gloucestershire Constabulary,Gloucestershire Constabulary,-2.241977,51.863662,On or near Parking Area,E01032937,Gloucester 004F,Anti-social behaviour,,
,2022-02,Gloucestershire Constabulary,Gloucestershire Constabulary,-2.241977,51.863662,On or near Parking Area,E01032937,Gloucester 004F,Anti-social behaviour,,
,2022-02,Gloucestershire Constabulary,Gloucestershire Constabulary,-2.247767,51.865439,On or near Bull Lane,E01032937,Gloucester 004F,Anti-social behaviour,,
,2022-02,Gloucestershire Constabulary,Gloucestershire Constabulary,-2.241977,51.863662,On or near Parking Area,E01032937,Gloucester 004F,Anti-social behaviour,,
,2022-02,Gloucestershire Constabulary,Gloucestershire Constabulary,-2.247498,51.864136,On or near Southgate Street,E01032937,Gloucester 004F,Anti-social behaviour,,
,2022-02,Gloucestershire Constabulary,Gloucestershire Constabulary,-2.243157,51.864208,On or near Parking Area,E01032937,Gloucester 004F,Anti-social behaviour,,
,2022-02,Gloucestershire Constabulary,Gloucestershire Constabulary,-2.243487,51.866140,On or near St Aldate Street,E01032937,Gloucester 004F,Anti-social behaviour,,
,2022-02,Gloucestershire Constabulary,Gloucestershire Constabulary,-2.241855,51.865172,On or near Shopping Area,E01032937,Gloucester 004F,Anti-social behaviour,,
,2022-02,Gloucestershire Constabulary,Gloucestershire Constabulary,-2.243321,51.864981,On or near Supermarket,E01032937,Gloucester 004F,Anti-social behaviour,,
,2022-02,Gloucestershire Constabulary,Gloucestershire Constabulary,-2.243637,51.867093,On or near Supermarket,E01032937,Gloucester 004F,Anti-social behaviour,,
,2022-02,Gloucestershire Constabulary,Gloucestershire Constabulary,-2.243667,51.864530,On or near Parking Area,E01032937,Gloucester 004F,Anti-social behaviour,,
,2022-02,Gloucestershire Constabulary,Gloucestershire Constabulary,-2.241218,51.862872,On or near Eastgate Street,E01032937,Gloucester 004F,Anti-social behaviour,,
,2022-02,Gloucestershire Constabulary,Gloucestershire Constabulary,-2.243487,51.866140,On or near St Aldate Street,E01032937,Gloucester 004F,Anti-social behaviour,,
,2022-02,Gloucestershire Constabulary,Gloucestershire Constabulary,-2.239884,51.863198,On or near Nettleton Road,E01032937,Gloucester 004F,Anti-social behaviour,,
,2022-02,Gloucestershire Constabulary,Gloucestershire Constabulary,-2.251204,51.867221,On or near Lower Quay Street,E01032937,Gloucester 004F,Anti-social behaviour,,
,2022-02,Gloucestershire Constabulary,Gloucestershire Constabulary,-2.241977,51.863662,On or near Parking Area,E01032937,Gloucester 004F,Anti-social behaviour,,
,2022-02,Gloucestershire Constabulary,Gloucestershire Constabulary,-2.241977,51.863662,On or near Parking Area,E01032937,Gloucester 004F,Anti-social behaviour,,
,2022-02,Gloucestershire Constabulary,Gloucestershire Constabulary,-2.241218,51.862872,On or near Eastgate Street,E01032937,Gloucester 004F,Anti-social behaviour,,
,2022-02,Gloucestershire Constabulary,Gloucestershire Constabulary,-2.244030,51.864574,On or near Parking Area,E01032937,Gloucester 004F,Anti-social behaviour,,
,2022-02,Gloucestershire Constabulary,Gloucestershire Constabulary,-2.241977,51.863662,On or near Parking Area,E01032937,Gloucester 004F,Anti-social behaviour,,
,2022-02,Gloucestershire Constabulary,Gloucestershire Constabulary,-2.249949,51.866099,On or near Bearland,E01032937,Gloucester 004F,Anti-social behaviour,,
,2022-02,Gloucestershire Constabulary,Gloucestershire Constabulary,-2.241218,51.862872,On or near Eastgate Street,E01032937,Gloucester 004F,Anti-social behaviour,,
,2022-02,Gloucestershire Constabulary,Gloucestershire Constabulary,-2.245781,51.863420,On or near Shopping Area,E01032937,Gloucester 004F,Anti-social behaviour,,
,2022-02,Gloucestershire Constabulary,Gloucestershire Constabulary,-2.251204,51.867221,On or near Lower Quay Street,E01032937,Gloucester 004F,Anti-social behaviour,,
,2022-02,Gloucestershire Constabulary,Gloucestershire Constabulary,-2.247875,51.866688,On or near College Street,E01032937,Gloucester 004F,Anti-social behaviour,,
,2022-02,Gloucestershire Constabulary,Gloucestershire Constabulary,-2.243157,51.864208,On or near Parking Area,E01032937,Gloucester 004F,Anti-social behaviour,,
,2022-02,Gloucestershire Constabulary,Gloucestershire Constabulary,-2.241977,51.863662,On or near Parking Area,E01032937,Gloucester 004F,Anti-social behaviour,,
,2022-02,Gloucestershire Constabulary,Gloucestershire Constabulary,-2.241086,51.865246,On or near Supermarket,E01032937,Gloucester 004F,Anti-social behaviour,,
,2022-02,Gloucestershire Constabulary,Gloucestershire Constabulary,-2.243487,51.866140,On or near St Aldate Street,E01032937,Gloucester 004F,Anti-social behaviour,,
,2022-02,Gloucestershire Constabulary,Gloucestershire Constabulary,-2.241977,51.863662,On or near Parking Area,E01032937,Gloucester 004F,Anti-social behaviour,,
,2022-02,Gloucestershire Constabulary,Gloucestershire Constabulary,-2.242432,51.864542,On or near Clarence Street,E01032937,Gloucester 004F,Anti-social behaviour,,
,2022-02,Gloucestershire Constabulary,Gloucestershire Constabulary,-2.240286,51.865023,On or near Bruton Way,E01032937,Gloucester 004F,Anti-social behaviour,,
,2022-02,Gloucestershire Constabulary,Gloucestershire Constabulary,-2.239581,51.863613,On or near Parking Area,E01032937,Gloucester 004F,Anti-social behaviour,,
dce86f21e571be68b97a7d46b1a88c039076ffd8433ebfae630f54b7f576588f,2022-02,Gloucestershire Constabulary,Gloucestershire Constabulary,-2.247683,51.868631,On or near St Mary'S Street,E01032937,Gloucester 004F,Bicycle theft,Investigation complete; no suspect identified,
586bc826e0ae70d6e91076134aff8fddccff6d2d805491e20925612fe02d446e,2022-02,Gloucestershire Constabulary,Gloucestershire Constabulary,-2.241819,51.866575,On or near Spread Eagle Road,E01032937,Gloucester 004F,Burglary,Investigation complete; no suspect identified,
fa0c2bd7e69f0557f9887c4543d7985011410703a876c607307fa7b269a03131,2022-02,Gloucestershire Constabulary,Gloucestershire Constabulary,-2.251204,51.867221,On or near Lower Quay Street,E01032937,Gloucester 004F,Burglary,Investigation complete; no suspect identified,
8e072bf6887e94191fc2d94cb20d41c34edbba6f63451d47e170230ea679d91e,2022-02,Gloucestershire Constabulary,Gloucestershire Constabulary,-2.242783,51.867598,On or near Worcester Street,E01032937,Gloucester 004F,Burglary,Unable to prosecute suspect,
58b362168366269421ff5171f1554eb3cced65a9c75614d8c12cfdafe39ffb36,2022-02,Gloucestershire Constabulary,Gloucestershire Constabulary,-2.251667,51.866923,On or near Quay Street,E01032937,Gloucester 004F,Burglary,Investigation complete; no suspect identified,
eda71cbc6591ea5a41e80dc85abcb101f802cb63ad74d09ccc306a75733cb7a8,2022-02,Gloucestershire Constabulary,Gloucestershire Constabulary,-2.251803,51.867831,On or near Westgate Street,E01032937,Gloucester 004F,Criminal damage and arson,Investigation complete; no suspect identified,
d0d5b945745f349513d85b77ca6ae1ea2515a128ce42f07f6eaaa01ead6b06d7,2022-02,Gloucestershire Constabulary,Gloucestershire Constabulary,-2.242432,51.864542,On or near Clarence Street,E01032937,Gloucester 004F,Criminal damage and arson,Unable to prosecute suspect,
4f055064e3283402b18679717032b96d09d4939cf9d963e33317b77fc3d14a62,2022-02,Gloucestershire Constabulary,Gloucestershire Constabulary,-2.241093,51.863906,On or near Russell Street,E01032937,Gloucester 004F,Criminal damage and arson,Unable to prosecute suspect,
0cd630bafe85f65099e2162aae692cfa7cb3686fe9df0bfb291094ec51b45fc1,2022-02,Gloucestershire Constabulary,Gloucestershire Constabulary,-2.240396,51.863971,On or near Bedford Street,E01032937,Gloucester 004F,Criminal damage and arson,Unable to prosecute suspect,
139f1b8efb7af62e4bc0f10f21aea8b9fd66fe722f51ed2df632d91bd1268d29,2022-02,Gloucestershire Constabulary,Gloucestershire Constabulary,-2.243637,51.867093,On or near Supermarket,E01032937,Gloucester 004F,Criminal damage and arson,Unable to prosecute suspect,
06ddb8919a9ef063b8bbd47db49ae0cb9f7a542ad303bdcacc3bbfa53ff6f077,2022-02,Gloucestershire Constabulary,Gloucestershire Constabulary,-2.247461,51.865260,On or near Cross Keys Lane,E01032937,Gloucester 004F,Criminal damage and arson,Investigation complete; no suspect identified,
1c23a0713818a0094c52a2254ae14177cf4968b5886dda89580635193c8b8a6b,2022-02,Gloucestershire Constabulary,Gloucestershire Constabulary,-2.251204,51.867221,On or near Lower Quay Street,E01032937,Gloucester 004F,Criminal damage and arson,Investigation complete; no suspect identified,
b8d478acfed277a99acf1b42db1c7502cf6769bf36fdfa368d7da489eded115e,2022-02,Gloucestershire Constabulary,Gloucestershire Constabulary,-2.246253,51.864840,On or near Parking Area,E01032937,Gloucester 004F,Criminal damage and arson,Unable to prosecute suspect,
fdc927fa7ca20ac95ee2e1a2bd9061e3cbeda598ee6663f9a16ea884ccd4f226,2022-02,Gloucestershire Constabulary,Gloucestershire Constabulary,-2.247461,51.865260,On or near Cross Keys Lane,E01032937,Gloucester 004F,Criminal damage and arson,Investigation complete; no suspect identified,
430aba0764b72cfdaedc6a03619943ab6daeca1550033a7a8948d42aaa225c11,2022-02,Gloucestershire Constabulary,Gloucestershire Constabulary,-2.241855,51.865172,On or near Shopping Area,E01032937,Gloucester 004F,Other theft,Local resolution,
692fc2bb9d112d3bfd565455e13f2e09af6702f3a0580555279f65b8436b6a14,2022-02,Gloucestershire Constabulary,Gloucestershire Constabulary,-2.247498,51.864136,On or near Southgate Street,E01032937,Gloucester 004F,Other theft,Investigation complete; no suspect identified,
62fcd5813202b7602b9fd5481eec16dd5116e7a6d66722052c7dc824f89c857a,2022-02,Gloucestershire Constabulary,Gloucestershire Constabulary,-2.243487,51.866140,On or near St Aldate Street,E01032937,Gloucester 004F,Other theft,Investigation complete; no suspect identified,
a2a91b71d0a554ea783993c04a4bfb676233c02a2297c7b4483d5bb226d55375,2022-02,Gloucestershire Constabulary,Gloucestershire Constabulary,-2.241218,51.862872,On or near Eastgate Street,E01032937,Gloucester 004F,Other theft,Investigation complete; no suspect identified,
9bb68dfb9ded7b72c0582ff6b584fefa18249a99031c24438591f70282db7cd8,2022-02,Gloucestershire Constabulary,Gloucestershire Constabulary,-2.251667,51.866923,On or near Quay Street,E01032937,Gloucester 004F,Other theft,Investigation complete; no suspect identified,
1dc480978bac08b9b13e74941ce18a7894221b2717d529312a7387b40312096f,2022-02,Gloucestershire Constabulary,Gloucestershire Constabulary,-2.243157,51.864208,On or near Parking Area,E01032937,Gloucester 004F,Other theft,Unable to prosecute suspect,
2b92742d44130529e4a19106c40638a25a4b521ef83d2673e37400e9cb8bfe51,2022-02,Gloucestershire Constabulary,Gloucestershire Constabulary,-2.241093,51.863906,On or near Russell Street,E01032937,Gloucester 004F,Other theft,Unable to prosecute suspect,
bb4ba9a705ab56cf7d6a201101b16729acb6d65bab47e282969d2d21b07e864e,2022-02,Gloucestershire Constabulary,Gloucestershire Constabulary,-2.241855,51.865172,On or near Shopping Area,E01032937,Gloucester 004F,Other theft,Investigation complete; no suspect identified,
590b92c37c40e52a8808731dd78d26ca565cd30d9a626365e4655ef511732615,2022-02,Gloucestershire Constabulary,Gloucestershire Constabulary,-2.243487,51.866140,On or near St Aldate Street,E01032937,Gloucester 004F,Other theft,Investigation complete; no suspect identified,
4c5e9de2f00b353f456b0dfbf691ebb2b2602c0245ed7cdb481859674f0925c8,2022-02,Gloucestershire Constabulary,Gloucestershire Constabulary,-2.242783,51.867598,On or near Worcester Street,E01032937,Gloucester 004F,Other theft,Investigation complete; no suspect identified,
e1ba3e6987fccc7924b7d5b21fc5e2e5ebb8729b154302ae115db4165074a753,2022-02,Gloucestershire Constabulary,Gloucestershire Constabulary,-2.243157,51.864208,On or near Parking Area,E01032937,Gloucester 004F,Possession of weapons,Unable to prosecute suspect,
a388173cc5595a371eefcc1f90225ba6067f701d0a61098e4c230ca4a25ab1ac,2022-02,Gloucestershire Constabulary,Gloucestershire Constabulary,-2.245781,51.863420,On or near Shopping Area,E01032937,Gloucester 004F,Public order,Investigation complete; no suspect identified,
a3170eaa2b1c8c2289ddb77e84092c8f75ce12cfe087c2a7963534e5e39ddcc8,2022-02,Gloucestershire Constabulary,Gloucestershire Constabulary,-2.243637,51.867093,On or near Supermarket,E01032937,Gloucester 004F,Public order,Investigation complete; no suspect identified,
ed30bad2f4c9de58a98d8eb651b86eb6a41feaf4ff0da7c262f91e5eb3c77806,2022-02,Gloucestershire Constabulary,Gloucestershire Constabulary,-2.243010,51.866725,On or near Northgate Street,E01032937,Gloucester 004F,Public order,Unable to prosecute suspect,
7f210d8cff87dce66137029bd7a5ff4d56e84f3d63008e4cfe1a9126b164111d,2022-02,Gloucestershire Constabulary,Gloucestershire Constabulary,-2.245750,51.865839,On or near Shopping Area,E01032937,Gloucester 004F,Public order,Unable to prosecute suspect,
9c69dd60d8864340ba174e268dd1ee205c8cadd91dd048c9744f8b92a76d216d,2022-02,Gloucestershire Constabulary,Gloucestershire Constabulary,-2.245750,51.865839,On or near Shopping Area,E01032937,Gloucester 004F,Public order,Investigation complete; no suspect identified,
9d74e7d9a425f1ab088c405a9c67a764b709d6ade72cc9d27b938f1c676cc170,2022-02,Gloucestershire Constabulary,Gloucestershire Constabulary,-2.245750,51.865839,On or near Shopping Area,E01032937,Gloucester 004F,Public order,Unable to prosecute suspect,
5bcf42311ba69912dc2a0146e08e50eb590732550849dc225756d4caffae2cc0,2022-02,Gloucestershire Constabulary,Gloucestershire Constabulary,-2.241218,51.862872,On or near Eastgate Street,E01032937,Gloucester 004F,Public order,Unable to prosecute suspect,
acead4af159a0640bd34e7f49515fe31d7cafc45593554e2add900cc66e9ec27,2022-02,Gloucestershire Constabulary,Gloucestershire Constabulary,-2.243157,51.864208,On or near Parking Area,E01032937,Gloucester 004F,Public order,Investigation complete; no suspect identified,
2054a8015090cf7ecf3e69890a0abf9075b32cbb309aae5de74d1b0595d52848,2022-02,Gloucestershire Constabulary,Gloucestershire Constabulary,-2.243157,51.864208,On or near Parking Area,E01032937,Gloucester 004F,Public order,Unable to prosecute suspect,
71666403165760824eb6e80f0d5b8617355bfdf748a52daa0cb1fdebe252240c,2022-02,Gloucestershire Constabulary,Gloucestershire Constabulary,-2.251803,51.867831,On or near Westgate Street,E01032937,Gloucester 004F,Public order,Unable to prosecute suspect,
bb0613f48ee1201ec1eb18f8e302b293fa0b35d296fd1258fd4940c2f4ad6cab,2022-02,Gloucestershire Constabulary,Gloucestershire Constabulary,-2.241855,51.865172,On or near Shopping Area,E01032937,Gloucester 004F,Public order,Unable to prosecute suspect,
ed2d0e4d44c6f5d5afd8e67aa79f342b32852a56542482442ec153f38ab47c2b,2022-02,Gloucestershire Constabulary,Gloucestershire Constabulary,-2.243157,51.864208,On or near Parking Area,E01032937,Gloucester 004F,Public order,Investigation complete; no suspect identified,
1944fa76cf2128d09c09fae8094a7bb19b9d9ebb06aaff19ff8cdd340c2859d1,2022-02,Gloucestershire Constabulary,Gloucestershire Constabulary,-2.241093,51.863906,On or near Russell Street,E01032937,Gloucester 004F,Public order,Unable to prosecute suspect,
38506c7bab5b7deb4ea91bcd72844b4fdf33ee456954950bfb84e48b0cf9612f,2022-02,Gloucestershire Constabulary,Gloucestershire Constabulary,-2.245159,51.866523,On or near St John'S Lane,E01032937,Gloucester 004F,Public order,Unable to prosecute suspect,
8286c0e9b61c63c19b613503afc59b1b7f7b2a41de91f4a7bd5651f840840877,2022-02,Gloucestershire Constabulary,Gloucestershire Constabulary,-2.241086,51.865246,On or near Supermarket,E01032937,Gloucester 004F,Public order,Unable to prosecute suspect,
4b9482eeb52dd89b67fb5e118a23735ed085b7409d48c9a81cd3d696247265ba,2022-02,Gloucestershire Constabulary,Gloucestershire Constabulary,-2.245750,51.865839,On or near Shopping Area,E01032937,Gloucester 004F,Public order,Unable to prosecute suspect,
84e85441d6d6b4177e987ee2d5ef9d8763cd427c0706a998ef2ccce7c3741fd6,2022-02,Gloucestershire Constabulary,Gloucestershire Constabulary,-2.241095,51.864293,On or near Whitfield Street,E01032937,Gloucester 004F,Public order,Investigation complete; no suspect identified,
dd45fbfa6e7346e4af3d02648b028d01f23f99206d32374b32864d89459402bb,2022-02,Gloucestershire Constabulary,Gloucestershire Constabulary,-2.251803,51.867831,On or near Westgate Street,E01032937,Gloucester 004F,Public order,Investigation complete; no suspect identified,
b75df15626123b1d24218fb59610c70e81d14202c9be66277da566a9b0106467,2022-02,Gloucestershire Constabulary,Gloucestershire Constabulary,-2.244161,51.864547,On or near Shopping Area,E01032937,Gloucester 004F,Public order,Unable to prosecute suspect,
bfd95acfd8c88ede2167c3eb1d68e9b4955661288d74a740a6f6751e485e9a19,2022-02,Gloucestershire Constabulary,Gloucestershire Constabulary,-2.241977,51.863662,On or near Parking Area,E01032937,Gloucester 004F,Public order,Unable to prosecute suspect,
2a0bdcd272fdd8b8f82df472c917ee3f7c9cbdb0b91137e4674f9ae70e0cc4c9,2022-02,Gloucestershire Constabulary,Gloucestershire Constabulary,-2.243487,51.866140,On or near St Aldate Street,E01032937,Gloucester 004F,Public order,Court result unavailable,
45a1e996aec0b3ba07035d249e55a9ee7269e18d8e40b091cc798c614ad56a76,2022-02,Gloucestershire Constabulary,Gloucestershire Constabulary,-2.241086,51.865246,On or near Supermarket,E01032937,Gloucester 004F,Public order,Unable to prosecute suspect,
3a653bc1aa47b138a13e3000d089c5f49c796a4927c3ef30ea4971d32296e2d8,2022-02,Gloucestershire Constabulary,Gloucestershire Constabulary,-2.249949,51.866099,On or near Bearland,E01032937,Gloucester 004F,Public order,Court result unavailable,
9b51dc7e2236ed7c5a4c0e87b9d5485f1309817c507abf42920ea34ae9cef942,2022-02,Gloucestershire Constabulary,Gloucestershire Constabulary,-2.242432,51.864542,On or near Clarence Street,E01032937,Gloucester 004F,Public order,Unable to prosecute suspect,
0d63929a174d5d8451cf8e47a14e1a8b5ef8e486fa96226cfa027e5cea6ae97d,2022-02,Gloucestershire Constabulary,Gloucestershire Constabulary,-2.243487,51.866140,On or near St Aldate Street,E01032937,Gloucester 004F,Public order,Unable to prosecute suspect,
37e46845e2d3b09ec2b6e978ab03429a1631722c33da2ffb2f46e4d285a52617,2022-02,Gloucestershire Constabulary,Gloucestershire Constabulary,-2.243010,51.866725,On or near Northgate Street,E01032937,Gloucester 004F,Public order,Unable to prosecute suspect,
d5596376d7f046feb081c9e032ddd19ddd45b7e315cba4911a310feef48051a2,2022-02,Gloucestershire Constabulary,Gloucestershire Constabulary,-2.241086,51.865246,On or near Supermarket,E01032937,Gloucester 004F,Public order,Investigation complete; no suspect identified,
f69d1a2f42f1a87a515716a2ac62702dead4f5f33910f8a034bc038d11a77249,2022-02,Gloucestershire Constabulary,Gloucestershire Constabulary,-2.243010,51.866725,On or near Northgate Street,E01032937,Gloucester 004F,Robbery,Unable to prosecute suspect,
b0e8e1baa002baa21fd95c9b6abffa12542b653f3b0d0fd6678e95638c0481ff,2022-02,Gloucestershire Constabulary,Gloucestershire Constabulary,-2.243157,51.864208,On or near Parking Area,E01032937,Gloucester 004F,Robbery,Unable to prosecute suspect,
3423b093bb7b5fb3ccf79dcb9e82f2cb27bea234c32de21b6ded08223d254cb2,2022-02,Gloucestershire Constabulary,Gloucestershire Constabulary,-2.245750,51.865839,On or near Shopping Area,E01032937,Gloucester 004F,Shoplifting,Unable to prosecute suspect,
3ac8ea53dd1adac9043a9ea65820369f9844ef24422c2e867116290b4102c6b1,2022-02,Gloucestershire Constabulary,Gloucestershire Constabulary,-2.245750,51.865839,On or near Shopping Area,E01032937,Gloucester 004F,Shoplifting,Unable to prosecute suspect,
7cc9748e2dcbb76c787bccbaead19c89926957e278e218f330bffef979bfe045,2022-02,Gloucestershire Constabulary,Gloucestershire Constabulary,-2.246253,51.864840,On or near Parking Area,E01032937,Gloucester 004F,Shoplifting,Unable to prosecute suspect,
5886725ed26a64b085bd7fda53574e55fc5779e3f82281317eb165a9778f2d2d,2022-02,Gloucestershire Constabulary,Gloucestershire Constabulary,-2.245750,51.865839,On or near Shopping Area,E01032937,Gloucester 004F,Shoplifting,Court result unavailable,
06e9b4ea317d1c39e24db0cf6c4966097131e44d2b7f5583174a38e564a128a4,2022-02,Gloucestershire Constabulary,Gloucestershire Constabulary,-2.245159,51.866523,On or near St John'S Lane,E01032937,Gloucester 004F,Shoplifting,Unable to prosecute suspect,
12c784d1139544584705d92b0c7e53d3f9e89b7b64a398c9f0d41c50062bfb6c,2022-02,Gloucestershire Constabulary,Gloucestershire Constabulary,-2.245363,51.863969,On or near Shopping Area,E01032937,Gloucester 004F,Shoplifting,Investigation complete; no suspect identified,
db4c39ee62269aa97d25025f9935e72c70ec38a1c512d386746463db0b49c86e,2022-02,Gloucestershire Constabulary,Gloucestershire Constabulary,-2.243157,51.864208,On or near Parking Area,E01032937,Gloucester 004F,Shoplifting,Investigation complete; no suspect identified,
bbb33444306c3b588440b97c677f36618f197de62ec0d5ea1f58d53963cb4d1e,2022-02,Gloucestershire Constabulary,Gloucestershire Constabulary,-2.245750,51.865839,On or near Shopping Area,E01032937,Gloucester 004F,Shoplifting,Court result unavailable,
402905a1bfe718b8fffc34435fb13d9ce50c5628726d33fb82641fbc7e3ba5bf,2022-02,Gloucestershire Constabulary,Gloucestershire Constabulary,-2.245363,51.863969,On or near Shopping Area,E01032937,Gloucester 004F,Shoplifting,Investigation complete; no suspect identified,
d206681b5596427d34f52bb3abc74e97760920452794778c90f1f2752ff0fcbd,2022-02,Gloucestershire Constabulary,Gloucestershire Constabulary,-2.245363,51.863969,On or near Shopping Area,E01032937,Gloucester 004F,Shoplifting,Investigation complete; no suspect identified,
9417f9d22108b9412404344d246e78ae31e05537f6aa0b81c4b975a6ee7c0492,2022-02,Gloucestershire Constabulary,Gloucestershire Constabulary,-2.246253,51.864840,On or near Parking Area,E01032937,Gloucester 004F,Shoplifting,Investigation complete; no suspect identified,
fd72d6c1b7ddb339711466d598bec586ecdf0677ea79e47af30fd59c22e2ab73,2022-02,Gloucestershire Constabulary,Gloucestershire Constabulary,-2.245363,51.863969,On or near Shopping Area,E01032937,Gloucester 004F,Shoplifting,Unable to prosecute suspect,
678ee93bcad4b3a9787fd795544bbc1916cd1b2bdd681de62b38a454137fad1d,2022-02,Gloucestershire Constabulary,Gloucestershire Constabulary,-2.245750,51.865839,On or near Shopping Area,E01032937,Gloucester 004F,Shoplifting,Investigation complete; no suspect identified,
4de1ccf83cee7a5475867f2c71ef6a505f4d48897b1462bc771caf2f56a0bfb0,2022-02,Gloucestershire Constabulary,Gloucestershire Constabulary,-2.246253,51.864840,On or near Parking Area,E01032937,Gloucester 004F,Theft from the person,Status update unavailable,
b10ea8726353f4b4b3a6a6dc4bb929456270f3f361a513eb376bf18c526fb0ab,2022-02,Gloucestershire Constabulary,Gloucestershire Constabulary,-2.246253,51.864840,On or near Parking Area,E01032937,Gloucester 004F,Theft from the person,Unable to prosecute suspect,
5408da36ea7706dccc566b057925814de3fe5f867cdaca19ba2ffa3be87b2a2d,2022-02,Gloucestershire Constabulary,Gloucestershire Constabulary,-2.241086,51.865246,On or near Supermarket,E01032937,Gloucester 004F,Theft from the person,Unable to prosecute suspect,
20dbc897470032f93e127c0ed00b59dd5d5adcde37974f26b8acf4b6152103a7,2022-02,Gloucestershire Constabulary,Gloucestershire Constabulary,-2.246253,51.864840,On or near Parking Area,E01032937,Gloucester 004F,Vehicle crime,Unable to prosecute suspect,
fa4d13c45a2ac465d445ef5a4dd04f5c808e611d2bdde7c53a4a9919ee93456d,2022-02,Gloucestershire Constabulary,Gloucestershire Constabulary,-2.245750,51.865839,On or near Shopping Area,E01032937,Gloucester 004F,Violence and sexual offences,Unable to prosecute suspect,
1521eb576c9e1c8f0fae235f151d60e293bbf034106a178db53b758a11c2592f,2022-02,Gloucestershire Constabulary,Gloucestershire Constabulary,-2.241977,51.863662,On or near Parking Area,E01032937,Gloucester 004F,Violence and sexual offences,Unable to prosecute suspect,
ff0c27836f700abf345cafa4b3cf508dc14da439ae79e9eb6d7edc523feb4984,2022-02,Gloucestershire Constabulary,Gloucestershire Constabulary,-2.243157,51.864208,On or near Parking Area,E01032937,Gloucester 004F,Violence and sexual offences,Investigation complete; no suspect identified,
77e327ec04edcc406b35e085d76055a9b63246bf40df7d94d690f0f9b26d7b60,2022-02,Gloucestershire Constabulary,Gloucestershire Constabulary,-2.246253,51.864840,On or near Parking Area,E01032937,Gloucester 004F,Violence and sexual offences,Unable to prosecute suspect,
9449d794add35d1bf61f05df2ddb710a62f8882d8512b1a58028f01acc467cc0,2022-02,Gloucestershire Constabulary,Gloucestershire Constabulary,-2.240396,51.863971,On or near Bedford Street,E01032937,Gloucester 004F,Violence and sexual offences,Unable to prosecute suspect,
6553fed9eaaf2d1fc8cf471c1dde447d9d628afed4f3563eaf786f7ec9eb6099,2022-02,Gloucestershire Constabulary,Gloucestershire Constabulary,-2.246253,51.864840,On or near Parking Area,E01032937,Gloucester 004F,Violence and sexual offences,Unable to prosecute suspect,
b3d4398329d6666b8a62b1233aaacac431e1e6eadcd2c21de210d2d91ca2db92,2022-02,Gloucestershire Constabulary,Gloucestershire Constabulary,-2.243487,51.866140,On or near St Aldate Street,E01032937,Gloucester 004F,Violence and sexual offences,Unable to prosecute suspect,
ecdf4a2f6961756562124a94751dcdead5a1eb7e391999fae70a434ce74dd294,2022-02,Gloucestershire Constabulary,Gloucestershire Constabulary,-2.240665,51.865391,On or near Bus/Coach Station,E01032937,Gloucester 004F,Violence and sexual offences,Investigation complete; no suspect identified,
7acd901647bf1b7b1268c58fee87123028b4433e58880c8e257959effd12a795,2022-02,Gloucestershire Constabulary,Gloucestershire Constabulary,-2.247461,51.865260,On or near Cross Keys Lane,E01032937,Gloucester 004F,Violence and sexual offences,Unable to prosecute suspect,
0c256582cdae6b5e06c3935a00edca6fd6c9d298b9ccb86e2f058701a11a4a5e,2022-02,Gloucestershire Constabulary,Gloucestershire Constabulary,-2.241855,51.865172,On or near Shopping Area,E01032937,Gloucester 004F,Violence and sexual offences,Investigation complete; no suspect identified,
d9ac16d5b9e6d0c530c108eb2d2a25472b1f4629b42a51d3c6c9a62dfbb4f441,2022-02,Gloucestershire Constabulary,Gloucestershire Constabulary,-2.241855,51.865172,On or near Shopping Area,E01032937,Gloucester 004F,Violence and sexual offences,Unable to prosecute suspect,
b4b6bcf933c7ab9ab116cb4958c5d77c87fa471b0bd452ad3d6d25606800cb2a,2022-02,Gloucestershire Constabulary,Gloucestershire Constabulary,-2.245750,51.865839,On or near Shopping Area,E01032937,Gloucester 004F,Violence and sexual offences,Unable to prosecute suspect,
2b409ce8483a1969d12c1ac6f133f17712496e8dd2f3844a28dc8bc823f87179,2022-02,Gloucestershire Constabulary,Gloucestershire Constabulary,-2.243487,51.866140,On or near St Aldate Street,E01032937,Gloucester 004F,Violence and sexual offences,Unable to prosecute suspect,
5d038047f51a958902544cd14bc91090ff79a7d7c639cee6eb46bf47c0942773,2022-02,Gloucestershire Constabulary,Gloucestershire Constabulary,-2.245750,51.865839,On or near Shopping Area,E01032937,Gloucester 004F,Violence and sexual offences,Unable to prosecute suspect,
ce99910f6a95094a204cb099663c4e954335f57de88cdb0d45c41e2a4d0c5bfa,2022-02,Gloucestershire Constabulary,Gloucestershire Constabulary,-2.242783,51.867598,On or near Worcester Street,E01032937,Gloucester 004F,Violence and sexual offences,Investigation complete; no suspect identified,
16c9aa8729ffa623a65216d9c14c9cb361834f211d4c6431202c9bf284b4d667,2022-02,Gloucestershire Constabulary,Gloucestershire Constabulary,-2.243157,51.864208,On or near Parking Area,E01032937,Gloucester 004F,Violence and sexual offences,Investigation complete; no suspect identified,
baec5d62811d8f896bf36b63d985952a338ce62d509c31f09d6af23609aace89,2022-02,Gloucestershire Constabulary,Gloucestershire Constabulary,-2.240665,51.865391,On or near Bus/Coach Station,E01032937,Gloucester 004F,Violence and sexual offences,Unable to prosecute suspect,
63c2ed13aa3c405370543e84f1b52d25158cbcc6f8cdfa7949e67fa9970ed5bf,2022-02,Gloucestershire Constabulary,Gloucestershire Constabulary,-2.241218,51.862872,On or near Eastgate Street,E01032937,Gloucester 004F,Violence and sexual offences,Investigation complete; no suspect identified,
760a8411313141e15ecc2321c1871cee5ce7f187e7119706501e5520130a8462,2022-02,Gloucestershire Constabulary,Gloucestershire Constabulary,-2.241218,51.862872,On or near Eastgate Street,E01032937,Gloucester 004F,Violence and sexual offences,Unable to prosecute suspect,
1751cda64d34d110baa5657710a9c9437978e7d5c1aaa4024080c7ca59025ef0,2022-02,Gloucestershire Constabulary,Gloucestershire Constabulary,-2.241855,51.865172,On or near Shopping Area,E01032937,Gloucester 004F,Violence and sexual offences,Unable to prosecute suspect,
19a73d9b619aebe5af630789a989e7553cf1a58ba739e8805cf1bdd9a942cf1d,2022-02,Gloucestershire Constabulary,Gloucestershire Constabulary,-2.251204,51.867221,On or near Lower Quay Street,E01032937,Gloucester 004F,Violence and sexual offences,Unable to prosecute suspect,
03f0cd4013e39923978b37614214ab6be8488cf62dbc292bae5a45b8c001264c,2022-02,Gloucestershire Constabulary,Gloucestershire Constabulary,-2.246253,51.864840,On or near Parking Area,E01032937,Gloucester 004F,Violence and sexual offences,Investigation complete; no suspect identified,
0c2691f49b88b5479ce0ed6cdee1aa2a31910743e0e18b6a109c17637f85c0a4,2022-02,Gloucestershire Constabulary,Gloucestershire Constabulary,-2.251204,51.867221,On or near Lower Quay Street,E01032937,Gloucester 004F,Violence and sexual offences,Unable to prosecute suspect,
f4ed988700e1414276bd0a5fcf49c0259801b759c3dd434abf32b1b768063e24,2022-02,Gloucestershire Constabulary,Gloucestershire Constabulary,-2.251204,51.867221,On or near Lower Quay Street,E01032937,Gloucester 004F,Violence and sexual offences,Unable to prosecute suspect,
188b51d9056667a41d72d1de831d8e3db8331cfd92d2bbb7a21e4aae9ffc32a3,2022-02,Gloucestershire Constabulary,Gloucestershire Constabulary,-2.247498,51.864136,On or near Southgate Street,E01032937,Gloucester 004F,Violence and sexual offences,Unable to prosecute suspect,
3c19ad5162b67827c61ebf7cbaf523fdbedb65912cd2ed39ae04564e843ccccd,2022-02,Gloucestershire Constabulary,Gloucestershire Constabulary,-2.247498,51.864136,On or near Southgate Street,E01032937,Gloucester 004F,Violence and sexual offences,Unable to prosecute suspect,
b1244d35303254d1a5fff1b584acfdb15aa840b5d260618ca78a7d279013506b,2022-02,Gloucestershire Constabulary,Gloucestershire Constabulary,-2.246253,51.864840,On or near Parking Area,E01032937,Gloucester 004F,Violence and sexual offences,Unable to prosecute suspect,
20f9f3b80861a4f4011238837311df3965cca8abcb42fda733762a73575e07f3,2022-02,Gloucestershire Constabulary,Gloucestershire Constabulary,-2.241977,51.863662,On or near Parking Area,E01032937,Gloucester 004F,Violence and sexual offences,Unable to prosecute suspect,
0d91c5b2a86e825abda789eec3758f1fd592cd73a480893e632232d954514bc8,2022-02,Gloucestershire Constabulary,Gloucestershire Constabulary,-2.245750,51.865839,On or near Shopping Area,E01032937,Gloucester 004F,Violence and sexual offences,Unable to prosecute suspect,
4aa30de56e0a81ba4d442442291ce5087556c94715ef77839026633722866445,2022-02,Gloucestershire Constabulary,Gloucestershire Constabulary,-2.245750,51.865839,On or near Shopping Area,E01032937,Gloucester 004F,Violence and sexual offences,Unable to prosecute suspect,
5d6f7567569ad2aaa78fcd5c64249fddb3ed4310f145cbc5b458d5a174c8ef42,2022-02,Gloucestershire Constabulary,Gloucestershire Constabulary,-2.246253,51.864840,On or near Parking Area,E01032937,Gloucester 004F,Violence and sexual offences,Unable to prosecute suspect,
b09e805df0260e92b6c13c1a505943be167b43d451414faf65b3db3c531e9007,2022-02,Gloucestershire Constabulary,Gloucestershire Constabulary,-2.246253,51.864840,On or near Parking Area,E01032937,Gloucester 004F,Violence and sexual offences,Investigation complete; no suspect identified,
67cf531a704da38a230e456dd98125cf9262d6f5678009b29b53fc0d8f40e681,2022-02,Gloucestershire Constabulary,Gloucestershire Constabulary,-2.241977,51.863662,On or near Parking Area,E01032937,Gloucester 004F,Violence and sexual offences,Investigation complete; no suspect identified,
5beed0024d069caebb0f63aedbf0117284a60b23bd69227cacfa2d7cf37bd2c9,2022-02,Gloucestershire Constabulary,Gloucestershire Constabulary,-2.241086,51.865246,On or near Supermarket,E01032937,Gloucester 004F,Violence and sexual offences,Unable to prosecute suspect,
2df699dd075a1d0edbd440129394b490a7b2565f29338bf9dac4d693bcccdd73,2022-02,Gloucestershire Constabulary,Gloucestershire Constabulary,-2.239884,51.863198,On or near Nettleton Road,E01032937,Gloucester 004F,Violence and sexual offences,Unable to prosecute suspect,
716d220094cd26f6065fb3ec0543980a29285248b4f2f288ccedd16694005ba3,2022-02,Gloucestershire Constabulary,Gloucestershire Constabulary,-2.242783,51.867598,On or near Worcester Street,E01032937,Gloucester 004F,Violence and sexual offences,Unable to prosecute suspect,
824ce02151116839eb3e63bb94a8494fa34582ac56634312d26b0d6be410cad2,2022-02,Gloucestershire Constabulary,Gloucestershire Constabulary,-2.242783,51.867598,On or near Worcester Street,E01032937,Gloucester 004F,Violence and sexual offences,Investigation complete; no suspect identified,
8aa789401fd5160ed51111f39c6cae842a333d605a726e27e49fad51bc3690b4,2022-02,Gloucestershire Constabulary,Gloucestershire Constabulary,-2.241977,51.863662,On or near Parking Area,E01032937,Gloucester 004F,Violence and sexual offences,Investigation complete; no suspect identified,
994808fb8ada4991c4e5b5a81810d4af3fd93df2ab6508a1b8358b593e2917e8,2022-02,Gloucestershire Constabulary,Gloucestershire Constabulary,-2.243157,51.864208,On or near Parking Area,E01032937,Gloucester 004F,Violence and sexual offences,Unable to prosecute suspect,
7091ad195b4d85fd49c6506a37b2ca18f329cabc0378665dc4894d344434918b,2022-02,Gloucestershire Constabulary,Gloucestershire Constabulary,-2.243487,51.866140,On or near St Aldate Street,E01032937,Gloucester 004F,Violence and sexual offences,Court result unavailable,
35ef01470f79cc870d63d8cae077b8357271b61be73fe9bf7fd9e23295e8dbbf,2022-02,Gloucestershire Constabulary,Gloucestershire Constabulary,-2.245750,51.865839,On or near Shopping Area,E01032937,Gloucester 004F,Violence and sexual offences,Investigation complete; no suspect identified,
dac15482bf4449a5c9473932e6a15111c9f5fc5a7e3143b756ca7cc529d61765,2022-02,Gloucestershire Constabulary,Gloucestershire Constabulary,-2.241218,51.862872,On or near Eastgate Street,E01032937,Gloucester 004F,Violence and sexual offences,Unable to prosecute suspect,
85370787ec8ab473a696f79ab8b2009d9d52cb86ee2c2329a03feec6851288fd,2022-02,Gloucestershire Constabulary,Gloucestershire Constabulary,-2.246253,51.864840,On or near Parking Area,E01032937,Gloucester 004F,Violence and sexual offences,Unable to prosecute suspect,
b076175787a5163eb95257f3f26d4ca073fa7909837fa786d028df21a1ffdae8,2022-02,Gloucestershire Constabulary,Gloucestershire Constabulary,-2.246253,51.864840,On or near Parking Area,E01032937,Gloucester 004F,Violence and sexual offences,Unable to prosecute suspect,
f5275b8356ef873b756f99eeb1dd35f5b8b2b5f66f7a31eb72f5185da2655ee0,2022-02,Gloucestershire Constabulary,Gloucestershire Constabulary,-2.246253,51.864840,On or near Parking Area,E01032937,Gloucester 004F,Violence and sexual offences,Unable to prosecute suspect,
4ff5bda6e7b83625b366e0e470e6d8dfecf8189eb1fa2a035090c856e387dd32,2022-02,Gloucestershire Constabulary,Gloucestershire Constabulary,-2.249949,51.866099,On or near Bearland,E01032937,Gloucester 004F,Violence and sexual offences,Unable to prosecute suspect,
07491964886aaa51200b81a1b003b76838a5ff2c8538daca3957750b458bc141,2022-02,Gloucestershire Constabulary,Gloucestershire Constabulary,-2.251803,51.867831,On or near Westgate Street,E01032937,Gloucester 004F,Violence and sexual offences,Unable to prosecute suspect,
45f8b358a3eff537980df06583009e18518c933723ff04a6a096813dee05a131,2022-02,Gloucestershire Constabulary,Gloucestershire Constabulary,-2.245750,51.865839,On or near Shopping Area,E01032937,Gloucester 004F,Violence and sexual offences,Unable to prosecute suspect,
ce7b32def1c314a3f49a0bf2af7bd9240b69b94ed6da282144f57caa6784fbb7,2022-02,Gloucestershire Constabulary,Gloucestershire Constabulary,-2.249949,51.866099,On or near Bearland,E01032937,Gloucester 004F,Violence and sexual offences,Unable to prosecute suspect,
a07cf6e0ba505ff335b50e3875a6c46da07e847f234cd3c85ae50b949d8c136c,2022-02,Gloucestershire Constabulary,Gloucestershire Constabulary,-2.247122,51.866924,On or near Parking Area,E01032937,Gloucester 004F,Violence and sexual offences,Investigation complete; no suspect identified,
f5bb1d8fedd845d8e10c10bbfe988b11b7380d565a300a89e44217bf160db8b3,2022-02,Gloucestershire Constabulary,Gloucestershire Constabulary,-2.246253,51.864840,On or near Parking Area,E01032937,Gloucester 004F,Violence and sexual offences,Unable to prosecute suspect,
e0d11273c1f786ba11258cb9ff26af7a3355cd80f3c6f0c24757561202d271b5,2022-02,Gloucestershire Constabulary,Gloucestershire Constabulary,-2.246253,51.864840,On or near Parking Area,E01032937,Gloucester 004F,Violence and sexual offences,Unable to prosecute suspect,
8c85a77e0a83dc9b619f93fba6f927158998deaed911fb4af439df46f85a6fb8,2022-02,Gloucestershire Constabulary,Gloucestershire Constabulary,-2.243487,51.866140,On or near St Aldate Street,E01032937,Gloucester 004F,Violence and sexual offences,Unable to prosecute suspect,
7bc23f7523b52ea8ab81c639f5c8d82eb88aa562ac967bbfe93e5ff63f0c4be7,2022-02,Gloucestershire Constabulary,Gloucestershire Constabulary,-2.243487,51.866140,On or near St Aldate Street,E01032937,Gloucester 004F,Violence and sexual offences,Investigation complete; no suspect identified,
c1a82e58cf54080e3457a069859fe61e0337ef8ce50424c3335da60818d11a1a,2022-02,Gloucestershire Constabulary,Gloucestershire Constabulary,-2.243487,51.866140,On or near St Aldate Street,E01032937,Gloucester 004F,Violence and sexual offences,Unable to prosecute suspect,
6ffaf23cb91945a8fc2d2a861694d52d11e0e228913ebbc50c3bcec26bb32d50,2022-02,Gloucestershire Constabulary,Gloucestershire Constabulary,-2.245750,51.865839,On or near Shopping Area,E01032937,Gloucester 004F,Violence and sexual offences,Unable to prosecute suspect,
6ae475f65cf712cf752f851813a2b7d42315ab1de9071dad9560412f864f8e57,2022-02,Gloucestershire Constabulary,Gloucestershire Constabulary,-2.245750,51.865839,On or near Shopping Area,E01032937,Gloucester 004F,Violence and sexual offences,Unable to prosecute suspect,
3ff5bfeaa2a15e0950fb04b0f77abdd03954a4c166fe42f71f03273cc3f19fd7,2022-02,Gloucestershire Constabulary,Gloucestershire Constabulary,-2.245750,51.865839,On or near Shopping Area,E01032937,Gloucester 004F,Violence and sexual offences,Court result unavailable,
a27ce9a8b8a6304cbcde984742165955e6ae324676b677b820051a0dfee36c42,2022-02,Gloucestershire Constabulary,Gloucestershire Constabulary,-2.245750,51.865839,On or near Shopping Area,E01032937,Gloucester 004F,Violence and sexual offences,Unable to prosecute suspect,
7191f064154c5d62ef3d15c3834db0b492f17dbba47ea2223b9add9a165fcd85,2022-02,Gloucestershire Constabulary,Gloucestershire Constabulary,-2.241086,51.865246,On or near Supermarket,E01032937,Gloucester 004F,Violence and sexual offences,Unable to prosecute suspect,
4e8e87efe70c7e9339984b5c07fdbc276f3766f1dcb3d1f6a58f25b76deb4867,2022-02,Gloucestershire Constabulary,Gloucestershire Constabulary,-2.241086,51.865246,On or near Supermarket,E01032937,Gloucester 004F,Violence and sexual offences,Investigation complete; no suspect identified,
585a5dcf8b2f0175b98b81308873b1bd24a135fe4a1736d65dbbb46a1f3c3a53,2022-02,Gloucestershire Constabulary,Gloucestershire Constabulary,-2.247498,51.864136,On or near Southgate Street,E01032937,Gloucester 004F,Violence and sexual offences,Investigation complete; no suspect identified,
942f9309fcd281065a7b6941daca078186318e6b9f2b463028e528c32fd4a95c,2022-02,Gloucestershire Constabulary,Gloucestershire Constabulary,-2.241093,51.863906,On or near Russell Street,E01032937,Gloucester 004F,Violence and sexual offences,Unable to prosecute suspect,
03585004ca97cda81c9f4c18d9b72ad4bb366d8c8df82093e89dbe48f7f70714,2022-02,Gloucestershire Constabulary,Gloucestershire Constabulary,-2.243487,51.866140,On or near St Aldate Street,E01032937,Gloucester 004F,Violence and sexual offences,Court result unavailable,
599a03b70537d4e3aa0de3fb4e6a54786b839a9969120692eb674393c910581e,2022-02,Gloucestershire Constabulary,Gloucestershire Constabulary,-2.241977,51.863662,On or near Parking Area,E01032937,Gloucester 004F,Violence and sexual offences,Unable to prosecute suspect,
b06b18af1be74caa378155a0fe06ba040c7020e52ece1ba556b4d931fac07840,2022-02,Gloucestershire Constabulary,Gloucestershire Constabulary,-2.245750,51.865839,On or near Shopping Area,E01032937,Gloucester 004F,Violence and sexual offences,Unable to prosecute suspect,
f5c7bc2726b706d5c52cb736837c57a34a91f71adb4bd9589a5bda3c45cb0e7c,2022-02,Gloucestershire Constabulary,Gloucestershire Constabulary,-2.251803,51.867831,On or near Westgate Street,E01032937,Gloucester 004F,Violence and sexual offences,Unable to prosecute suspect,
d5a3908d25c472aed5a7fecb8c12f9396dd0e5a424858047882583b1504da03f,2022-02,Gloucestershire Constabulary,Gloucestershire Constabulary,-2.246253,51.864840,On or near Parking Area,E01032937,Gloucester 004F,Violence and sexual offences,Unable to prosecute suspect,
5c4cbf82a623af6a20490a9f751feec91cc14423659fec936f34637688414755,2022-02,Gloucestershire Constabulary,Gloucestershire Constabulary,-2.246253,51.864840,On or near Parking Area,E01032937,Gloucester 004F,Violence and sexual offences,Unable to prosecute suspect,
c1eebf4036576589144f600dd160584d181c00e6e615e04bf540e24b46fd00a2,2022-02,Gloucestershire Constabulary,Gloucestershire Constabulary,-2.241218,51.862872,On or near Eastgate Street,E01032937,Gloucester 004F,Violence and sexual offences,Unable to prosecute suspect,
c10da12515af1d3a12939af4c1b2852039e8f5b58662c77858de289bcddcf386,2022-02,Gloucestershire Constabulary,Gloucestershire Constabulary,-2.247875,51.866688,On or near College Street,E01032937,Gloucester 004F,Violence and sexual offences,Unable to prosecute suspect,
e89c7a6bd1f0c325df9cd8d205285b96778ffe6226b649d0e64fd6e5f162b2d9,2022-02,Gloucestershire Constabulary,Gloucestershire Constabulary,-2.246253,51.864840,On or near Parking Area,E01032937,Gloucester 004F,Violence and sexual offences,Unable to prosecute suspect,
237e49d3810dd129ee123ef575bc24dd8a8735dbc8a821adc395e2b4476c5457,2022-02,Gloucestershire Constabulary,Gloucestershire Constabulary,-2.241855,51.865172,On or near Shopping Area,E01032937,Gloucester 004F,Violence and sexual offences,Unable to prosecute suspect,
d5234e17f037f5b06a9252dea6c370f5e4645a3cae0069dcc2e5f54db2c20dce,2022-02,Gloucestershire Constabulary,Gloucestershire Constabulary,-2.243487,51.866140,On or near St Aldate Street,E01032937,Gloucester 004F,Violence and sexual offences,Investigation complete; no suspect identified,
6fd39e53d1184b7737de0a7529fa3341524e1ecea5709ae2a51fda29bb48f095,2022-02,Gloucestershire Constabulary,Gloucestershire Constabulary,-2.243487,51.866140,On or near St Aldate Street,E01032937,Gloucester 004F,Violence and sexual offences,Court result unavailable,
ca6a61b88036e70ded9cb55d8725c81cf676ec7aa6109db49786ff17e98b41b0,2022-02,Gloucestershire Constabulary,Gloucestershire Constabulary,-2.240665,51.865391,On or near Bus/Coach Station,E01032937,Gloucester 004F,Violence and sexual offences,Court result unavailable,
016a898b586fd3c653827d7fe15cf4c2d965c309313e5f09d80ff14fbebfb5ae,2022-02,Gloucestershire Constabulary,Gloucestershire Constabulary,-2.240665,51.865391,On or near Bus/Coach Station,E01032937,Gloucester 004F,Violence and sexual offences,Unable to prosecute suspect,
4851b00fd25b500c3de0fff562c97ae8f3afcf45bb8d1eaa35ba403a879537cc,2022-02,Gloucestershire Constabulary,Gloucestershire Constabulary,-2.249757,51.865506,On or near Barbican Road,E01034792,Gloucester 004H,Possession of weapons,Unable to prosecute suspect,
a3d7c3b4ffe0cd9e73fccf02161f8cac1668f4f3d366c0cdaef0976091c2f1d4,2022-02,Gloucestershire Constabulary,Gloucestershire Constabulary,-2.242331,51.861836,On or near Wellington Street,E01034793,Gloucester 004I,Violence and sexual offences,Court result unavailable,
87dc5b828342fb3f327af4f319acedbd5e8bb20542db11fa5cd4d0ad7b1724a1,2022-02,Gloucestershire Constabulary,Gloucestershire Constabulary,-2.242331,51.861836,On or near Wellington Street,E01034793,Gloucester 004I,Other crime,Unable to prosecute suspect,
,2022-02,Gloucestershire Constabulary,Gloucestershire Constabulary,-2.232774,51.858825,On or near Police Station,E01022288,Gloucester 005A,Anti-social behaviour,,
,2022-02,Gloucestershire Constabulary,Gloucestershire Constabulary,-2.232774,51.858825,On or near Police Station,E01022288,Gloucester 005A,Anti-social behaviour,,
,2022-02,Gloucestershire Constabulary,Gloucestershire Constabulary,-2.232774,51.858825,On or near Police Station,E01022288,Gloucester 005A,Anti-social behaviour,,
,2022-02,Gloucestershire Constabulary,Gloucestershire Constabulary,-2.227613,51.857594,On or near Harbury Mews,E01022288,Gloucester 005A,Anti-social behaviour,,
,2022-02,Gloucestershire Constabulary,Gloucestershire Constabulary,-2.231924,51.854322,On or near Vicarage Road,E01022288,Gloucester 005A,Anti-social behaviour,,
6c92a6ced5ae97be3588970df87a4a8a9b693a8f5b36eb6d95cdbeb75ede871e,2022-02,Gloucestershire Constabulary,Gloucestershire Constabulary,-2.230198,51.857562,On or near India Road,E01022288,Gloucester 005A,Bicycle theft,Investigation complete; no suspect identified,
31b5433de9de7ef1467854ac2eb85701c8526adae2fef27ebdbaed64dbfe152a,2022-02,Gloucestershire Constabulary,Gloucestershire Constabulary,-2.232621,51.857135,On or near Clement Street,E01022288,Gloucester 005A,Burglary,Investigation complete; no suspect identified,
9847b8abf425a61d0bf9357beb2a2870fbf640b149b46c31f8aafca0ef9cf2e0,2022-02,Gloucestershire Constabulary,Gloucestershire Constabulary,-2.226769,51.857075,On or near Bishop'S Castle Way,E01022288,Gloucester 005A,Burglary,Investigation complete; no suspect identified,
bd75f5f4dc59b053b56f16583e52350351871550a1f6ea7f05ddb45cc4abf554,2022-02,Gloucestershire Constabulary,Gloucestershire Constabulary,-2.232774,51.858825,On or near Police Station,E01022288,Gloucester 005A,Criminal damage and arson,Investigation complete; no suspect identified,
93c8922cd2c770c92949898218a21a0ad54c4f9306f8ab37c9d9b9f623ff0913,2022-02,Gloucestershire Constabulary,Gloucestershire Constabulary,-2.232771,51.858106,On or near Barton Street,E01022288,Gloucester 005A,Criminal damage and arson,Investigation complete; no suspect identified,
d2e897648ea1c87ebb153e7a29d888a63883a1ac258855d400d1e53ec0dafb59,2022-02,Gloucestershire Constabulary,Gloucestershire Constabulary,-2.231924,51.854322,On or near Vicarage Road,E01022288,Gloucester 005A,Drugs,Local resolution,
a844639ab8534f5157a755831a809330d90696bd164aca2775dece4df1cbb9f2,2022-02,Gloucestershire Constabulary,Gloucestershire Constabulary,-2.231924,51.854322,On or near Vicarage Road,E01022288,Gloucester 005A,Other theft,Investigation complete; no suspect identified,
b57254b7d54e6fa872f46f7aa68274b95f1562bca83f8012e8e42cda6089e463,2022-02,Gloucestershire Constabulary,Gloucestershire Constabulary,-2.231924,51.854322,On or near Vicarage Road,E01022288,Gloucester 005A,Public order,Investigation complete; no suspect identified,
f2015ad7545f9b9878d2f2e72e4057a11ee303257802c95dae32af60b99c3696,2022-02,Gloucestershire Constabulary,Gloucestershire Constabulary,-2.235988,51.854152,On or near Melbourne Street West,E01022288,Gloucester 005A,Public order,Unable to prosecute suspect,
e1fee7502c694f30697555d761355bf002944b62c1b9e49b63fd12699d80f06d,2022-02,Gloucestershire Constabulary,Gloucestershire Constabulary,-2.231924,51.854322,On or near Vicarage Road,E01022288,Gloucester 005A,Public order,Investigation complete; no suspect identified,
fa7e926c5bc3d604e214d53c3d71a064e8598d5c85e17280a87028e0d78f57db,2022-02,Gloucestershire Constabulary,Gloucestershire Constabulary,-2.231924,51.854322,On or near Vicarage Road,E01022288,Gloucester 005A,Public order,Unable to prosecute suspect,
51c06facd20b8d50e8d71188cc38b88a800ed3b0901356db44d2e6c19a998644,2022-02,Gloucestershire Constabulary,Gloucestershire Constabulary,-2.232771,51.858106,On or near Barton Street,E01022288,Gloucester 005A,Shoplifting,Unable to prosecute suspect,
f825b6e42e9f246d4cd561f94fe798d2825c815d61e900068b1412ce008bde54,2022-02,Gloucestershire Constabulary,Gloucestershire Constabulary,-2.231924,51.854322,On or near Vicarage Road,E01022288,Gloucester 005A,Violence and sexual offences,Unable to prosecute suspect,
6274a07b8800cd81f258e9f4c7a7b5c91d0dfb631e31bcbe35993633e6e04aac,2022-02,Gloucestershire Constabulary,Gloucestershire Constabulary,-2.235988,51.854152,On or near Melbourne Street West,E01022288,Gloucester 005A,Violence and sexual offences,Unable to prosecute suspect,
208faf1fd4f841bb0fb2190e2e7caaae2c77d382889856cbb3f31f2643a94c9f,2022-02,Gloucestershire Constabulary,Gloucestershire Constabulary,-2.231924,51.854322,On or near Vicarage Road,E01022288,Gloucester 005A,Violence and sexual offences,Unable to prosecute suspect,
58fdb91d3d75ad9fd46e15ce2ac8c90db07d7c047b556d1ea9dba1226c34dab1,2022-02,Gloucestershire Constabulary,Gloucestershire Constabulary,-2.232771,51.858106,On or near Barton Street,E01022288,Gloucester 005A,Violence and sexual offences,Unable to prosecute suspect,
1e43e9e5e151ed2cb8e404cc6d27980598efbbebc8561e82cea397b52b4b7110,2022-02,Gloucestershire Constabulary,Gloucestershire Constabulary,-2.231924,51.854322,On or near Vicarage Road,E01022288,Gloucester 005A,Violence and sexual offences,Unable to prosecute suspect,
cc615605a9e6e1dda597c2a8b69e3c45f72e382afa69ce46c2e6439e29860b0f,2022-02,Gloucestershire Constabulary,Gloucestershire Constabulary,-2.227613,51.857594,On or near Harbury Mews,E01022288,Gloucester 005A,Violence and sexual offences,Unable to prosecute suspect,
ca588cec6ef261444db921f5ebd9a6a99e6699365e04a76985198bdc11b16507,2022-02,Gloucestershire Constabulary,Gloucestershire Constabulary,-2.231924,51.854322,On or near Vicarage Road,E01022288,Gloucester 005A,Violence and sexual offences,Unable to prosecute suspect,
708270f8cf9260412b4258d6b8f19dce3efc58e2b0a1a28aa52cf003dd4470ff,2022-02,Gloucestershire Constabulary,Gloucestershire Constabulary,-2.231924,51.854322,On or near Vicarage Road,E01022288,Gloucester 005A,Violence and sexual offences,Unable to prosecute suspect,
2e7149c8df3c1bce0380425badcea446b2dbc9c463ddfefd6346aea907f6e60d,2022-02,Gloucestershire Constabulary,Gloucestershire Constabulary,-2.231924,51.854322,On or near Vicarage Road,E01022288,Gloucester 005A,Violence and sexual offences,Unable to prosecute suspect,
2f60466e979a50a3803d00b7ba18088bb93870f475e23f07b0441be85401109a,2022-02,Gloucestershire Constabulary,Gloucestershire Constabulary,-2.229478,51.855838,On or near Hatfield Road,E01022288,Gloucester 005A,Violence and sexual offences,Investigation complete; no suspect identified,
06c56776fcc942486990e68fc3216a654c52ab7c779ccfa9698243ef48e53dad,2022-02,Gloucestershire Constabulary,Gloucestershire Constabulary,-2.227613,51.857594,On or near Harbury Mews,E01022288,Gloucester 005A,Other crime,Unable to prosecute suspect,
,2022-02,Gloucestershire Constabulary,Gloucestershire Constabulary,-2.236122,51.863071,On or near Supermarket,E01022289,Gloucester 005B,Anti-social behaviour,,
,2022-02,Gloucestershire Constabulary,Gloucestershire Constabulary,-2.236122,51.863071,On or near Supermarket,E01022289,Gloucester 005B,Anti-social behaviour,,
,2022-02,Gloucestershire Constabulary,Gloucestershire Constabulary,-2.237415,51.860497,On or near Parking Area,E01022289,Gloucester 005B,Anti-social behaviour,,
,2022-02,Gloucestershire Constabulary,Gloucestershire Constabulary,-2.236122,51.863071,On or near Supermarket,E01022289,Gloucester 005B,Anti-social behaviour,,
,2022-02,Gloucestershire Constabulary,Gloucestershire Constabulary,-2.236374,51.861210,On or near Parking Area,E01022289,Gloucester 005B,Anti-social behaviour,,
5f23ed57c2dba71baa6ad376d3bb9fdc5702d298138050dc2330a87099c44a01,2022-02,Gloucestershire Constabulary,Gloucestershire Constabulary,-2.238324,51.859282,On or near Victoria Street,E01022289,Gloucester 005B,Burglary,Investigation complete; no suspect identified,
452dcd63e17532506bfa48507d7b675e8ef9045b87e939b280f0f0d82499f0ed,2022-02,Gloucestershire Constabulary,Gloucestershire Constabulary,-2.232283,51.862162,On or near Lobb Court,E01022289,Gloucester 005B,Criminal damage and arson,Unable to prosecute suspect,
2381a7468a16d42f6da48f716ae41f364613d535c63fedac10712b44b48495eb,2022-02,Gloucestershire Constabulary,Gloucestershire Constabulary,-2.236122,51.863071,On or near Supermarket,E01022289,Gloucester 005B,Criminal damage and arson,Unable to prosecute suspect,
9db1f6d9512fba2c2957b51b9c769b02fde7ee724a692cf6a1c77519153f50a9,2022-02,Gloucestershire Constabulary,Gloucestershire Constabulary,-2.236374,51.861210,On or near Parking Area,E01022289,Gloucester 005B,Criminal damage and arson,Unable to prosecute suspect,
532a404f5096b4c1503a90eb8d18c17a708afd48f68cf4fcc81ff63029ef261d,2022-02,Gloucestershire Constabulary,Gloucestershire Constabulary,-2.237415,51.860497,On or near Parking Area,E01022289,Gloucester 005B,Other theft,Court result unavailable,
a3d272f3d67aebf99be67ecdcc453ff6a071795fb7832ce4c7d612c3202a7273,2022-02,Gloucestershire Constabulary,Gloucestershire Constabulary,-2.236122,51.863071,On or near Supermarket,E01022289,Gloucester 005B,Other theft,Investigation complete; no suspect identified,
018c5442fa7b588618a348084be0d0752ebcfb2117850d9780f129753c150ae9,2022-02,Gloucestershire Constabulary,Gloucestershire Constabulary,-2.236122,51.863071,On or near Supermarket,E01022289,Gloucester 005B,Other theft,Investigation complete; no suspect identified,
6de6b7540ccf5fc37fc22c19b005441f1f5f7ef47796a6de48308464aab9b3c5,2022-02,Gloucestershire Constabulary,Gloucestershire Constabulary,-2.233255,51.861926,On or near Great Western Court,E01022289,Gloucester 005B,Public order,Unable to prosecute suspect,
32994349801a17aa9bd95f8946214d81a001e107ba9c048c7a8bb37ba68ed71b,2022-02,Gloucestershire Constabulary,Gloucestershire Constabulary,-2.237415,51.860497,On or near Parking Area,E01022289,Gloucester 005B,Public order,Investigation complete; no suspect identified,
d2cccd6313b4444fc803d4424ca2e0d7dd4018be7410f8d9cf2b24c613813e4b,2022-02,Gloucestershire Constabulary,Gloucestershire Constabulary,-2.236122,51.863071,On or near Supermarket,E01022289,Gloucester 005B,Robbery,Investigation complete; no suspect identified,
29cf5763169c5e8cbee9920e9d2595d01db4b5fc8c63205107a207add9f5cb41,2022-02,Gloucestershire Constabulary,Gloucestershire Constabulary,-2.237813,51.861566,On or near Charles Street,E01022289,Gloucester 005B,Robbery,Investigation complete; no suspect identified,
5ba42d505592019426c77d16db1768f285c9cc2e49123b639d9bffcb0852bc1e,2022-02,Gloucestershire Constabulary,Gloucestershire Constabulary,-2.236122,51.863071,On or near Supermarket,E01022289,Gloucester 005B,Shoplifting,Unable to prosecute suspect,
5cc6030dc7ad0b1ec490c0e374714bbebe42ffe7190eaa1e8371e5c7cc74d834,2022-02,Gloucestershire Constabulary,Gloucestershire Constabulary,-2.236122,51.863071,On or near Supermarket,E01022289,Gloucester 005B,Shoplifting,Unable to prosecute suspect,
7cf6c17c7421e51a7e23eaa1c271d3fdb1556011a248c0b8ffffc038c19ccf08,2022-02,Gloucestershire Constabulary,Gloucestershire Constabulary,-2.237415,51.860497,On or near Parking Area,E01022289,Gloucester 005B,Vehicle crime,Unable to prosecute suspect,
bd7bf8d96fa89f6210cf7835224a0481aa6bcfe3d32c3d055690aeb0ea9bcb01,2022-02,Gloucestershire Constabulary,Gloucestershire Constabulary,-2.237813,51.861566,On or near Charles Street,E01022289,Gloucester 005B,Violence and sexual offences,Unable to prosecute suspect,
0d6f14535206fdd58316b9b2924bcb8e5a8ff4b5bc72899523f41ec33fa67a27,2022-02,Gloucestershire Constabulary,Gloucestershire Constabulary,-2.235650,51.861705,On or near Napier Street,E01022289,Gloucester 005B,Violence and sexual offences,Unable to prosecute suspect,
9b4e8b1606b58a6a0cd2d93e89406fc25669a06fc7003c4f5405edcaba199528,2022-02,Gloucestershire Constabulary,Gloucestershire Constabulary,-2.230259,51.861060,On or near Colwell School Close,E01022289,Gloucester 005B,Violence and sexual offences,Court result unavailable,
db3b7e669cfebb956cc7a624787f322cd306eee2ffc575244ee22a36528398fb,2022-02,Gloucestershire Constabulary,Gloucestershire Constabulary,-2.236374,51.861210,On or near Parking Area,E01022289,Gloucester 005B,Violence and sexual offences,Unable to prosecute suspect,
2121d5bcce181a8094925bfc1924e3a2b10e884be43c09cfdfb1bf7ec9213a67,2022-02,Gloucestershire Constabulary,Gloucestershire Constabulary,-2.232283,51.862162,On or near Lobb Court,E01022289,Gloucester 005B,Violence and sexual offences,Unable to prosecute suspect,
1b626026e11a43ed97173c4ec2543fca402465580715510e5b1ae756cad50448,2022-02,Gloucestershire Constabulary,Gloucestershire Constabulary,-2.235650,51.861705,On or near Napier Street,E01022289,Gloucester 005B,Violence and sexual offences,Unable to prosecute suspect,
ba4fe255f09e97f16c4d56074ac5b35f0d8cbb539720830931257711cd776852,2022-02,Gloucestershire Constabulary,Gloucestershire Constabulary,-2.237813,51.861566,On or near Charles Street,E01022289,Gloucester 005B,Violence and sexual offences,Unable to prosecute suspect,
60476db7b1582031a56144964521f6c6d0031bbff4eb5b7392c809367a48ff9a,2022-02,Gloucestershire Constabulary,Gloucestershire Constabulary,-2.236122,51.863071,On or near Supermarket,E01022289,Gloucester 005B,Violence and sexual offences,Unable to prosecute suspect,
53335128d510de3618e7c0b13eda34d5e5ed3b175ff0dcd4200f996ecd64ccf0,2022-02,Gloucestershire Constabulary,Gloucestershire Constabulary,-2.235308,51.860232,On or near Vauxhall Terrace,E01022289,Gloucester 005B,Violence and sexual offences,Unable to prosecute suspect,
743af966ef19c65da03a4ecf2bca2b8c0910a29cbcc58e82f0588adae40fff10,2022-02,Gloucestershire Constabulary,Gloucestershire Constabulary,-2.234319,51.859910,On or near Old Row,E01022290,Gloucester 005C,Burglary,Investigation complete; no suspect identified,
4eb554c36b6341494f2ba5f0dc6283244d04a8b85ea29bddacf8766f13960a38,2022-02,Gloucestershire Constabulary,Gloucestershire Constabulary,-2.232560,51.859428,On or near Jersey Road,E01022290,Gloucester 005C,Criminal damage and arson,Investigation complete; no suspect identified,
3afcd33eaed04cd3838b2107a616061584ff736805dbd9061f5597e70995e864,2022-02,Gloucestershire Constabulary,Gloucestershire Constabulary,-2.228178,51.860183,On or near Ayland Gardens,E01022290,Gloucester 005C,Criminal damage and arson,Investigation complete; no suspect identified,
ced5be54720409c69497fac9e3c1322596d3aafe5474775466fd518a1c29fda3,2022-02,Gloucestershire Constabulary,Gloucestershire Constabulary,-2.228178,51.860183,On or near Ayland Gardens,E01022290,Gloucester 005C,Public order,Unable to prosecute suspect,
7ec0a929b505474b90e9edf0d4c830a51e901f42259cf1e921d1ed45895fad70,2022-02,Gloucestershire Constabulary,Gloucestershire Constabulary,-2.230256,51.860421,On or near Sidney Street,E01022290,Gloucester 005C,Public order,Investigation complete; no suspect identified,
c9ce39e27cd07a8cf37dab6f9504fb5a42e410c23cb28b93181ea4156606a9c9,2022-02,Gloucestershire Constabulary,Gloucestershire Constabulary,-2.228178,51.860183,On or near Ayland Gardens,E01022290,Gloucester 005C,Public order,Unable to prosecute suspect,
6ddd1a42dc2c35c1980e70310706909760c9ec482b0c4582e26f7ce459617b90,2022-02,Gloucestershire Constabulary,Gloucestershire Constabulary,-2.229230,51.858463,On or near Birchmore Road,E01022290,Gloucester 005C,Public order,Unable to prosecute suspect,
ef4b32b817dbeb3125bc36da48c1dabe8ae119f5901063839bbe83e596860ef4,2022-02,Gloucestershire Constabulary,Gloucestershire Constabulary,-2.230256,51.860421,On or near Sidney Street,E01022290,Gloucester 005C,Public order,Unable to prosecute suspect,
fff0d955bae65c4504e62fb8b8d6aef1500e69053a2b1182ba46bca14542701f,2022-02,Gloucestershire Constabulary,Gloucestershire Constabulary,-2.232560,51.859428,On or near Jersey Road,E01022290,Gloucester 005C,Robbery,Investigation complete; no suspect identified,
18d03a37956881dc04a39c47eb5aec9e27267e88eea5d85cf63afb81dc436bc0,2022-02,Gloucestershire Constabulary,Gloucestershire Constabulary,-2.234319,51.859910,On or near Old Row,E01022290,Gloucester 005C,Shoplifting,Investigation complete; no suspect identified,
524e62af092823758a93388452ba0cd564a7ae483a3ea80e91963a16931fd495,2022-02,Gloucestershire Constabulary,Gloucestershire Constabulary,-2.234319,51.859910,On or near Old Row,E01022290,Gloucester 005C,Shoplifting,Investigation complete; no suspect identified,
1af471c02d2473a44fca499ce2b2a37ab62fe985cd8a34be6bcfb0710f2d2627,2022-02,Gloucestershire Constabulary,Gloucestershire Constabulary,-2.230256,51.860421,On or near Sidney Street,E01022290,Gloucester 005C,Vehicle crime,Investigation complete; no suspect identified,
23c10666870614600a58b19bef899d6f90f048a3af34b717580a5a79f2875d4e,2022-02,Gloucestershire Constabulary,Gloucestershire Constabulary,-2.228178,51.860183,On or near Ayland Gardens,E01022290,Gloucester 005C,Violence and sexual offences,Investigation complete; no suspect identified,
7286153fb74969e617d26848ec010ef0dce6a2091cbf5a06160b8970830f132f,2022-02,Gloucestershire Constabulary,Gloucestershire Constabulary,-2.228178,51.860183,On or near Ayland Gardens,E01022290,Gloucester 005C,Violence and sexual offences,Unable to prosecute suspect,
1cecc9facad14a0f116b9a84d131a1155f772daedcff07288ab050a6e36b39af,2022-02,Gloucestershire Constabulary,Gloucestershire Constabulary,-2.228178,51.860183,On or near Ayland Gardens,E01022290,Gloucester 005C,Violence and sexual offences,Unable to prosecute suspect,
5ef0fac9f32e6b15abe863a69fb8ad7ed9dabcd525d5e0413c0601676eaa0e5f,2022-02,Gloucestershire Constabulary,Gloucestershire Constabulary,-2.228840,51.858905,On or near Bishopstone Road,E01022290,Gloucester 005C,Violence and sexual offences,Unable to prosecute suspect,
e64b5abb75b27ab17288657ca7cccf8a0e0b98eda529b378ba4ecbe809be4f3b,2022-02,Gloucestershire Constabulary,Gloucestershire Constabulary,-2.234319,51.859910,On or near Old Row,E01022290,Gloucester 005C,Violence and sexual offences,Unable to prosecute suspect,
afadcafd23dbe329430758917ecc9989fb804cd267aa6d22973dba05d21f16e0,2022-02,Gloucestershire Constabulary,Gloucestershire Constabulary,-2.234319,51.859910,On or near Old Row,E01022290,Gloucester 005C,Violence and sexual offences,Unable to prosecute suspect,
47a5361ffb46147d329cccfbde696c267c6aa817669978823a4d83a5c5f87e9a,2022-02,Gloucestershire Constabulary,Gloucestershire Constabulary,-2.230256,51.860421,On or near Sidney Street,E01022290,Gloucester 005C,Violence and sexual offences,Unable to prosecute suspect,
f75c6cbd8337dd7c571dec568714ab94681dacd85feada126a5050dd956b75a5,2022-02,Gloucestershire Constabulary,Gloucestershire Constabulary,-2.228178,51.860183,On or near Ayland Gardens,E01022290,Gloucester 005C,Violence and sexual offences,Investigation complete; no suspect identified,
,2022-02,Gloucestershire Constabulary,Gloucestershire Constabulary,-2.234411,51.858067,On or near Hopewell Street,E01022291,Gloucester 005D,Anti-social behaviour,,
,2022-02,Gloucestershire Constabulary,Gloucestershire Constabulary,-2.236718,51.857612,On or near Ryecroft Street,E01022291,Gloucester 005D,Anti-social behaviour,,
,2022-02,Gloucestershire Constabulary,Gloucestershire Constabulary,-2.236718,51.857612,On or near Ryecroft Street,E01022291,Gloucester 005D,Anti-social behaviour,,
,2022-02,Gloucestershire Constabulary,Gloucestershire Constabulary,-2.236301,51.855590,On or near Dynevor Street,E01022291,Gloucester 005D,Anti-social behaviour,,
,2022-02,Gloucestershire Constabulary,Gloucestershire Constabulary,-2.236260,51.856247,On or near Grove Street,E01022291,Gloucester 005D,Anti-social behaviour,,
68a9d49bb90837a230740598ff263dde82a28e371a448e44f9997deebc15876c,2022-02,Gloucestershire Constabulary,Gloucestershire Constabulary,-2.236718,51.857612,On or near Ryecroft Street,E01022291,Gloucester 005D,Bicycle theft,Investigation complete; no suspect identified,
dc84e8df0b4eb4d638a99cbb99cba9898f006d18f5259429d5c47d4762e80f0d,2022-02,Gloucestershire Constabulary,Gloucestershire Constabulary,-2.233668,51.857610,On or near St James Street,E01022291,Gloucester 005D,Criminal damage and arson,Unable to prosecute suspect,
755fc8f72906f63ac22183ffc99932c74f5e2fbe6b14840467a2726f2702e52f,2022-02,Gloucestershire Constabulary,Gloucestershire Constabulary,-2.234115,51.854165,On or near Moor Street,E01022291,Gloucester 005D,Criminal damage and arson,Investigation complete; no suspect identified,
d3b14b565c6f2086d0776814d145d0fddd7b275ffd137f940608a9b2e081f517,2022-02,Gloucestershire Constabulary,Gloucestershire Constabulary,-2.236260,51.856247,On or near Grove Street,E01022291,Gloucester 005D,Other theft,Unable to prosecute suspect,
eec91fa6f376a1bb6bd0f6e442c53aa5af7b2bd6a392849cf07ccb7638ca40ca,2022-02,Gloucestershire Constabulary,Gloucestershire Constabulary,-2.236260,51.856247,On or near Grove Street,E01022291,Gloucester 005D,Public order,Investigation complete; no suspect identified,
ac8a7062db720eadf6c9357c75df9880ab4ce12e014033acf63a7f8e9cdb86f3,2022-02,Gloucestershire Constabulary,Gloucestershire Constabulary,-2.236301,51.855590,On or near Dynevor Street,E01022291,Gloucester 005D,Public order,Investigation complete; no suspect identified,
c0bcdd21caa9a88b63cacbc85037e1ca762fbe8d32cedba9d57ad47eaeb2e068,2022-02,Gloucestershire Constabulary,Gloucestershire Constabulary,-2.234115,51.854165,On or near Moor Street,E01022291,Gloucester 005D,Violence and sexual offences,Unable to prosecute suspect,
27854d185915ba93152c03a838626a9902c95d4fc554b7fd567087d1174f99ce,2022-02,Gloucestershire Constabulary,Gloucestershire Constabulary,-2.234115,51.854165,On or near Moor Street,E01022291,Gloucester 005D,Violence and sexual offences,Unable to prosecute suspect,
99b56326e791543e0e008e6761b63295d4df660966ba83121bc8baf731fd59fe,2022-02,Gloucestershire Constabulary,Gloucestershire Constabulary,-2.236260,51.856247,On or near Grove Street,E01022291,Gloucester 005D,Violence and sexual offences,Court result unavailable,
39accd688e5f8ce6586f6eb4b9cb9ba43266a8bba9416f84c4b113311b8ff25d,2022-02,Gloucestershire Constabulary,Gloucestershire Constabulary,-2.234115,51.854165,On or near Moor Street,E01022291,Gloucester 005D,Violence and sexual offences,Unable to prosecute suspect,
9959f2ab22352c72cce35c9052125e23c7ef49edbdda8ee974f7ed0cf7f63eb1,2022-02,Gloucestershire Constabulary,Gloucestershire Constabulary,-2.238358,51.857447,On or near Falkner Street,E01022291,Gloucester 005D,Violence and sexual offences,Unable to prosecute suspect,
2250b7db08f197b1cda16f5fcc9c1cb06947ab22a027022676829fe2f7c97ab6,2022-02,Gloucestershire Constabulary,Gloucestershire Constabulary,-2.234115,51.854165,On or near Moor Street,E01022291,Gloucester 005D,Violence and sexual offences,Unable to prosecute suspect,
043f574d07db31380285f65770bda7b086e3ccaaa0122060d0338167347f3068,2022-02,Gloucestershire Constabulary,Gloucestershire Constabulary,-2.234115,51.854165,On or near Moor Street,E01022291,Gloucester 005D,Violence and sexual offences,Unable to prosecute suspect,
344a47e0bf90777f3ca290b27f7f3a8a46890777be230c280fb9afd6010188d9,2022-02,Gloucestershire Constabulary,Gloucestershire Constabulary,-2.236260,51.856247,On or near Grove Street,E01022291,Gloucester 005D,Violence and sexual offences,Investigation complete; no suspect identified,
47ba32f980fb74ff1389a9b6c07357e1a1515790be0cb4bd80ac61b7d62164c8,2022-02,Gloucestershire Constabulary,Gloucestershire Constabulary,-2.234115,51.854165,On or near Moor Street,E01022291,Gloucester 005D,Violence and sexual offences,Unable to prosecute suspect,
458fcb0b63e25cee3f10a2c414430061efef83fdb03d85f2a0fe257a1e58d1b6,2022-02,Gloucestershire Constabulary,Gloucestershire Constabulary,-2.233668,51.857610,On or near St James Street,E01022291,Gloucester 005D,Other crime,Unable to prosecute suspect,
,2022-02,Gloucestershire Constabulary,Gloucestershire Constabulary,-2.240768,51.860266,On or near Park Road,E01022292,Gloucester 005E,Anti-social behaviour,,
6bbd09433cd3f619afa88d908d54e26fa176fa7907998f5c7d66f9550b1eeaf3,2022-02,Gloucestershire Constabulary,Gloucestershire Constabulary,-2.238147,51.856090,On or near Daventry Terrace,E01022292,Gloucester 005E,Bicycle theft,Investigation complete; no suspect identified,
400cf416d030c9e42fefbfe08040bc73195e2593be975a55c29450bc1491425e,2022-02,Gloucestershire Constabulary,Gloucestershire Constabulary,-2.239241,51.857023,On or near Regent Street,E01022292,Gloucester 005E,Burglary,Investigation complete; no suspect identified,
36d06a8ad89e827a4a165b7afe0c940bb391ce0f6ffabbba6fa65e58973fc839,2022-02,Gloucestershire Constabulary,Gloucestershire Constabulary,-2.240153,51.859314,On or near Archibald Street,E01022292,Gloucester 005E,Criminal damage and arson,Court result unavailable,
d0885b03e152b664ca8338fe84602eae338788c820a49f0147d2d782dc49c4d1,2022-02,Gloucestershire Constabulary,Gloucestershire Constabulary,-2.239668,51.855404,On or near Howard Street,E01022292,Gloucester 005E,Public order,Unable to prosecute suspect,
03733755ed291b2ec767ae4ea52e19c2102d44a36b01b652c1d69714f087bb56,2022-02,Gloucestershire Constabulary,Gloucestershire Constabulary,-2.240153,51.859314,On or near Archibald Street,E01022292,Gloucester 005E,Public order,Unable to prosecute suspect,
ef359a2189016ac2a2854c361ad1b16e2f266f1f86d9da5827fd11e0749966b3,2022-02,Gloucestershire Constabulary,Gloucestershire Constabulary,-2.237892,51.854526,On or near Morpeth Street,E01022292,Gloucester 005E,Vehicle crime,Investigation complete; no suspect identified,
0ef0b7d08d1cffaecefa70a678733d9fcb6dcd5e4027727d22a9ef19b9995331,2022-02,Gloucestershire Constabulary,Gloucestershire Constabulary,-2.239668,51.855404,On or near Howard Street,E01022292,Gloucester 005E,Violence and sexual offences,Unable to prosecute suspect,
a1cf5107101cab51e2afe325adb4c7aca0f2116ca0f5ca5631d514bd8a073ef2,2022-02,Gloucestershire Constabulary,Gloucestershire Constabulary,-2.240153,51.859314,On or near Archibald Street,E01022292,Gloucester 005E,Violence and sexual offences,Investigation complete; no suspect identified,
c749fda41c7195a6cbab5db53b3e8a9b35fe55eaf2cbc5aa91e7c2c880eddc75,2022-02,Gloucestershire Constabulary,Gloucestershire Constabulary,-2.240180,51.858756,On or near Goodyere Street,E01022292,Gloucester 005E,Violence and sexual offences,Unable to prosecute suspect,
8a27ccf8621a96eb9b5942b01999eb6264e54412a4604c8bfa6508de5f992e56,2022-02,Gloucestershire Constabulary,Gloucestershire Constabulary,-2.239241,51.857023,On or near Regent Street,E01022292,Gloucester 005E,Violence and sexual offences,Investigation complete; no suspect identified,
0ba67caea9477825234fa90e47158cb37a07f2c3700cf298a8b8e99e33330079,2022-02,Gloucestershire Constabulary,Gloucestershire Constabulary,-2.240153,51.859314,On or near Archibald Street,E01022292,Gloucester 005E,Violence and sexual offences,Unable to prosecute suspect,
615e91e923991cd4edcb1cb99fe6766fc293b3bce12f68f566684a8c833af94c,2022-02,Gloucestershire Constabulary,Gloucestershire Constabulary,-2.239241,51.857023,On or near Regent Street,E01022292,Gloucester 005E,Violence and sexual offences,Unable to prosecute suspect,
718c8e32d5c1e9e68bb669e3c30669cdb05c253652cd4b76b3da5433a0a176c9,2022-02,Gloucestershire Constabulary,Gloucestershire Constabulary,-2.238147,51.856090,On or near Daventry Terrace,E01022292,Gloucester 005E,Violence and sexual offences,Unable to prosecute suspect,
86d3ebb65a7bd656ea2dc673077cb784a6aa407b06ad7c7b49220a470b9b41ef,2022-02,Gloucestershire Constabulary,Gloucestershire Constabulary,-2.238147,51.856090,On or near Daventry Terrace,E01022292,Gloucester 005E,Violence and sexual offences,Unable to prosecute suspect,
fe6b7d3c7d0ecd088ade224a89342aebc8fb040fe466cd05d04532fa3a80c299,2022-02,Gloucestershire Constabulary,Gloucestershire Constabulary,-2.240768,51.860266,On or near Park Road,E01022292,Gloucester 005E,Violence and sexual offences,Unable to prosecute suspect,
15194ebd4b0f052ad02cb10e2bd128d932e49560e9cd202eb2490c157c31ba3e,2022-02,Gloucestershire Constabulary,Gloucestershire Constabulary,-2.189642,51.857230,On or near Foxwell Drive,E01022303,Gloucester 006B,Burglary,Investigation complete; no suspect identified,
ae25f04bc2ea5e66fd1d7168b81dbb69efa4d81310665abf7be000c9c87541e2,2022-02,Gloucestershire Constabulary,Gloucestershire Constabulary,-2.189642,51.857230,On or near Foxwell Drive,E01022303,Gloucester 006B,Burglary,Investigation complete; no suspect identified,
96a50a40951140fedfdb993b700d045a2c73cbff01eef9daadb174c492b5a5fc,2022-02,Gloucestershire Constabulary,Gloucestershire Constabulary,-2.189065,51.854732,On or near Erminster Drive,E01022303,Gloucester 006B,Burglary,Investigation complete; no suspect identified,
d39f34f7646366bc66ba2312a7c0acffea425fe5e61d7e7f95482855584752f6,2022-02,Gloucestershire Constabulary,Gloucestershire Constabulary,-2.186672,51.855311,On or near Mogridge Close,E01022303,Gloucester 006B,Burglary,Investigation complete; no suspect identified,
87848205298560fd68693c24d87fb8d09c1e2f3e839d11cf3baec52c8c71149a,2022-02,Gloucestershire Constabulary,Gloucestershire Constabulary,-2.190759,51.856932,On or near Supermarket,E01022303,Gloucester 006B,Shoplifting,Court result unavailable,
00eef7d92d4522387eb2138dd567d267c3e0ddfc28fc91dbd9d276a6b5676529,2022-02,Gloucestershire Constabulary,Gloucestershire Constabulary,-2.190759,51.856932,On or near Supermarket,E01022303,Gloucester 006B,Shoplifting,Unable to prosecute suspect,
bfa2fd9fe53723f54f6b9175e4e2860f62f65627cc3bc5b7347a34e52a0fa19c,2022-02,Gloucestershire Constabulary,Gloucestershire Constabulary,-2.187989,51.861189,On or near Colwell Avenue,E01022303,Gloucester 006B,Vehicle crime,Investigation complete; no suspect identified,
5dc8b3c82714197f18bc4a99eddff8f85b3ba42a7ad72a39b531463d21315a7f,2022-02,Gloucestershire Constabulary,Gloucestershire Constabulary,-2.188917,51.860882,On or near Queens Close,E01022303,Gloucester 006B,Vehicle crime,Unable to prosecute suspect,
2be2edd29a7669a0b682cc3ee2087a63afa42f5b7da5e755afde9029312cc3d6,2022-02,Gloucestershire Constabulary,Gloucestershire Constabulary,-2.188917,51.860882,On or near Queens Close,E01022303,Gloucester 006B,Violence and sexual offences,Unable to prosecute suspect,
34264edb69f6646a9119865ca2dd9bf4d262039083823b41f0001aa1c3fc79ac,2022-02,Gloucestershire Constabulary,Gloucestershire Constabulary,-2.188917,51.860882,On or near Queens Close,E01022303,Gloucester 006B,Violence and sexual offences,Unable to prosecute suspect,
07d21bf53fa3da5d709ed15eab78902ad87136a8e58d3296e648d024fa78f371,2022-02,Gloucestershire Constabulary,Gloucestershire Constabulary,-2.188271,51.852315,On or near Kingscroft Road,E01022304,Gloucester 006C,Burglary,Investigation complete; no suspect identified,
d86af7bb5dd2eed5fc4b997af0b067612c3996c44c6820b49d235f2daf3f5192,2022-02,Gloucestershire Constabulary,Gloucestershire Constabulary,-2.184161,51.855648,On or near Laynes Road,E01022304,Gloucester 006C,Burglary,Investigation complete; no suspect identified,
ca6e5a3d925d9cd87cce484e7f406a6c6e70a0e545ed6a818d60e5018ea0987a,2022-02,Gloucestershire Constabulary,Gloucestershire Constabulary,-2.184958,51.858820,On or near Pitt Mill Gardens,E01022304,Gloucester 006C,Public order,Unable to prosecute suspect,
9cb12bf928779773e26326e239f972b4f1cdc1f4e85cd0e157a530ac4568d648,2022-02,Gloucestershire Constabulary,Gloucestershire Constabulary,-2.180642,51.854233,On or near Buscombe Gardens,E01022304,Gloucester 006C,Violence and sexual offences,Unable to prosecute suspect,
7c2f87f674b35e8c2e1c9cf9aa517dd753a255cb9b14c04d0de943727a54c6fa,2022-02,Gloucestershire Constabulary,Gloucestershire Constabulary,-2.187651,51.853260,On or near Millbridge Road,E01022304,Gloucester 006C,Violence and sexual offences,Unable to prosecute suspect,
45021584ce29327ae4201671c1c174bf84adac4352ca964f2b7e9d526692f0e9,2022-02,Gloucestershire Constabulary,Gloucestershire Constabulary,-2.180642,51.854233,On or near Buscombe Gardens,E01022304,Gloucester 006C,Violence and sexual offences,Unable to prosecute suspect,
1e8fe18c499f35f3479ceee6addbffeddb5809cdeb76376b5cdf8f2a5f32a8a5,2022-02,Gloucestershire Constabulary,Gloucestershire Constabulary,-2.184958,51.858820,On or near Pitt Mill Gardens,E01022304,Gloucester 006C,Violence and sexual offences,Unable to prosecute suspect,
d49fe848f26a6738e6b0913c1435b86af79428287e0bde16040d6a4b35da163b,2022-02,Gloucestershire Constabulary,Gloucestershire Constabulary,-2.193194,51.852621,On or near Lynton Road,E01022305,Gloucester 006D,Drugs,Court result unavailable,
f944a3215ec8ae5118b27d12326e94ae016d0bab6a2ee5a7611ce3a216b3a4b9,2022-02,Gloucestershire Constabulary,Gloucestershire Constabulary,-2.193094,51.863114,On or near Gilpin Avenue,E01022308,Gloucester 006E,Burglary,Investigation complete; no suspect identified,
5a5cbdedce4f6037f87603a37a00e3fb0612bf55f18e7fb8d322253c7d0fcb37,2022-02,Gloucestershire Constabulary,Gloucestershire Constabulary,-2.196691,51.858864,On or near Petrol Station,E01022308,Gloucester 006E,Public order,Investigation complete; no suspect identified,
4cbb50df2a86b77d096ab0a70cd08544ce632c87558d24ec89fe6bfca0846da7,2022-02,Gloucestershire Constabulary,Gloucestershire Constabulary,-2.196691,51.858864,On or near Petrol Station,E01022308,Gloucester 006E,Shoplifting,Court result unavailable,
596363207ede5f1283168f919cdf40125cfddb14c62a8a572c29adfd8fe52045,2022-02,Gloucestershire Constabulary,Gloucestershire Constabulary,-2.196691,51.858864,On or near Petrol Station,E01022308,Gloucester 006E,Shoplifting,Court result unavailable,
f8b6586b08604f12c6d833690118bca9503c857bbfb4f4d5aaae9e96c4b40a94,2022-02,Gloucestershire Constabulary,Gloucestershire Constabulary,-2.196691,51.858864,On or near Petrol Station,E01022308,Gloucester 006E,Shoplifting,Investigation complete; no suspect identified,
9e478a7dbb5abbe2ab1798cf12e3bad1d8e98c33b44ff5a0e8cb8b6b1a790649,2022-02,Gloucestershire Constabulary,Gloucestershire Constabulary,-2.192379,51.862351,On or near Barnacre Drive,E01022308,Gloucester 006E,Vehicle crime,Investigation complete; no suspect identified,
9f4a4e68cf6bc82d644c4fb0ca1048181bf693a2b74b24e2ecfc7287d365e149,2022-02,Gloucestershire Constabulary,Gloucestershire Constabulary,-2.197674,51.861029,On or near Credon Road,E01022308,Gloucester 006E,Violence and sexual offences,Unable to prosecute suspect,
b7538ae1923b7986f8a7e159ce4eea1817312b24c034c6c14216d300734fe084,2022-02,Gloucestershire Constabulary,Gloucestershire Constabulary,-2.211438,51.842034,On or near Autumn Rise,E01022278,Gloucester 007A,Violence and sexual offences,Action to be taken by another organisation,
85297f4b8ba6da3165992a41a79dd58c3d16c0e306833d37916e1142ef0c0d0c,2022-02,Gloucestershire Constabulary,Gloucestershire Constabulary,-2.213196,51.842418,On or near Raven Close,E01022278,Gloucester 007A,Violence and sexual offences,Unable to prosecute suspect,
2d4a91d7eec5748b879c2db2791314b251dfa3dc1c6ae74da8efd8e243034009,2022-02,Gloucestershire Constabulary,Gloucestershire Constabulary,-2.216396,51.846970,On or near Curlew Road,E01022279,Gloucester 007B,Burglary,Investigation complete; no suspect identified,
034d07abdd1d9292c2a7e7eb4a69b3925782c4adccc43fed16112cea1922931f,2022-02,Gloucestershire Constabulary,Gloucestershire Constabulary,-2.211660,51.849236,On or near Thrush Close,E01022279,Gloucester 007B,Possession of weapons,Unable to prosecute suspect,
3c0659292fde7e6bc59b2817bf3eadadefdc59ebd86f23b9174bfa1bf6bb2452,2022-02,Gloucestershire Constabulary,Gloucestershire Constabulary,-2.211660,51.849236,On or near Thrush Close,E01022279,Gloucester 007B,Public order,Unable to prosecute suspect,
7ba85d168df815b350d44597a0a4c6fb7131f0279aa450062353c998594d2f21,2022-02,Gloucestershire Constabulary,Gloucestershire Constabulary,-2.214093,51.847982,On or near Hawthorne Avenue,E01022279,Gloucester 007B,Violence and sexual offences,Unable to prosecute suspect,
d6647198d7ae243269de3fd7d52733911150bae1d0bce1b0edefa8862949fcb8,2022-02,Gloucestershire Constabulary,Gloucestershire Constabulary,-2.211660,51.849236,On or near Thrush Close,E01022279,Gloucester 007B,Violence and sexual offences,Unable to prosecute suspect,
010afd467b9849dbef1801f515a1b35733762bea507e80fbef6090359c4a839c,2022-02,Gloucestershire Constabulary,Gloucestershire Constabulary,-2.214115,51.846453,On or near Eagle Way,E01022279,Gloucester 007B,Violence and sexual offences,Unable to prosecute suspect,
71ff0a03ec210a7a90d4fde0d12c5363f4da263051b6cabd0b64e823d5141b37,2022-02,Gloucestershire Constabulary,Gloucestershire Constabulary,-2.214093,51.847982,On or near Hawthorne Avenue,E01022279,Gloucester 007B,Violence and sexual offences,Unable to prosecute suspect,
,2022-02,Gloucestershire Constabulary,Gloucestershire Constabulary,-2.203321,51.847893,On or near Crock Mead,E01022282,Gloucester 007C,Anti-social behaviour,,
446e37d04aacdb04bf61cc5759da8fb333d1692a1c0c36e16d70ab6198556e13,2022-02,Gloucestershire Constabulary,Gloucestershire Constabulary,-2.201509,51.851726,On or near The Hazels,E01022282,Gloucester 007C,Violence and sexual offences,Investigation complete; no suspect identified,
d4a9b7379e9195dea06183f5c411ab8fc36f1bbd98f49343d6b86e4fd0919bf7,2022-02,Gloucestershire Constabulary,Gloucestershire Constabulary,-2.203321,51.847893,On or near Crock Mead,E01022282,Gloucester 007C,Violence and sexual offences,Court result unavailable,
9175e092d3704e70036da232ad0398646514fb55431c10186a7f11f7005208af,2022-02,Gloucestershire Constabulary,Gloucestershire Constabulary,-2.225794,51.850990,On or near Painswick Road,E01022284,Gloucester 007D,Criminal damage and arson,Unable to prosecute suspect,
1ab483f42b12666cb68d3d53954b198730c4579273889c709c901d22d983eaaf,2022-02,Gloucestershire Constabulary,Gloucestershire Constabulary,-2.224675,51.856458,On or near Retail Park,E01022284,Gloucester 007D,Drugs,Local resolution,
537d00befddcc5286957b9dd2f489448c3968c902253be95ad1be0d1de3836d6,2022-02,Gloucestershire Constabulary,Gloucestershire Constabulary,-2.225794,51.850990,On or near Painswick Road,E01022284,Gloucester 007D,Drugs,Local resolution,
7e055ee8c6e6b45ec81dccc3b2be61f1dc26037e23d529d315efb7ce30f17aca,2022-02,Gloucestershire Constabulary,Gloucestershire Constabulary,-2.223176,51.852883,On or near Fairford Way,E01022284,Gloucester 007D,Other theft,Unable to prosecute suspect,
0f030bc1cd031e66d4018eb6351187a39ad5c1ed443c0e0563b66c0607d110b0,2022-02,Gloucestershire Constabulary,Gloucestershire Constabulary,-2.225491,51.854218,On or near Malmesbury Road,E01022284,Gloucester 007D,Public order,Unable to prosecute suspect,
2de35a1dbc314eb8396b3b04701429dce09960ed578a28e171fa2e4b76a2fac9,2022-02,Gloucestershire Constabulary,Gloucestershire Constabulary,-2.225491,51.854218,On or near Malmesbury Road,E01022284,Gloucester 007D,Public order,Unable to prosecute suspect,
2ffa1459dc5739971034a5ffd92904b7b80c5852c0cd7558e7c70eb2b6b8b8df,2022-02,Gloucestershire Constabulary,Gloucestershire Constabulary,-2.225794,51.850990,On or near Painswick Road,E01022284,Gloucester 007D,Violence and sexual offences,Unable to prosecute suspect,
4358e802a80d005ce9d0757af376b45159b9ce277e3fc9c7e9f03c02ecdc409c,2022-02,Gloucestershire Constabulary,Gloucestershire Constabulary,-2.223253,51.850878,On or near Billingham Close,E01022284,Gloucester 007D,Violence and sexual offences,Unable to prosecute suspect,
600e93b19cd3c8f83f0e498cb11825542f774a9a18c89e6b2b2f624fd3ad1003,2022-02,Gloucestershire Constabulary,Gloucestershire Constabulary,-2.223176,51.852883,On or near Fairford Way,E01022284,Gloucester 007D,Violence and sexual offences,Court result unavailable,
81432f41be487aeb48b89ede6e2ded5e2beca6233f0514ca1653995d887be7f7,2022-02,Gloucestershire Constabulary,Gloucestershire Constabulary,-2.222250,51.853478,On or near Nut Croft,E01022284,Gloucester 007D,Violence and sexual offences,Investigation complete; no suspect identified,
8c32e5e93db7715891cebeb597fcc226c90b8582fda917203724539476aa0bad,2022-02,Gloucestershire Constabulary,Gloucestershire Constabulary,-2.225794,51.850990,On or near Painswick Road,E01022284,Gloucester 007D,Violence and sexual offences,Unable to prosecute suspect,
05d77c6c290b8dac5c9389a176106aa65a7b9578eb14de006f64456549770a4c,2022-02,Gloucestershire Constabulary,Gloucestershire Constabulary,-2.226845,51.854998,On or near Pedestrian Subway,E01022284,Gloucester 007D,Violence and sexual offences,Unable to prosecute suspect,
36e79a48dbdbc4e254a58f36b8e9778d297d64088d3f1875d7e48c064dfc5254,2022-02,Gloucestershire Constabulary,Gloucestershire Constabulary,-2.223125,51.851345,On or near Goldsborough Close,E01022284,Gloucester 007D,Violence and sexual offences,Unable to prosecute suspect,
e97a56a4adaa19a81dbed15abeebbd50d41be80906de9f8304ebf378e5cbe1d4,2022-02,Gloucestershire Constabulary,Gloucestershire Constabulary,-2.220918,51.851332,On or near Highfield Road,E01022284,Gloucester 007D,Violence and sexual offences,Unable to prosecute suspect,
b517616ba8fcdd9204e0c5e056ca19ac6847bee36fa39f9d505f53cf53c1662f,2022-02,Gloucestershire Constabulary,Gloucestershire Constabulary,-2.227927,51.853521,On or near Barton Street,E01022284,Gloucester 007D,Violence and sexual offences,Unable to prosecute suspect,
42dc452836387027af96869ee6ed026210cabd5c80220e33970bf32a00d94af8,2022-02,Gloucestershire Constabulary,Gloucestershire Constabulary,-2.222374,51.852138,On or near Concorde Way,E01022284,Gloucester 007D,Violence and sexual offences,Unable to prosecute suspect,
8ccf0006ef8392f5ad074acec9bb7050d3bd4f5dbb2c0e15e59f1de0ebd0cbec,2022-02,Gloucestershire Constabulary,Gloucestershire Constabulary,-2.225491,51.854218,On or near Malmesbury Road,E01022284,Gloucester 007D,Violence and sexual offences,Unable to prosecute suspect,
dc17f132410dbccccad29d47560c71680e0a71d8f669952991f6873c93c68641,2022-02,Gloucestershire Constabulary,Gloucestershire Constabulary,-2.226845,51.854998,On or near Pedestrian Subway,E01022284,Gloucester 007D,Violence and sexual offences,Unable to prosecute suspect,
3e7b101062de67e886e7995d367c3bc829156f3602d4052282deec05ced03bad,2022-02,Gloucestershire Constabulary,Gloucestershire Constabulary,-2.226845,51.854998,On or near Pedestrian Subway,E01022284,Gloucester 007D,Violence and sexual offences,Unable to prosecute suspect,
,2022-02,Gloucestershire Constabulary,Gloucestershire Constabulary,-2.212414,51.851995,On or near Coney Hill Parade,E01022285,Gloucester 007E,Anti-social behaviour,,
,2022-02,Gloucestershire Constabulary,Gloucestershire Constabulary,-2.210859,51.854937,On or near Ullenwood Road,E01022285,Gloucester 007E,Anti-social behaviour,,
,2022-02,Gloucestershire Constabulary,Gloucestershire Constabulary,-2.212414,51.851995,On or near Coney Hill Parade,E01022285,Gloucester 007E,Anti-social behaviour,,
,2022-02,Gloucestershire Constabulary,Gloucestershire Constabulary,-2.212414,51.851995,On or near Coney Hill Parade,E01022285,Gloucester 007E,Anti-social behaviour,,
b61ba33a6ff1ace0c50d88832a5ed998a0970e9ba4f9380d44e33d2ff2441505,2022-02,Gloucestershire Constabulary,Gloucestershire Constabulary,-2.210373,51.853401,On or near Hailes Road,E01022285,Gloucester 007E,Criminal damage and arson,Unable to prosecute suspect,
5bcd69affb6fc99e61f72dad52e1a353be67c5bd69514a5e98e52b1e940970f4,2022-02,Gloucestershire Constabulary,Gloucestershire Constabulary,-2.210373,51.853401,On or near Hailes Road,E01022285,Gloucester 007E,Public order,Unable to prosecute suspect,
1ef62e26e5c1b2e4dc1bfdc80e7d399b271e11d6b01a73324ab813fa2436acd9,2022-02,Gloucestershire Constabulary,Gloucestershire Constabulary,-2.210859,51.854937,On or near Ullenwood Road,E01022285,Gloucester 007E,Public order,Formal action is not in the public interest,
df61998f03e1b0b5b9447e6aa2ae11357f9f5796b78731315bf5705d5a0e2a2a,2022-02,Gloucestershire Constabulary,Gloucestershire Constabulary,-2.211564,51.853453,On or near Naunton Road,E01022285,Gloucester 007E,Violence and sexual offences,Unable to prosecute suspect,
55848564a154807fac175c02b9984a76c0387fe1be666fc37e860738a94c86bc,2022-02,Gloucestershire Constabulary,Gloucestershire Constabulary,-2.209590,51.850570,On or near West Lodge Drive,E01022285,Gloucester 007E,Violence and sexual offences,Unable to prosecute suspect,
080454d306eef87536faae50b8c24d245ba960cb4df33c063d531a97e413f985,2022-02,Gloucestershire Constabulary,Gloucestershire Constabulary,-2.211564,51.853453,On or near Naunton Road,E01022285,Gloucester 007E,Violence and sexual offences,Unable to prosecute suspect,
4ec955af1cba1d7d2b50456d8149e9174cfe6bc466003b74f2b024f8a2270794,2022-02,Gloucestershire Constabulary,Gloucestershire Constabulary,-2.211564,51.853453,On or near Naunton Road,E01022285,Gloucester 007E,Violence and sexual offences,Unable to prosecute suspect,
4098b90cbea90d44f4a14c70e8212a02410565a913b09dd511c5fb65a1d9be67,2022-02,Gloucestershire Constabulary,Gloucestershire Constabulary,-2.210373,51.853401,On or near Hailes Road,E01022285,Gloucester 007E,Violence and sexual offences,Unable to prosecute suspect,
58c1e27e23e13cef9fe917950e875dd8b76a9cb510e512fba23e23641b79e023,2022-02,Gloucestershire Constabulary,Gloucestershire Constabulary,-2.208527,51.856164,On or near St Lawrence Road,E01022285,Gloucester 007E,Violence and sexual offences,Formal action is not in the public interest,
7f31d82d11c9ca585b03a430e74aae263d0ef329ee4234b19de9c8e693556fc0,2022-02,Gloucestershire Constabulary,Gloucestershire Constabulary,-2.210859,51.854937,On or near Ullenwood Road,E01022285,Gloucester 007E,Violence and sexual offences,Unable to prosecute suspect,
,2022-02,Gloucestershire Constabulary,Gloucestershire Constabulary,-2.220123,51.852052,On or near Willow Avenue,E01022286,Gloucester 007F,Anti-social behaviour,,
518bbc3bebce1ac087c90e0a230105713914243eac3f8d375876681c7151b794,2022-02,Gloucestershire Constabulary,Gloucestershire Constabulary,-2.218426,51.852316,On or near Newton Avenue,E01022286,Gloucester 007F,Burglary,Unable to prosecute suspect,
e404de7bf59fd81bfa6189d28d030a811b46c922dfbb03a1e68482f676e86179,2022-02,Gloucestershire Constabulary,Gloucestershire Constabulary,-2.221692,51.849388,On or near Cheyney Close,E01022286,Gloucester 007F,Criminal damage and arson,Unable to prosecute suspect,
c45f73783c1996fb83cc604f7666b956287747c35935641fca67ecdf73f7fd87,2022-02,Gloucestershire Constabulary,Gloucestershire Constabulary,-2.215093,51.853635,On or near Boughton Way,E01022286,Gloucester 007F,Criminal damage and arson,Unable to prosecute suspect,
97dd5238a38983ee80d66599258127ae71bdf0e9f79d1c4b8793d0c62e1914a6,2022-02,Gloucestershire Constabulary,Gloucestershire Constabulary,-2.220123,51.852052,On or near Willow Avenue,E01022286,Gloucester 007F,Other theft,Investigation complete; no suspect identified,
638e83e94f00255a047d3acfa042c9880ea03a910641ea32bc8525638f0debd3,2022-02,Gloucestershire Constabulary,Gloucestershire Constabulary,-2.218426,51.852316,On or near Newton Avenue,E01022286,Gloucester 007F,Violence and sexual offences,Unable to prosecute suspect,
71f039e183f9410df408012378a896666028eea2c66137ec135cf0c88ff59067,2022-02,Gloucestershire Constabulary,Gloucestershire Constabulary,-2.218426,51.852316,On or near Newton Avenue,E01022286,Gloucester 007F,Violence and sexual offences,Unable to prosecute suspect,
b5e6024b210bdcbc32fc95e662d6097a6c03e8c235020e3b0791384989afa472,2022-02,Gloucestershire Constabulary,Gloucestershire Constabulary,-2.222524,51.850268,On or near Askwith Road,E01022286,Gloucester 007F,Violence and sexual offences,Unable to prosecute suspect,
6287f7fe75c45bba6fa862ea681c167b38d2aaa44245aa82018f115dd3e43741,2022-02,Gloucestershire Constabulary,Gloucestershire Constabulary,-2.222524,51.850268,On or near Askwith Road,E01022286,Gloucester 007F,Violence and sexual offences,Unable to prosecute suspect,
,2022-02,Gloucestershire Constabulary,Gloucestershire Constabulary,-2.197877,51.870865,On or near Parking Area,E01022287,Gloucester 007G,Anti-social behaviour,,
,2022-02,Gloucestershire Constabulary,Gloucestershire Constabulary,-2.214669,51.859111,On or near York Road,E01022287,Gloucester 007G,Anti-social behaviour,,
,2022-02,Gloucestershire Constabulary,Gloucestershire Constabulary,-2.197877,51.870865,On or near Parking Area,E01022287,Gloucester 007G,Anti-social behaviour,,
f4d5ce5d881dda4e1531b1ebf76eb22544161ab27b8a18f1d7c6bb57c1d5e5e6,2022-02,Gloucestershire Constabulary,Gloucestershire Constabulary,-2.217204,51.860995,On or near Southbrook Road,E01022287,Gloucester 007G,Bicycle theft,Investigation complete; no suspect identified,
173ee734a961f4df5cc8a7e7fcfca14b70417e98de382b8f8a35156e01b2bde7,2022-02,Gloucestershire Constabulary,Gloucestershire Constabulary,-2.200771,51.858866,On or near Weir Bridge Close,E01022287,Gloucester 007G,Burglary,Investigation complete; no suspect identified,
d271286d4a0244f5655c59a43fa8a0b49898540a1286f68ffc262cc315ef892c,2022-02,Gloucestershire Constabulary,Gloucestershire Constabulary,-2.216077,51.862040,On or near Northbrook Road,E01022287,Gloucester 007G,Drugs,Court result unavailable,
1b8e66aa878b9ed61eb3229f0005eeec729adc34bba8dc79351cf0721587489b,2022-02,Gloucestershire Constabulary,Gloucestershire Constabulary,-2.199065,51.860541,On or near Greenways,E01022287,Gloucester 007G,Other theft,Unable to prosecute suspect,
81476851cb3639be430df4ceaf40a886bfb35963ce4cb8f65145cbe7eb14439e,2022-02,Gloucestershire Constabulary,Gloucestershire Constabulary,-2.213475,51.861559,On or near Overbrook Close,E01022287,Gloucester 007G,Other theft,Investigation complete; no suspect identified,
8b141bae4f99b09b047eed5bba75f4ad1c32389eb622333adc1ef22be5d17181,2022-02,Gloucestershire Constabulary,Gloucestershire Constabulary,-2.205147,51.866321,On or near Corinium Avenue,E01022287,Gloucester 007G,Public order,Unable to prosecute suspect,
891406f6325535cd60cd95f7e55997f06784c0786e29fe22e8f548984b40e31a,2022-02,Gloucestershire Constabulary,Gloucestershire Constabulary,-2.219278,51.860326,On or near Chancel Close,E01022287,Gloucester 007G,Public order,Investigation complete; no suspect identified,
380a2c25343374ccf1f735dc9d23143943dff509b2851a998e5cfa6b6f951997,2022-02,Gloucestershire Constabulary,Gloucestershire Constabulary,-2.205147,51.866321,On or near Corinium Avenue,E01022287,Gloucester 007G,Public order,Formal action is not in the public interest,
f327d2acc20b801de44f4092f5151c4d4deee7d3c59daa6b7baacfaf4acb4879,2022-02,Gloucestershire Constabulary,Gloucestershire Constabulary,-2.219278,51.860326,On or near Chancel Close,E01022287,Gloucester 007G,Shoplifting,Investigation complete; no suspect identified,
3b3a858911cc2d367cc5b781d1390bd66b7dbc74d0705bfa0c162778b9a59fe4,2022-02,Gloucestershire Constabulary,Gloucestershire Constabulary,-2.219278,51.860326,On or near Chancel Close,E01022287,Gloucester 007G,Shoplifting,Investigation complete; no suspect identified,
95640e9eb3082e03fedcf1f741fc463069c1481456d1d9161094ace7b3a0dea2,2022-02,Gloucestershire Constabulary,Gloucestershire Constabulary,-2.213728,51.859778,On or near Durham Road,E01022287,Gloucester 007G,Shoplifting,Investigation complete; no suspect identified,
d199733cd92c920b350deea75b9e784b709fbcd392eadc1dad3714d2b5618b71,2022-02,Gloucestershire Constabulary,Gloucestershire Constabulary,-2.205147,51.866321,On or near Corinium Avenue,E01022287,Gloucester 007G,Shoplifting,Investigation complete; no suspect identified,
ea0093c7b65268c953895cabaad1ffcede2bcd9672eb52d7c5081287007b34da,2022-02,Gloucestershire Constabulary,Gloucestershire Constabulary,-2.213728,51.859778,On or near Durham Road,E01022287,Gloucester 007G,Shoplifting,Investigation complete; no suspect identified,
5eb98014043c7c4fe0d6e7f60a68bbbde05dae03bbc9f89b263f8749a0dbdc00,2022-02,Gloucestershire Constabulary,Gloucestershire Constabulary,-2.206902,51.862614,On or near Hammond Way,E01022287,Gloucester 007G,Shoplifting,Court result unavailable,
bdf21d4ff34932e8a279ab7a68bb8b7f79dc53e8eb7899c0d8e28eabb449872f,2022-02,Gloucestershire Constabulary,Gloucestershire Constabulary,-2.206902,51.862614,On or near Hammond Way,E01022287,Gloucester 007G,Shoplifting,Court result unavailable,
9ba8020e3e0efa38d6b0befa1f1d04f421356d64ec3063bdc6d5cde8ee85146c,2022-02,Gloucestershire Constabulary,Gloucestershire Constabulary,-2.213728,51.859778,On or near Durham Road,E01022287,Gloucester 007G,Shoplifting,Unable to prosecute suspect,
d136cde16d66870d2668aa946df8584921693e7d5e6922baf1fe8dcd8c53724e,2022-02,Gloucestershire Constabulary,Gloucestershire Constabulary,-2.206902,51.862614,On or near Hammond Way,E01022287,Gloucester 007G,Shoplifting,Court result unavailable,
104aecf0418f7a3119c29a303fa1d2bc4e38dade054b81f5d59006fe12bfc5c1,2022-02,Gloucestershire Constabulary,Gloucestershire Constabulary,-2.205147,51.866321,On or near Corinium Avenue,E01022287,Gloucester 007G,Vehicle crime,Investigation complete; no suspect identified,
ed11066b52679550d611da658c2e5f040dd7bff9fa0186fb87674135a73337f7,2022-02,Gloucestershire Constabulary,Gloucestershire Constabulary,-2.201472,51.859701,On or near Cherston Court,E01022287,Gloucester 007G,Violence and sexual offences,Unable to prosecute suspect,
10508d1dd4017a9336c4586f37c92580d54349336c3f5006d8b993a8b146f32d,2022-02,Gloucestershire Constabulary,Gloucestershire Constabulary,-2.213728,51.859778,On or near Durham Road,E01022287,Gloucester 007G,Violence and sexual offences,Unable to prosecute suspect,
572d0550ac3a96e029c9c5d3fb4301a2916ed3eaa5c9c58242529ef2f70f8fcc,2022-02,Gloucestershire Constabulary,Gloucestershire Constabulary,-2.213728,51.859778,On or near Durham Road,E01022287,Gloucester 007G,Violence and sexual offences,Investigation complete; no suspect identified,
3fd3a8c275451ff84e58c4302c544f1d75f8a71858b4653570ad3c8dd2793a01,2022-02,Gloucestershire Constabulary,Gloucestershire Constabulary,-2.201472,51.859701,On or near Cherston Court,E01022287,Gloucester 007G,Violence and sexual offences,Unable to prosecute suspect,
2b5bb21b4fbda28315295dff071b76a6b8ea568cc5ede79e0fdeb5484d1a0407,2022-02,Gloucestershire Constabulary,Gloucestershire Constabulary,-2.205299,51.861484,On or near Barnwood Road,E01022287,Gloucester 007G,Violence and sexual offences,Unable to prosecute suspect,
3e75582c209ba0e4b8a7f550d3578eb85435408a88b8ce7a567bb2e0d1be3f7a,2022-02,Gloucestershire Constabulary,Gloucestershire Constabulary,-2.212637,51.859331,On or near Chester Road,E01022287,Gloucester 007G,Violence and sexual offences,Investigation complete; no suspect identified,
327b881c9783a6e26893e1406028436688ca2003efa884190ac86ad1fce8e89f,2022-02,Gloucestershire Constabulary,Gloucestershire Constabulary,-2.213728,51.859778,On or near Durham Road,E01022287,Gloucester 007G,Violence and sexual offences,Unable to prosecute suspect,
01973e1f8df7b3d6e91c6ff45779c9ae3f7e85bd862891ebdc71a54432b0dd60,2022-02,Gloucestershire Constabulary,Gloucestershire Constabulary,-2.213728,51.859778,On or near Durham Road,E01022287,Gloucester 007G,Violence and sexual offences,Investigation complete; no suspect identified,
5d9e8467ac2e97160adc5053a43819eabccb9b849fadfa1a5ca55697e06e93bb,2022-02,Gloucestershire Constabulary,Gloucestershire Constabulary,-2.214423,51.862286,On or near Carne Place,E01022287,Gloucester 007G,Violence and sexual offences,Unable to prosecute suspect,
4386cedc2ef4a6d49c34e1d5ec1fbf74effd0ce8a15f7bd20391d07c74854cf6,2022-02,Gloucestershire Constabulary,Gloucestershire Constabulary,-2.216077,51.862040,On or near Northbrook Road,E01022287,Gloucester 007G,Violence and sexual offences,Unable to prosecute suspect,
f9c5d7c5d6889a14a57444aa81c0f3058b8c937dc02609f55ef55cc9378340c2,2022-02,Gloucestershire Constabulary,Gloucestershire Constabulary,-2.216077,51.862040,On or near Northbrook Road,E01022287,Gloucester 007G,Violence and sexual offences,Unable to prosecute suspect,
6c08eb465d560e75d18e9f8477a9d1efe5750352ed40f403a98cd0e7ad591c0f,2022-02,Gloucestershire Constabulary,Gloucestershire Constabulary,-2.240482,51.855636,On or near Conduit Street,E01022293,Gloucester 008A,Burglary,Unable to prosecute suspect,
,2022-02,Gloucestershire Constabulary,Gloucestershire Constabulary,-2.242078,51.858042,On or near Midland Road,E01022293,Gloucester 008A,Anti-social behaviour,,
,2022-02,Gloucestershire Constabulary,Gloucestershire Constabulary,-2.243534,51.856061,On or near Farm Street,E01022293,Gloucester 008A,Anti-social behaviour,,
dec1a5c8224672477fc1f7415be18e8f9d43804a9b62ca4ebdf84432c4522d22,2022-02,Gloucestershire Constabulary,Gloucestershire Constabulary,-2.242078,51.858042,On or near Midland Road,E01022293,Gloucester 008A,Public order,Unable to prosecute suspect,
9b7bf2374fcb60fefa68372c19d1b9b873ea9794f0e0560a6fdd4532a4c338b2,2022-02,Gloucestershire Constabulary,Gloucestershire Constabulary,-2.240482,51.855636,On or near Conduit Street,E01022293,Gloucester 008A,Vehicle crime,Unable to prosecute suspect,
e1838c03f5a899bc121a6c24514d78b76d768f319ef08d73670d754955c8c4ff,2022-02,Gloucestershire Constabulary,Gloucestershire Constabulary,-2.243783,51.856537,On or near Park End Road,E01022293,Gloucester 008A,Violence and sexual offences,Court result unavailable,
cd5ea2ccf76cc8e72a79c3bcb36d5ab70fd8726321bae0dc23de2b917fd2bcce,2022-02,Gloucestershire Constabulary,Gloucestershire Constabulary,-2.242078,51.858042,On or near Midland Road,E01022293,Gloucester 008A,Violence and sexual offences,Unable to prosecute suspect,
d24a8e6de2962fa97546f28730019fbee22241593e12b30447f58fb45fced763,2022-02,Gloucestershire Constabulary,Gloucestershire Constabulary,-2.243783,51.856537,On or near Park End Road,E01022293,Gloucester 008A,Violence and sexual offences,Unable to prosecute suspect,
1cd8d896dbeb7e15dc5a1ac902e6b05541545e38600c2cb0561048a01a15f020,2022-02,Gloucestershire Constabulary,Gloucestershire Constabulary,-2.242148,51.854832,On or near Furlong Road,E01022293,Gloucester 008A,Violence and sexual offences,Investigation complete; no suspect identified,
e55c91a6a6eb7970845e30f275793cf242480cab1fa97f66193b49bcf3e48b38,2022-02,Gloucestershire Constabulary,Gloucestershire Constabulary,-2.242078,51.858042,On or near Midland Road,E01022293,Gloucester 008A,Violence and sexual offences,Unable to prosecute suspect,
03dc442bbb2fc9ed2e4efb33ebf09c467e4b151e236c64e4e7dfa10b255173eb,2022-02,Gloucestershire Constabulary,Gloucestershire Constabulary,-2.242078,51.858042,On or near Midland Road,E01022293,Gloucester 008A,Violence and sexual offences,Action to be taken by another organisation,
4cbba0e2ead61e3c4f4adcf9673c73f417023f43fb31985cac7d72cd602e4e9f,2022-02,Gloucestershire Constabulary,Gloucestershire Constabulary,-2.242078,51.858042,On or near Midland Road,E01022293,Gloucester 008A,Violence and sexual offences,Unable to prosecute suspect,
7eb4f06fd4eb117356d4eec1f582c7631d92cace36cb6f777db148f0d65d8eb2,2022-02,Gloucestershire Constabulary,Gloucestershire Constabulary,-2.242078,51.858042,On or near Midland Road,E01022293,Gloucester 008A,Violence and sexual offences,Unable to prosecute suspect,
8907beedfd9df14c5d94e1d930b97806a27dbcd3dea7137628954e8467997455,2022-02,Gloucestershire Constabulary,Gloucestershire Constabulary,-2.242078,51.858042,On or near Midland Road,E01022293,Gloucester 008A,Violence and sexual offences,Unable to prosecute suspect,
,2022-02,Gloucestershire Constabulary,Gloucestershire Constabulary,-2.235053,51.853003,On or near Paul Street,E01022294,Gloucester 008B,Anti-social behaviour,,
,2022-02,Gloucestershire Constabulary,Gloucestershire Constabulary,-2.235542,51.852157,On or near Maldon Gardens,E01022294,Gloucester 008B,Anti-social behaviour,,
ef4c188424ae9555976f6b9797e59c722cae258c74ea1c54451504b77e5e7cb9,2022-02,Gloucestershire Constabulary,Gloucestershire Constabulary,-2.236517,51.852488,On or near Massey Parade,E01022294,Gloucester 008B,Burglary,Investigation complete; no suspect identified,
1a53f197e81d4c3274fab25adf0910b0212d1d10f56cab28076093e03ec4673f,2022-02,Gloucestershire Constabulary,Gloucestershire Constabulary,-2.234287,51.850946,On or near Leonard Road,E01022294,Gloucester 008B,Burglary,Investigation complete; no suspect identified,
d3d49c70005c0eded2deed80e29cab1e1fb9cba9d5c01caff45a224fd3247c65,2022-02,Gloucestershire Constabulary,Gloucestershire Constabulary,-2.234287,51.850946,On or near Leonard Road,E01022294,Gloucester 008B,Burglary,Unable to prosecute suspect,
829dead888afea3a559afe55e0430df48d632424bc71d82c614142afd9506b4b,2022-02,Gloucestershire Constabulary,Gloucestershire Constabulary,-2.234287,51.850946,On or near Leonard Road,E01022294,Gloucester 008B,Burglary,Unable to prosecute suspect,
5ef7b491239b3aef1468228af90d99509d4f7381f93220bb9fb1384c5370d63a,2022-02,Gloucestershire Constabulary,Gloucestershire Constabulary,-2.236257,51.852893,On or near Ducie Street,E01022294,Gloucester 008B,Burglary,Investigation complete; no suspect identified,
96bffd609860a9e7dcf03d7dec13bd829acf403cb45e0463b51b30374ba66996,2022-02,Gloucestershire Constabulary,Gloucestershire Constabulary,-2.235053,51.853003,On or near Paul Street,E01022294,Gloucester 008B,Criminal damage and arson,Investigation complete; no suspect identified,
f50f22b3b70a4233cf92abeb02b1a172c9f40d53dfc607defc8380036f6b8d60,2022-02,Gloucestershire Constabulary,Gloucestershire Constabulary,-2.237216,51.855678,On or near Llandilo Street,E01022294,Gloucester 008B,Criminal damage and arson,Investigation complete; no suspect identified,
e6ca00fde6f88c7385fc3c70f4977017b74fb5c64339686f3f3207d5d73a3450,2022-02,Gloucestershire Constabulary,Gloucestershire Constabulary,-2.236879,51.852487,On or near Victory Road,E01022294,Gloucester 008B,Other theft,Unable to prosecute suspect,
fdce9ee1a68dbb3fd95a63030432afac8bf935a0e37b344ecd2c8892a93ad1eb,2022-02,Gloucestershire Constabulary,Gloucestershire Constabulary,-2.234287,51.850946,On or near Leonard Road,E01022294,Gloucester 008B,Other theft,Status update unavailable,
ddf1f7a154ddccbf57d7ad479458e0dd48feead67e294c9c0c5e5151604f7096,2022-02,Gloucestershire Constabulary,Gloucestershire Constabulary,-2.235905,51.852166,On or near Dora Walk,E01022294,Gloucester 008B,Public order,Unable to prosecute suspect,
ad02e4e32d725c9df66ca0a79cd59c212a56a08e5cb45be8c0e263b32375dc0a,2022-02,Gloucestershire Constabulary,Gloucestershire Constabulary,-2.232539,51.852613,On or near Hatherley Road,E01022294,Gloucester 008B,Public order,Unable to prosecute suspect,
d0aff6b811a7bb3f521fa0f35911f09a1211f50c2f85f173789b9bbc2e8233f5,2022-02,Gloucestershire Constabulary,Gloucestershire Constabulary,-2.232539,51.852613,On or near Hatherley Road,E01022294,Gloucester 008B,Violence and sexual offences,Unable to prosecute suspect,
9313c3944de77db32fb16056ca5f2a0ba698ca68c77d7ab76f1a89246f6d8693,2022-02,Gloucestershire Constabulary,Gloucestershire Constabulary,-2.233266,51.852719,On or near Melbourne Street East,E01022294,Gloucester 008B,Violence and sexual offences,Unable to prosecute suspect,
6b063a458b54b081a45884bdf2d7f89e28ddf81c676b74ea02a4dabd574eb741,2022-02,Gloucestershire Constabulary,Gloucestershire Constabulary,-2.234287,51.850946,On or near Leonard Road,E01022294,Gloucester 008B,Violence and sexual offences,Unable to prosecute suspect,
455870195a4fec6527d0232039e1a267687f7e398202bc7a2e77a24912d6cffd,2022-02,Gloucestershire Constabulary,Gloucestershire Constabulary,-2.236101,51.853523,On or near Morton Street,E01022294,Gloucester 008B,Violence and sexual offences,Unable to prosecute suspect,
2b63a699f0d974f940bf0457fd7a2779811f7c2c0d6386911b77d00a44364df8,2022-02,Gloucestershire Constabulary,Gloucestershire Constabulary,-2.236879,51.852487,On or near Victory Road,E01022294,Gloucester 008B,Violence and sexual offences,Unable to prosecute suspect,
625127870b5d8ee174044cec15a51dcf8f315871c8290ae0f12c18d5dc90aa56,2022-02,Gloucestershire Constabulary,Gloucestershire Constabulary,-2.236879,51.852487,On or near Victory Road,E01022294,Gloucester 008B,Violence and sexual offences,Action to be taken by another organisation,
407dfb8a95c140386d7e8e5d8f949355792ffcc2e6c19ae45b3f59ba9adcc3c7,2022-02,Gloucestershire Constabulary,Gloucestershire Constabulary,-2.235905,51.852166,On or near Dora Walk,E01022294,Gloucester 008B,Violence and sexual offences,Unable to prosecute suspect,
4b8e567163de25ee9e501fd94625ee86ae5678283d188e675be9807637043511,2022-02,Gloucestershire Constabulary,Gloucestershire Constabulary,-2.232539,51.852613,On or near Hatherley Road,E01022294,Gloucester 008B,Violence and sexual offences,Unable to prosecute suspect,
5193623cca2aaefa23e6dd259f30e88d6354c4b5ef25031552fc069d286db2ac,2022-02,Gloucestershire Constabulary,Gloucestershire Constabulary,-2.232810,51.851641,On or near Matson Place,E01022294,Gloucester 008B,Violence and sexual offences,Unable to prosecute suspect,
0ef83861a1de191afb5c0fa82eda88a6135f7e824b84ba8b4838f70aa081ee7e,2022-02,Gloucestershire Constabulary,Gloucestershire Constabulary,-2.235053,51.853003,On or near Paul Street,E01022294,Gloucester 008B,Violence and sexual offences,Formal action is not in the public interest,
ae840707c19e19ee9646fa733ed04ad17e2963beef9724bdcdd468613a938bdc,2022-02,Gloucestershire Constabulary,Gloucestershire Constabulary,-2.232539,51.852613,On or near Hatherley Road,E01022294,Gloucester 008B,Violence and sexual offences,Unable to prosecute suspect,
,2022-02,Gloucestershire Constabulary,Gloucestershire Constabulary,-2.238424,51.845381,On or near Dickens Close,E01022323,Gloucester 008C,Anti-social behaviour,,
,2022-02,Gloucestershire Constabulary,Gloucestershire Constabulary,-2.236535,51.845035,On or near Avening Road,E01022323,Gloucester 008C,Anti-social behaviour,,
,2022-02,Gloucestershire Constabulary,Gloucestershire Constabulary,-2.236321,51.845682,On or near Barnfields,E01022323,Gloucester 008C,Anti-social behaviour,,
,2022-02,Gloucestershire Constabulary,Gloucestershire Constabulary,-2.237352,51.845662,On or near Northfield Road,E01022323,Gloucester 008C,Anti-social behaviour,,
,2022-02,Gloucestershire Constabulary,Gloucestershire Constabulary,-2.233989,51.846658,On or near Broadway,E01022323,Gloucester 008C,Anti-social behaviour,,
89784c92202a92456a5b739fe21d208a34700e1ac38fc73cbdf538972356b50d,2022-02,Gloucestershire Constabulary,Gloucestershire Constabulary,-2.234528,51.846981,On or near Stow Close,E01022323,Gloucester 008C,Criminal damage and arson,Investigation complete; no suspect identified,
e4df3adaaed9b787e36a94d58af4db682bbdbea4ab4c9805173ae12df6cc8fb1,2022-02,Gloucestershire Constabulary,Gloucestershire Constabulary,-2.233989,51.846658,On or near Broadway,E01022323,Gloucester 008C,Other theft,Unable to prosecute suspect,
4a85c4ab394e585bd45ca5f27fdd23fa7bc74263a1e62d43ef6b189c7f1fa893,2022-02,Gloucestershire Constabulary,Gloucestershire Constabulary,-2.238424,51.845381,On or near Dickens Close,E01022323,Gloucester 008C,Violence and sexual offences,Unable to prosecute suspect,
62a970ecdf2c4c1659292f198a81651189e468be8eb763742dfe36e7e3d1b3d6,2022-02,Gloucestershire Constabulary,Gloucestershire Constabulary,-2.233989,51.846658,On or near Broadway,E01022323,Gloucester 008C,Violence and sexual offences,Unable to prosecute suspect,
22a83e730e801c9d14e5d307e3b759764cdd14e9600b5c800108faf6c3c197fd,2022-02,Gloucestershire Constabulary,Gloucestershire Constabulary,-2.239359,51.851862,On or near Huxley Road,E01022328,Gloucester 008D,Criminal damage and arson,Unable to prosecute suspect,
80e155159af0ce8354584c66d44db1393d61982b45555f5b44230e038a1953d1,2022-02,Gloucestershire Constabulary,Gloucestershire Constabulary,-2.245144,51.850492,On or near Lannett Road,E01022328,Gloucester 008D,Other theft,Investigation complete; no suspect identified,
60cfb8122d026a26d74ea9114d17d4fb423daa5ac74268ba54eff2fcf187ed35,2022-02,Gloucestershire Constabulary,Gloucestershire Constabulary,-2.245919,51.851444,On or near Sports/Recreation Area,E01022328,Gloucester 008D,Public order,Unable to prosecute suspect,
f806717bceac789c2206d17b5b6873d2d6958d402ab1960ebcf0300d269bf9ad,2022-02,Gloucestershire Constabulary,Gloucestershire Constabulary,-2.239359,51.851862,On or near Huxley Road,E01022328,Gloucester 008D,Violence and sexual offences,Unable to prosecute suspect,
8630f1c6761c23eaf1a2279d3d8e9f7eb51fdaa5dcd1ea6650b9f0c96177dc8c,2022-02,Gloucestershire Constabulary,Gloucestershire Constabulary,-2.240359,51.851536,On or near Wheatstone Road,E01022328,Gloucester 008D,Violence and sexual offences,Unable to prosecute suspect,
d8f6c30790371d6f0c8f170113daf6c4b289319417f2966f9fe32d2ac4440233,2022-02,Gloucestershire Constabulary,Gloucestershire Constabulary,-2.245919,51.851444,On or near Sports/Recreation Area,E01022328,Gloucester 008D,Violence and sexual offences,Unable to prosecute suspect,
6eb9486ba75b58675ca45f81c6ebf6ba7b4b0bde9141c5290ca5735cefae90f4,2022-02,Gloucestershire Constabulary,Gloucestershire Constabulary,-2.239359,51.851862,On or near Huxley Road,E01022328,Gloucester 008D,Violence and sexual offences,Unable to prosecute suspect,
3e086e507eed59a0225b46803419e9cb3001b2a29889020026d0c03a8d7e6880,2022-02,Gloucestershire Constabulary,Gloucestershire Constabulary,-2.245919,51.851444,On or near Sports/Recreation Area,E01022328,Gloucester 008D,Violence and sexual offences,Unable to prosecute suspect,
8c565a0987c0b69a4a01951a575954bbe425d4533bd433da57f9e006e9454709,2022-02,Gloucestershire Constabulary,Gloucestershire Constabulary,-2.242714,51.852170,On or near Stanley Terrace,E01022328,Gloucester 008D,Violence and sexual offences,Action to be taken by another organisation,
cc0f47228e9e963096dd5fefe9dca63dc478d2062c8ad841ff7e286ffe44414c,2022-02,Gloucestershire Constabulary,Gloucestershire Constabulary,-2.245919,51.851444,On or near Sports/Recreation Area,E01022328,Gloucester 008D,Violence and sexual offences,Unable to prosecute suspect,
,2022-02,Gloucestershire Constabulary,Gloucestershire Constabulary,-2.239064,51.848257,On or near Bathurst Road,E01022329,Gloucester 008E,Anti-social behaviour,,
,2022-02,Gloucestershire Constabulary,Gloucestershire Constabulary,-2.237381,51.851138,On or near Nelson Street,E01022329,Gloucester 008E,Anti-social behaviour,,
,2022-02,Gloucestershire Constabulary,Gloucestershire Constabulary,-2.238931,51.850523,On or near Osric Road,E01022329,Gloucester 008E,Anti-social behaviour,,
7aaf5009651db13b6f47016c7482b4ace6ddfe38b8a16a1427d4c621e0dd7ad8,2022-02,Gloucestershire Constabulary,Gloucestershire Constabulary,-2.236524,51.848379,On or near Hartland Road,E01022329,Gloucester 008E,Criminal damage and arson,Investigation complete; no suspect identified,
4b7c85069fd5371702a87b3a58646bd539cd30818d348008e4677b1ae774aa6c,2022-02,Gloucestershire Constabulary,Gloucestershire Constabulary,-2.237381,51.851138,On or near Nelson Street,E01022329,Gloucester 008E,Criminal damage and arson,Unable to prosecute suspect,
dd74888b6ae083daf4bb58894c5935cca8cda3b24a46bf1de04643a452711145,2022-02,Gloucestershire Constabulary,Gloucestershire Constabulary,-2.237977,51.851415,On or near Wellesley Street,E01022329,Gloucester 008E,Other theft,Investigation complete; no suspect identified,
e234468eb7490a758b8cef112425b6ab92009cc9efa2fc74a9518fda826a88b5,2022-02,Gloucestershire Constabulary,Gloucestershire Constabulary,-2.237381,51.851138,On or near Nelson Street,E01022329,Gloucester 008E,Other theft,Investigation complete; no suspect identified,
3cae2254fa245ae07f49afd5140de637cc6176078c9678b66884bcfc6e302f9c,2022-02,Gloucestershire Constabulary,Gloucestershire Constabulary,-2.236524,51.848379,On or near Hartland Road,E01022329,Gloucester 008E,Public order,Unable to prosecute suspect,
82aadb17776034cd55b326c9bae3b1f9898a5c1388b49d35afd1c3ed1277e5e7,2022-02,Gloucestershire Constabulary,Gloucestershire Constabulary,-2.238931,51.850523,On or near Osric Road,E01022329,Gloucester 008E,Theft from the person,Unable to prosecute suspect,
204769368732dac1458f1eda1238deb4200eece4621eb86927989c6550f8be2e,2022-02,Gloucestershire Constabulary,Gloucestershire Constabulary,-2.240071,51.849217,On or near Pedestrian Subway,E01022329,Gloucester 008E,Violence and sexual offences,Action to be taken by another organisation,
47b0a6b74dc137b5de2a6f94cc5a45483d81fbd25faa5b279d889184d1267f22,2022-02,Gloucestershire Constabulary,Gloucestershire Constabulary,-2.240071,51.849217,On or near Pedestrian Subway,E01022329,Gloucester 008E,Violence and sexual offences,Action to be taken by another organisation,
7cc8929a31c57bd595cc734362ade0899588f725ab04ab4b1ca9290135f72f6f,2022-02,Gloucestershire Constabulary,Gloucestershire Constabulary,-2.241327,51.850635,On or near Stroud Road,E01022329,Gloucester 008E,Violence and sexual offences,Unable to prosecute suspect,
9dba05f857a767f41984d19db1e2ab4ea0ddbb5f61deba06a068f55e54d00c01,2022-02,Gloucestershire Constabulary,Gloucestershire Constabulary,-2.240071,51.849217,On or near Pedestrian Subway,E01022329,Gloucester 008E,Violence and sexual offences,Action to be taken by another organisation,
0cd9323fa79522c530e66c445173b58497b014d48b6ae2f98889db15b248b78e,2022-02,Gloucestershire Constabulary,Gloucestershire Constabulary,-2.236719,51.849629,On or near Clevedon Road,E01022329,Gloucester 008E,Violence and sexual offences,Unable to prosecute suspect,
cfdaf6e14da08adc22c47eedd5630809f8419c8e7b0f4394e9251d7ba8bb3aa2,2022-02,Gloucestershire Constabulary,Gloucestershire Constabulary,-2.236719,51.849629,On or near Clevedon Road,E01022329,Gloucester 008E,Violence and sexual offences,Unable to prosecute suspect,
a4539616052f9a820e7636581a8157cbf485d0287f744ac17b64259c3c7612c8,2022-02,Gloucestershire Constabulary,Gloucestershire Constabulary,-2.237381,51.851138,On or near Nelson Street,E01022329,Gloucester 008E,Violence and sexual offences,Unable to prosecute suspect,
faeac9b07d0498f9a6d126df025cd6a94ec27e5ff880db4bb0d7cb67f2c00982,2022-02,Gloucestershire Constabulary,Gloucestershire Constabulary,-2.235981,51.850062,On or near Highworth Road,E01022329,Gloucester 008E,Violence and sexual offences,Unable to prosecute suspect,
94f0d30b7b381d3eee3af2f726be706ede4ac6181fae58d7461945dc0ff5bc68,2022-02,Gloucestershire Constabulary,Gloucestershire Constabulary,-2.237381,51.851138,On or near Nelson Street,E01022329,Gloucester 008E,Violence and sexual offences,Unable to prosecute suspect,
a8f2c962daa157129293971ba6410a1c325dc6dac6e4577fdcb2579f0f9e95ad,2022-02,Gloucestershire Constabulary,Gloucestershire Constabulary,-2.235981,51.850062,On or near Highworth Road,E01022329,Gloucester 008E,Violence and sexual offences,Unable to prosecute suspect,
e3ba84b21a41a925fcbd147b2cb9c8a46a55bbac79f9c3a1757462649a05f047,2022-02,Gloucestershire Constabulary,Gloucestershire Constabulary,-2.235981,51.850062,On or near Highworth Road,E01022329,Gloucester 008E,Violence and sexual offences,Unable to prosecute suspect,
8f3dfbbb35e0251429f6bd030130658ebffebb3792a7efccf5923612f5d5565c,2022-02,Gloucestershire Constabulary,Gloucestershire Constabulary,-2.239064,51.848257,On or near Bathurst Road,E01022329,Gloucester 008E,Violence and sexual offences,Unable to prosecute suspect,
dff72bf60a0685f94e62b60d3f312d54e592d1705ba7e83139570c51026550c8,2022-02,Gloucestershire Constabulary,Gloucestershire Constabulary,-2.239064,51.848257,On or near Bathurst Road,E01022329,Gloucester 008E,Violence and sexual offences,Unable to prosecute suspect,
c93a123ec50b332d94062570db5b630f2432c9c2a5f5774adce33eda05239c49,2022-02,Gloucestershire Constabulary,Gloucestershire Constabulary,-2.251899,51.853778,On or near Alma Place,E01022326,Gloucester 009A,Bicycle theft,Investigation complete; no suspect identified,
d5badab2a3f23542c2f3c9b46b028e9697e6f90ccdf9d6249e5953220d4d8896,2022-02,Gloucestershire Constabulary,Gloucestershire Constabulary,-2.250503,51.850895,On or near Bloomfield Terrace,E01022326,Gloucester 009A,Burglary,Investigation complete; no suspect identified,
18607a5834ec020160f77f6fefc09598cdaa14f656c3a62a593c6000ae9f52f5,2022-02,Gloucestershire Constabulary,Gloucestershire Constabulary,-2.253858,51.851022,On or near Cecil Road,E01022326,Gloucester 009A,Burglary,Investigation complete; no suspect identified,
36fb7d5657b65ab0809048af0be23bcde506ef7d546b513532fddcb4869c1a31,2022-02,Gloucestershire Constabulary,Gloucestershire Constabulary,-2.252317,51.853273,On or near Clegram Road,E01022326,Gloucester 009A,Burglary,Investigation complete; no suspect identified,
d53dc6b0e6af0caa68327e608b4bbfd526f00a37967fbd8e8555535ca19f22b5,2022-02,Gloucestershire Constabulary,Gloucestershire Constabulary,-2.250826,51.851505,On or near Supermarket,E01022326,Gloucester 009A,Public order,Unable to prosecute suspect,
68fa94ab2225df3715aefc0923a6bae682b60a3b7eacc442b5f88fad5314201a,2022-02,Gloucestershire Constabulary,Gloucestershire Constabulary,-2.252701,51.854414,On or near Alma Terrace,E01022326,Gloucester 009A,Public order,Investigation complete; no suspect identified,
3f867ac2b9fb5dbf908bebae1d77f9e9699e8d102e77c7989004ef033453c0de,2022-02,Gloucestershire Constabulary,Gloucestershire Constabulary,-2.250826,51.851505,On or near Supermarket,E01022326,Gloucester 009A,Vehicle crime,Investigation complete; no suspect identified,
50784a559e32cfbe9b90b8632299737ac1db55c54bb302fa2980314700e64d33,2022-02,Gloucestershire Constabulary,Gloucestershire Constabulary,-2.250826,51.851505,On or near Supermarket,E01022326,Gloucester 009A,Vehicle crime,Investigation complete; no suspect identified,
eb9e2acfffd1a4d221e61abb1eb9223bfd6165296386ba99fc9ba930dd691cb4,2022-02,Gloucestershire Constabulary,Gloucestershire Constabulary,-2.250503,51.850895,On or near Bloomfield Terrace,E01022326,Gloucester 009A,Violence and sexual offences,Formal action is not in the public interest,
89fc6579b743044a4320f51080020289d23301f7ab6c18c3e8c1c4a99f6ccec1,2022-02,Gloucestershire Constabulary,Gloucestershire Constabulary,-2.251875,51.854749,On or near Danwood Court,E01022326,Gloucester 009A,Violence and sexual offences,Status update unavailable,
5fe365b38b4cc93b66aa4e7608ec80c47790516af7221d59959e4816cb3b573f,2022-02,Gloucestershire Constabulary,Gloucestershire Constabulary,-2.253858,51.851022,On or near Cecil Road,E01022326,Gloucester 009A,Violence and sexual offences,Unable to prosecute suspect,
e83b5a4d8af878253b4bbac6e72e554b47872475de2ac243b54f973eb5ec65ef,2022-02,Gloucestershire Constabulary,Gloucestershire Constabulary,-2.253858,51.851022,On or near Cecil Road,E01022326,Gloucester 009A,Violence and sexual offences,Unable to prosecute suspect,
d7b2b81d0a24c518c5f2fd61278cefd085309d08697eb7834938573b62f8dd41,2022-02,Gloucestershire Constabulary,Gloucestershire Constabulary,-2.251875,51.854749,On or near Danwood Court,E01022326,Gloucester 009A,Violence and sexual offences,Unable to prosecute suspect,
f2fef83064040ffc05879dcfc8cf46f78ec5bae4b2034d02516269abd0dbcd34,2022-02,Gloucestershire Constabulary,Gloucestershire Constabulary,-2.251875,51.854749,On or near Danwood Court,E01022326,Gloucester 009A,Violence and sexual offences,Action to be taken by another organisation,
,2022-02,Gloucestershire Constabulary,Gloucestershire Constabulary,-2.242595,51.851532,On or near Sydenham Terrace,E01022327,Gloucester 009B,Anti-social behaviour,,
26efb9e227a39aeb10e4ebd5b2661f92a60ca3771b8e649488f9f7b8050d095d,2022-02,Gloucestershire Constabulary,Gloucestershire Constabulary,-2.244345,51.844938,On or near Sports/Recreation Area,E01022327,Gloucester 009B,Burglary,Further action is not in the public interest,
b8410232bc54bff8e1d095aa016b25c7445925a8ee95e2eb427ebf79cfed5c77,2022-02,Gloucestershire Constabulary,Gloucestershire Constabulary,-2.244345,51.844938,On or near Sports/Recreation Area,E01022327,Gloucester 009B,Burglary,Investigation complete; no suspect identified,
1a06d8f15f74197b53a8ccf18c0822d69c4b88cc4613571ccb1956d381d61a44,2022-02,Gloucestershire Constabulary,Gloucestershire Constabulary,-2.244345,51.844938,On or near Sports/Recreation Area,E01022327,Gloucester 009B,Criminal damage and arson,Further action is not in the public interest,
527f510a150f0ec9bcd6a728fc106397c9966c3adb15739e2bd10b202df03e46,2022-02,Gloucestershire Constabulary,Gloucestershire Constabulary,-2.242595,51.851532,On or near Sydenham Terrace,E01022327,Gloucester 009B,Public order,Unable to prosecute suspect,
bcc174a59bb360714e16964525a68a5d458814e194006d10dd965edd9b489490,2022-02,Gloucestershire Constabulary,Gloucestershire Constabulary,-2.242263,51.849195,On or near Tweenbrook Avenue,E01022327,Gloucester 009B,Public order,Investigation complete; no suspect identified,
bd53b6799e146bb3a81ececa6f0f438e6c597ac2c874d7cef892efeca072fbb5,2022-02,Gloucestershire Constabulary,Gloucestershire Constabulary,-2.244025,51.850306,On or near Stanley Road,E01022327,Gloucester 009B,Public order,Investigation complete; no suspect identified,
eaa45281be7b115e6e8c1e4975c4398c96c10d9a3a722f0dcb27681b92df87c4,2022-02,Gloucestershire Constabulary,Gloucestershire Constabulary,-2.244025,51.850306,On or near Stanley Road,E01022327,Gloucester 009B,Vehicle crime,Investigation complete; no suspect identified,
68f3a04c7e3709073cd529221666ad4a73063cc9586533ac332c8fffc918f551,2022-02,Gloucestershire Constabulary,Gloucestershire Constabulary,-2.242595,51.851532,On or near Sydenham Terrace,E01022327,Gloucester 009B,Violence and sexual offences,Unable to prosecute suspect,
b102501972e8f38cde45d9e1b564c899a53761e43d436bc489983c276e1fe5cd,2022-02,Gloucestershire Constabulary,Gloucestershire Constabulary,-2.246532,51.846821,On or near Kitchener Avenue,E01022327,Gloucester 009B,Violence and sexual offences,Unable to prosecute suspect,
f1b0b8d9516b76cee73cb8dc0cf41a4203c881dfb03da644256d4b24e86cc362,2022-02,Gloucestershire Constabulary,Gloucestershire Constabulary,-2.240971,51.846563,On or near Ivy Mews,E01022327,Gloucester 009B,Violence and sexual offences,Unable to prosecute suspect,
8e65214c01458c3d6c0e1b88d8b45acf9f1f9d7811738d19c481ac7ef4e4c22b,2022-02,Gloucestershire Constabulary,Gloucestershire Constabulary,-2.242595,51.851532,On or near Sydenham Terrace,E01022327,Gloucester 009B,Violence and sexual offences,Unable to prosecute suspect,
10e62a2e9767e247bdbc439ff0350b52d09fce320560230b3b7f5815777b340f,2022-02,Gloucestershire Constabulary,Gloucestershire Constabulary,-2.244025,51.850306,On or near Stanley Road,E01022327,Gloucester 009B,Other crime,Investigation complete; no suspect identified,
,2022-02,Gloucestershire Constabulary,Gloucestershire Constabulary,-2.258905,51.850220,On or near Supermarket,E01022330,Gloucester 009C,Anti-social behaviour,,
dd34f3331b1befbde6686ebe98359ef82cf07f51606e879819bc5e3b945c96ba,2022-02,Gloucestershire Constabulary,Gloucestershire Constabulary,-2.254844,51.853322,On or near Bristol Road,E01022330,Gloucester 009C,Bicycle theft,Investigation complete; no suspect identified,
1dbbe1406d93f30b2dfcbdf56c6856c90c70aa2b3083e8dffa78cd89a0d5946a,2022-02,Gloucestershire Constabulary,Gloucestershire Constabulary,-2.258905,51.850220,On or near Supermarket,E01022330,Gloucester 009C,Burglary,Investigation complete; no suspect identified,
5a4802ed33fa9a306d82223f689af0d0567942f7132368950be786555996d7cb,2022-02,Gloucestershire Constabulary,Gloucestershire Constabulary,-2.251060,51.851757,On or near Seymour Road,E01022330,Gloucester 009C,Criminal damage and arson,Investigation complete; no suspect identified,
53d339523b1887a274c9ee06dc83e73dd659f281d3422938ebf55a317430e965,2022-02,Gloucestershire Constabulary,Gloucestershire Constabulary,-2.253858,51.851022,On or near Cecil Road,E01022330,Gloucester 009C,Drugs,Offender given a caution,
8759493c04b536e94e15b213fdc11fd91a0dfdbede7011ca677add7b2ede5cf4,2022-02,Gloucestershire Constabulary,Gloucestershire Constabulary,-2.258905,51.850220,On or near Supermarket,E01022330,Gloucester 009C,Other theft,Investigation complete; no suspect identified,
69b2c1dc6d4c211e7167787299c9a950588d57e4db43f599b6f7f73a90fc7694,2022-02,Gloucestershire Constabulary,Gloucestershire Constabulary,-2.256610,51.849874,On or near Hartington Road,E01022330,Gloucester 009C,Public order,Unable to prosecute suspect,
52a9256f06f2a91f600f1a8e63b2a1f1362aebe49326657333a751d0abfecbbc,2022-02,Gloucestershire Constabulary,Gloucestershire Constabulary,-2.254844,51.853322,On or near Bristol Road,E01022330,Gloucester 009C,Violence and sexual offences,Local resolution,
b479c2c0ec1c29500036d983aeb81abcccd40d5e3df3322128a30145c34c40b1,2022-02,Gloucestershire Constabulary,Gloucestershire Constabulary,-2.251060,51.851757,On or near Seymour Road,E01022330,Gloucester 009C,Violence and sexual offences,Formal action is not in the public interest,
206fd49a062ba048db7e1de8f30d8c641bcd58a56a48472e426fdc211045cbea,2022-02,Gloucestershire Constabulary,Gloucestershire Constabulary,-2.254828,51.850625,On or near Granville Street,E01022330,Gloucester 009C,Violence and sexual offences,Action to be taken by another organisation,
e0d0e0cb008c6ae034135ab864072c536b39aa2b693e4d82aee0a5d4c1a2cfdd,2022-02,Gloucestershire Constabulary,Gloucestershire Constabulary,-2.254844,51.853322,On or near Bristol Road,E01022330,Gloucester 009C,Violence and sexual offences,Status update unavailable,
29e3ed4efffe6277278ea6d38f56e0e94c8ed69ce4b2003cf61b7b69454bd488,2022-02,Gloucestershire Constabulary,Gloucestershire Constabulary,-2.254828,51.850625,On or near Granville Street,E01022330,Gloucester 009C,Violence and sexual offences,Action to be taken by another organisation,
,2022-02,Gloucestershire Constabulary,Gloucestershire Constabulary,-2.247819,51.848509,On or near Milo Place,E01022331,Gloucester 009D,Anti-social behaviour,,
,2022-02,Gloucestershire Constabulary,Gloucestershire Constabulary,-2.245638,51.847956,On or near Ladysmith Road,E01022331,Gloucester 009D,Anti-social behaviour,,
,2022-02,Gloucestershire Constabulary,Gloucestershire Constabulary,-2.251929,51.848842,On or near Wilton Road,E01022331,Gloucester 009D,Anti-social behaviour,,
aeede5f65a39bd4bb92abf892191b9515c6fb72960d9fe18869be6d9010ae94e,2022-02,Gloucestershire Constabulary,Gloucestershire Constabulary,-2.244361,51.848048,On or near Calton Road,E01022331,Gloucester 009D,Burglary,Investigation complete; no suspect identified,
cf89bafd313057048504a226951b5a8dbe0709992c00b5fa32e9ccd24293bc50,2022-02,Gloucestershire Constabulary,Gloucestershire Constabulary,-2.251001,51.846407,On or near Tuffley Avenue,E01022331,Gloucester 009D,Burglary,Investigation complete; no suspect identified,
5b107b75d15c421bc5348a131434d77aa69e8a8be03ad5d711ce8fb91799851f,2022-02,Gloucestershire Constabulary,Gloucestershire Constabulary,-2.247819,51.848509,On or near Milo Place,E01022331,Gloucester 009D,Criminal damage and arson,Investigation complete; no suspect identified,
397f2aca2a9b9e7075e505c225e9e53f4382e24f116051b21de1363929890170,2022-02,Gloucestershire Constabulary,Gloucestershire Constabulary,-2.244361,51.848048,On or near Calton Road,E01022331,Gloucester 009D,Other theft,Unable to prosecute suspect,
72d77e21b90adce5c46da40fc74b4c94c01f14074bea4e3cc7efc88e58a80bb3,2022-02,Gloucestershire Constabulary,Gloucestershire Constabulary,-2.251929,51.848842,On or near Wilton Road,E01022331,Gloucester 009D,Public order,Unable to prosecute suspect,
59b6de3affc68ad636a9c954efd89be5b38eba7bbc1f000f72537fe6632f0f6b,2022-02,Gloucestershire Constabulary,Gloucestershire Constabulary,-2.251929,51.848842,On or near Wilton Road,E01022331,Gloucester 009D,Public order,Investigation complete; no suspect identified,
3c3cdc6e278b4157aa2e9804b3267b83941087320cf50e8c8610fef9a40c3503,2022-02,Gloucestershire Constabulary,Gloucestershire Constabulary,-2.244361,51.848048,On or near Calton Road,E01022331,Gloucester 009D,Vehicle crime,Investigation complete; no suspect identified,
7d301be88d9634bca274eb5e37e45d1ecb248fea75f9372bd0fbd88d77c1525d,2022-02,Gloucestershire Constabulary,Gloucestershire Constabulary,-2.249087,51.846690,On or near Henley Place,E01022331,Gloucester 009D,Violence and sexual offences,Unable to prosecute suspect,
04e9c2b267b1258dd71928383aae12304ff746e7c9674d3ad706a5e15ba06575,2022-02,Gloucestershire Constabulary,Gloucestershire Constabulary,-2.249087,51.846690,On or near Henley Place,E01022331,Gloucester 009D,Violence and sexual offences,Unable to prosecute suspect,
51683d3097d1208dab01653d0b2332ec0d5cfc1e4c38c2aa550e8d1d3dd4edb4,2022-02,Gloucestershire Constabulary,Gloucestershire Constabulary,-2.251001,51.846407,On or near Tuffley Avenue,E01022331,Gloucester 009D,Violence and sexual offences,Unable to prosecute suspect,
99f5a290c04437dd4a658ab926810830c24be2cceb4c3a71801e412b1c17a8db,2022-02,Gloucestershire Constabulary,Gloucestershire Constabulary,-2.251929,51.848842,On or near Wilton Road,E01022331,Gloucester 009D,Violence and sexual offences,Unable to prosecute suspect,
490586c38c580536ad3c72004658e12507d049db794b20962128a8d6d0e32980,2022-02,Gloucestershire Constabulary,Gloucestershire Constabulary,-2.251929,51.848842,On or near Wilton Road,E01022331,Gloucester 009D,Violence and sexual offences,Unable to prosecute suspect,
,2022-02,Gloucestershire Constabulary,Gloucestershire Constabulary,-2.258358,51.843361,On or near Harvey Close,E01022333,Gloucester 009E,Anti-social behaviour,,
0177ec7949afa8da58255d24ba4e93a4d83082ce52bb68e6750e0f027a4c8a2e,2022-02,Gloucestershire Constabulary,Gloucestershire Constabulary,-2.259579,51.838665,On or near Keats Avenue,E01022333,Gloucester 009E,Burglary,Investigation complete; no suspect identified,
312975fc34efa4c72be0a3b3629803438a0142622b1562964b71db2612f7fd91,2022-02,Gloucestershire Constabulary,Gloucestershire Constabulary,-2.257345,51.841421,On or near Shelley Avenue,E01022333,Gloucester 009E,Criminal damage and arson,Investigation complete; no suspect identified,
4df7d02d0ae2590b923042b2dbf68d02e5b62292406134dbf20ee6c104fc887f,2022-02,Gloucestershire Constabulary,Gloucestershire Constabulary,-2.261744,51.838939,On or near Hathaway Close,E01022333,Gloucester 009E,Other theft,Unable to prosecute suspect,
1cb830bb7631da4090d1b90dbe15d7ed97ab59ae97e29445b984d8667766cfb9,2022-02,Gloucestershire Constabulary,Gloucestershire Constabulary,-2.263656,51.845804,On or near Hempsted Lane,E01022333,Gloucester 009E,Other theft,Investigation complete; no suspect identified,
a7b4941794bd0feefc66196cf52ebfb6e8f55cd59df5180e288d96d432256d7c,2022-02,Gloucestershire Constabulary,Gloucestershire Constabulary,-2.269932,51.836880,On or near Woodrow Way,E01022333,Gloucester 009E,Other theft,Investigation complete; no suspect identified,
71d216f4ee551b952025cd05375bcda00e09f4a307f555bfee7c6ecc4765bee0,2022-02,Gloucestershire Constabulary,Gloucestershire Constabulary,-2.256342,51.841046,On or near Tennyson Avenue,E01022333,Gloucester 009E,Other theft,Investigation complete; no suspect identified,
33f4db79b943adb5e8f39da66c8bcdb04defc3f2554b6539ef6fc0efe5d31ff8,2022-02,Gloucestershire Constabulary,Gloucestershire Constabulary,-2.259430,51.837928,On or near Byron Avenue,E01022333,Gloucester 009E,Other theft,Local resolution,
4600ff90bf3b0199be69792b2ea8e895eb155c03f7152eb084a25d0ec3a3400f,2022-02,Gloucestershire Constabulary,Gloucestershire Constabulary,-2.263656,51.845804,On or near Hempsted Lane,E01022333,Gloucester 009E,Possession of weapons,Unable to prosecute suspect,
e0567dcff50149a9537ca53d85b6d932a6e0271fe23189b78b483001267c1d0c,2022-02,Gloucestershire Constabulary,Gloucestershire Constabulary,-2.258358,51.843361,On or near Harvey Close,E01022333,Gloucester 009E,Public order,Unable to prosecute suspect,
6cb58ab5dbad05ead9bfb88f69f6b9679d0bce0114302e00cff93f2e479b5bac,2022-02,Gloucestershire Constabulary,Gloucestershire Constabulary,-2.261744,51.838939,On or near Hathaway Close,E01022333,Gloucester 009E,Public order,Unable to prosecute suspect,
9d3128c57ba93a42f4403044246cd260ac1f3e0716280cdf2eef2dace4f8dc3a,2022-02,Gloucestershire Constabulary,Gloucestershire Constabulary,-2.256770,51.839813,On or near Kipling Close,E01022333,Gloucester 009E,Robbery,Court result unavailable,
d69166326405e28a332a54a0134f41fd2aca056463aa9c7274e91235c9d7524a,2022-02,Gloucestershire Constabulary,Gloucestershire Constabulary,-2.265642,51.840423,On or near Pearce Way,E01022333,Gloucester 009E,Shoplifting,Investigation complete; no suspect identified,
55a9298e14a5be6396986c34f9ab28f08e526f6284addd4ef2a49f44da453073,2022-02,Gloucestershire Constabulary,Gloucestershire Constabulary,-2.258192,51.839666,On or near Scott Avenue,E01022333,Gloucester 009E,Vehicle crime,Investigation complete; no suspect identified,
4871b2fe60fd79cf369189e6bf77f475864f9885676e19895cf48b6e73dc2a2b,2022-02,Gloucestershire Constabulary,Gloucestershire Constabulary,-2.261744,51.838939,On or near Hathaway Close,E01022333,Gloucester 009E,Violence and sexual offences,Unable to prosecute suspect,
b2d58dbb4a7e214c0e5ffef3a9415f584a472bd23cd7960cd64632b1502695ba,2022-02,Gloucestershire Constabulary,Gloucestershire Constabulary,-2.261744,51.838939,On or near Hathaway Close,E01022333,Gloucester 009E,Violence and sexual offences,Unable to prosecute suspect,
26b97ff539128c017c5c5e6842f62da0c48bd870743e27940e55f3df0d1fb0f3,2022-02,Gloucestershire Constabulary,Gloucestershire Constabulary,-2.256342,51.841046,On or near Tennyson Avenue,E01022333,Gloucester 009E,Violence and sexual offences,Investigation complete; no suspect identified,
941f4904f686dfcf117b206bf29733e6d2d1f6125b9c17588c92d333738db5f0,2022-02,Gloucestershire Constabulary,Gloucestershire Constabulary,-2.259579,51.838665,On or near Keats Avenue,E01022333,Gloucester 009E,Violence and sexual offences,Unable to prosecute suspect,
9e8bea476c36c7536f326dcbfa36fbd3111eee8b5f931a686eed5f236b2a2a7b,2022-02,Gloucestershire Constabulary,Gloucestershire Constabulary,-2.261744,51.838939,On or near Hathaway Close,E01022333,Gloucester 009E,Violence and sexual offences,Unable to prosecute suspect,
41ac71442ef1e65a23e59866c1d222a743ab12f02c8805ce70f531f1393150c9,2022-02,Gloucestershire Constabulary,Gloucestershire Constabulary,-2.261744,51.838939,On or near Hathaway Close,E01022333,Gloucester 009E,Violence and sexual offences,Unable to prosecute suspect,
77d3fa21d9d866ac48e30a90c5665d5ca100630f1f7617f4c7f12c58cf1a89af,2022-02,Gloucestershire Constabulary,Gloucestershire Constabulary,-2.261744,51.838939,On or near Hathaway Close,E01022333,Gloucester 009E,Violence and sexual offences,Unable to prosecute suspect,
ecca0d27650a901f1f4ec48bc1f8e6683da19887c461b8bb376fc9668aad2ff7,2022-02,Gloucestershire Constabulary,Gloucestershire Constabulary,-2.259579,51.838665,On or near Keats Avenue,E01022333,Gloucester 009E,Violence and sexual offences,Unable to prosecute suspect,
cb2bbc1b592120bc8f7e2f6d1a7b6ef4d433954fa513c240778895d7edd6d369,2022-02,Gloucestershire Constabulary,Gloucestershire Constabulary,-2.259624,51.841398,On or near Stratford Close,E01022333,Gloucester 009E,Violence and sexual offences,Unable to prosecute suspect,
46905528d184e2723d841831f2e1a1bea146538a6e74d3f307c95a99b6e7e52f,2022-02,Gloucestershire Constabulary,Gloucestershire Constabulary,-2.259624,51.841398,On or near Stratford Close,E01022333,Gloucester 009E,Violence and sexual offences,Unable to prosecute suspect,
e0e1686486efc53b8224fdaa4b1bc79cb7be668b40fc11065420f38afe8aedb8,2022-02,Gloucestershire Constabulary,Gloucestershire Constabulary,-2.259624,51.841398,On or near Stratford Close,E01022333,Gloucester 009E,Violence and sexual offences,Unable to prosecute suspect,
0d4f1534e406205a205ec032a300cf365056a42b46d0699f261b9426776fb5f8,2022-02,Gloucestershire Constabulary,Gloucestershire Constabulary,-2.259624,51.841398,On or near Stratford Close,E01022333,Gloucester 009E,Violence and sexual offences,Unable to prosecute suspect,
b35f989dc016d5c568a8d92a40c93b82992e66ff3c42fee41e7904efa682d3ac,2022-02,Gloucestershire Constabulary,Gloucestershire Constabulary,-2.263656,51.845804,On or near Hempsted Lane,E01022333,Gloucester 009E,Violence and sexual offences,Investigation complete; no suspect identified,
f32bcb6fe15e25240d8e7ddacbb6cb8996434054922f90057147d348c5e19c99,2022-02,Gloucestershire Constabulary,Gloucestershire Constabulary,-2.259147,51.839188,On or near Eliot Close,E01022333,Gloucester 009E,Violence and sexual offences,Unable to prosecute suspect,
aa80e9abd3195f6f6a34d8f917d40ab87a93823dff589fa62221a027362e09b1,2022-02,Gloucestershire Constabulary,Gloucestershire Constabulary,-2.259579,51.838665,On or near Keats Avenue,E01022333,Gloucester 009E,Violence and sexual offences,Unable to prosecute suspect,
618102a5e8de48b3a3b636d6edce3ba545cc2a7f331ae4e3cd1c78329a5643d2,2022-02,Gloucestershire Constabulary,Gloucestershire Constabulary,-2.261744,51.838939,On or near Hathaway Close,E01022333,Gloucester 009E,Violence and sexual offences,Unable to prosecute suspect,
1960f32b15793c389f7891c5ed705885657bd81daea8aaa4c7f04c6f444c7114,2022-02,Gloucestershire Constabulary,Gloucestershire Constabulary,-2.259147,51.839188,On or near Eliot Close,E01022333,Gloucester 009E,Violence and sexual offences,Unable to prosecute suspect,
735c05c84b573a343f54e298557bef54b024cb275c992c57b041325b90ccca4e,2022-02,Gloucestershire Constabulary,Gloucestershire Constabulary,-2.261744,51.838939,On or near Hathaway Close,E01022333,Gloucester 009E,Violence and sexual offences,Unable to prosecute suspect,
95ee15e714acf20a1f4885ef4ac63aeba2344a0bba0b76c1991839c4ecc91675,2022-02,Gloucestershire Constabulary,Gloucestershire Constabulary,-2.261744,51.838939,On or near Hathaway Close,E01022333,Gloucester 009E,Violence and sexual offences,Unable to prosecute suspect,
13e6e1ae9262951bc54377589e539d0223d2593e7ddcf3cc8d401a0412585ddb,2022-02,Gloucestershire Constabulary,Gloucestershire Constabulary,-2.257589,51.848542,On or near Newark Road,E01022334,Gloucester 009F,Violence and sexual offences,Unable to prosecute suspect,
a5d9d4ef555e48eaa77508bc719e36f687d29617d552433c6c696612b1d07ffd,2022-02,Gloucestershire Constabulary,Gloucestershire Constabulary,-2.209516,51.837794,On or near Filbert Close,E01022276,Gloucester 010A,Public order,Unable to prosecute suspect,
12ad2923dfbc125c4e6e1be0b11f3d68a1730b6876769c7faa941b49c55a0bc3,2022-02,Gloucestershire Constabulary,Gloucestershire Constabulary,-2.209516,51.837794,On or near Filbert Close,E01022276,Gloucester 010A,Public order,Unable to prosecute suspect,
4c9ecf06fe214264375fe8af6b4fd8da47066532709cbba1dfd5f556b6285a86,2022-02,Gloucestershire Constabulary,Gloucestershire Constabulary,-2.209516,51.837794,On or near Filbert Close,E01022276,Gloucester 010A,Violence and sexual offences,Unable to prosecute suspect,
8127c68cda5e558c7999751b6b039c0717f2a613bc4416680b3969494e9b83ff,2022-02,Gloucestershire Constabulary,Gloucestershire Constabulary,-2.205119,51.834691,On or near Ranmoor,E01022276,Gloucester 010A,Violence and sexual offences,Unable to prosecute suspect,
,2022-02,Gloucestershire Constabulary,Gloucestershire Constabulary,-2.207083,51.842006,On or near Shergar Close,E01022277,Gloucester 010B,Anti-social behaviour,,
,2022-02,Gloucestershire Constabulary,Gloucestershire Constabulary,-2.207083,51.842006,On or near Shergar Close,E01022277,Gloucester 010B,Anti-social behaviour,,
,2022-02,Gloucestershire Constabulary,Gloucestershire Constabulary,-2.210136,51.839879,On or near Jasmine Close,E01022277,Gloucester 010B,Anti-social behaviour,,
86b26ae153859d63800ceba3198f3db87598d137ceb30ffa25df3e25d83b4b62,2022-02,Gloucestershire Constabulary,Gloucestershire Constabulary,-2.207083,51.842006,On or near Shergar Close,E01022277,Gloucester 010B,Criminal damage and arson,Unable to prosecute suspect,
17fab1cbcf023135fb59d928ee97df1723966111eb0e09ec3fea6c1fe865a65d,2022-02,Gloucestershire Constabulary,Gloucestershire Constabulary,-2.211443,51.839993,On or near Basil Close,E01022277,Gloucester 010B,Criminal damage and arson,Unable to prosecute suspect,
89320e6d073cd0bea6e500c67ad78705c5856860b62605be4c881460aac52673,2022-02,Gloucestershire Constabulary,Gloucestershire Constabulary,-2.210136,51.839879,On or near Jasmine Close,E01022277,Gloucester 010B,Public order,Unable to prosecute suspect,
0798b56a632475c757ad4f90490dae1180c5aae220a37bb183b99ed11ec0e3dc,2022-02,Gloucestershire Constabulary,Gloucestershire Constabulary,-2.205558,51.841766,On or near Supermarket,E01022277,Gloucester 010B,Shoplifting,Court result unavailable,
176c7d6e2d67ee83aba559aa23c1abcd8c797d13ac6137e629ee3f7d65b82763,2022-02,Gloucestershire Constabulary,Gloucestershire Constabulary,-2.205558,51.841766,On or near Supermarket,E01022277,Gloucester 010B,Shoplifting,Unable to prosecute suspect,
9ceeac84592a87e49722ed3cecd466cc98a661618f1cf5e6dc09538d536e315a,2022-02,Gloucestershire Constabulary,Gloucestershire Constabulary,-2.205558,51.841766,On or near Supermarket,E01022277,Gloucester 010B,Theft from the person,Investigation complete; no suspect identified,
4e68fc5f5bf6ce404f228df9df677534864b70748152fbd3311e88c5f47f242f,2022-02,Gloucestershire Constabulary,Gloucestershire Constabulary,-2.210136,51.839879,On or near Jasmine Close,E01022277,Gloucester 010B,Violence and sexual offences,Unable to prosecute suspect,
7642efadb2ab58050e7c64ab5634f7029b333350b7e43461e0c5229282d6fa73,2022-02,Gloucestershire Constabulary,Gloucestershire Constabulary,-2.210136,51.839879,On or near Jasmine Close,E01022277,Gloucester 010B,Violence and sexual offences,Unable to prosecute suspect,
84cc8413bd75682c7f3d1d102d38a0566ab1c3943888babe668878dd3bf3cb48,2022-02,Gloucestershire Constabulary,Gloucestershire Constabulary,-2.207083,51.842006,On or near Shergar Close,E01022277,Gloucester 010B,Violence and sexual offences,Unable to prosecute suspect,
4b487fae1bdcf82da474419377b70d875147822954cdf29525ebf92ac385aa1b,2022-02,Gloucestershire Constabulary,Gloucestershire Constabulary,-2.205558,51.841766,On or near Supermarket,E01022277,Gloucester 010B,Violence and sexual offences,Court result unavailable,
fbb26a79d68ee13d2be907a372e3509181576f60d4bbcb4ca5300cd58924104e,2022-02,Gloucestershire Constabulary,Gloucestershire Constabulary,-2.205558,51.841766,On or near Supermarket,E01022277,Gloucester 010B,Violence and sexual offences,Unable to prosecute suspect,
20c558b8032b451d525df6790441b5ed0e6f8c6bd2c2eda78af992b6a71eb9cb,2022-02,Gloucestershire Constabulary,Gloucestershire Constabulary,-2.207083,51.842006,On or near Shergar Close,E01022277,Gloucester 010B,Violence and sexual offences,Unable to prosecute suspect,
7feff97e1a330bf647d08ffd75e902d5cb8a0a383cc4dc9decdb777c866ac7de,2022-02,Gloucestershire Constabulary,Gloucestershire Constabulary,-2.207083,51.842006,On or near Shergar Close,E01022277,Gloucester 010B,Violence and sexual offences,Unable to prosecute suspect,
4846f90246c043f1b6a7b66308b20b16cc9af89c0de2ac7139d541bfd960632f,2022-02,Gloucestershire Constabulary,Gloucestershire Constabulary,-2.205558,51.841766,On or near Supermarket,E01022277,Gloucester 010B,Violence and sexual offences,Unable to prosecute suspect,
2cbebed7774166050d66236df5b4c42eb7909c466344367a4c8e429c5a01d78b,2022-02,Gloucestershire Constabulary,Gloucestershire Constabulary,-2.205558,51.841766,On or near Supermarket,E01022277,Gloucester 010B,Violence and sexual offences,Unable to prosecute suspect,
58a34cb5bc390f738355efd1957eac35ef3961da308a1f202e90026dd93059f3,2022-02,Gloucestershire Constabulary,Gloucestershire Constabulary,-2.207083,51.842006,On or near Shergar Close,E01022277,Gloucester 010B,Violence and sexual offences,Unable to prosecute suspect,
8b7cbd4a45ab7d7c8fee786c5b93d1adaee5bc1266f6bd67df85de139cbaacfc,2022-02,Gloucestershire Constabulary,Gloucestershire Constabulary,-2.207083,51.842006,On or near Shergar Close,E01022277,Gloucester 010B,Violence and sexual offences,Unable to prosecute suspect,
717c363f631af31f76ef297fb60315b6ad621ca12d068bbb4e6074aec510381e,2022-02,Gloucestershire Constabulary,Gloucestershire Constabulary,-2.210136,51.839879,On or near Jasmine Close,E01022277,Gloucester 010B,Violence and sexual offences,Unable to prosecute suspect,
70b739cf9fe5665d1de16800dfa58d369fdfe606aec493ea880e686fa86f210a,2022-02,Gloucestershire Constabulary,Gloucestershire Constabulary,-2.210136,51.839879,On or near Jasmine Close,E01022277,Gloucester 010B,Violence and sexual offences,Unable to prosecute suspect,
61b5e711faa3917963f311e157799ae6b81c33cf0f488cdbfc14729a11ccb378,2022-02,Gloucestershire Constabulary,Gloucestershire Constabulary,-2.199682,51.845750,On or near Meadowcroft,E01022280,Gloucester 010C,Criminal damage and arson,Investigation complete; no suspect identified,
9b13555df854b0e5914967571b0d514fc73721b55dec531a3958977a6ac34857,2022-02,Gloucestershire Constabulary,Gloucestershire Constabulary,-2.199682,51.845750,On or near Meadowcroft,E01022280,Gloucester 010C,Other theft,Investigation complete; no suspect identified,
6aea69bc9ef8905f885b15e8b01b65987bdd65cc063fdcda4038b0af30b9de59,2022-02,Gloucestershire Constabulary,Gloucestershire Constabulary,-2.201032,51.842385,On or near Oakridge Close,E01022280,Gloucester 010C,Violence and sexual offences,Unable to prosecute suspect,
f46efc3cc8b276d68a391aaaaf54dcdbed054d8cf449fe872af3bceaac5647d0,2022-02,Gloucestershire Constabulary,Gloucestershire Constabulary,-2.201032,51.842385,On or near Oakridge Close,E01022280,Gloucester 010C,Violence and sexual offences,Action to be taken by another organisation,
8e97977e582c1f716c5eec3b7f0889401cc371f68e1f0a98ceb8106248fe6a63,2022-02,Gloucestershire Constabulary,Gloucestershire Constabulary,-2.199682,51.842280,On or near Abbeymead Avenue,E01022281,Gloucester 010D,Public order,Unable to prosecute suspect,
a59c67e163a55fa624fcee212a50fffb8225ea239152caa7f147eb703bfb1bf6,2022-02,Gloucestershire Constabulary,Gloucestershire Constabulary,-2.195263,51.840813,On or near Buddleia Close,E01022281,Gloucester 010D,Violence and sexual offences,Unable to prosecute suspect,
ff46069c04190d5e6c7a1a50e902b89b46ff1f5a5d7de508d5dd655504d5ba21,2022-02,Gloucestershire Constabulary,Gloucestershire Constabulary,-2.193754,51.844474,On or near Snead Park,E01022281,Gloucester 010D,Violence and sexual offences,Unable to prosecute suspect,
e2ac3ab0b8fbd3bc85025f252a28670d151352072ca1082efac6b1e1205fb636,2022-02,Gloucestershire Constabulary,Gloucestershire Constabulary,-2.190452,51.846278,On or near Fox Close,E01022281,Gloucester 010D,Violence and sexual offences,Action to be taken by another organisation,
f9e09cae1e8251aa3cbffe38e22115fa086fc4df232887e58d0f5fba9f962e3f,2022-02,Gloucestershire Constabulary,Gloucestershire Constabulary,-2.197521,51.842688,On or near Peacock Close,E01022281,Gloucester 010D,Violence and sexual offences,Action to be taken by another organisation,
72212fe524fea20e7796a424012e4c63dc226bbe38a909321beacfef1e5a70a9,2022-02,Gloucestershire Constabulary,Gloucestershire Constabulary,-2.199682,51.842280,On or near Abbeymead Avenue,E01022281,Gloucester 010D,Violence and sexual offences,Unable to prosecute suspect,
a4de7dceed49718d1383ca413086b242a7a8bffc4bdcc68b408d64ff06e8ec0c,2022-02,Gloucestershire Constabulary,Gloucestershire Constabulary,-2.199682,51.842280,On or near Abbeymead Avenue,E01022281,Gloucester 010D,Violence and sexual offences,Unable to prosecute suspect,
f444a7722b25fcc2510d8a16a7b4f108ce4d0ec55b60b98a5fcd0123d2b28697,2022-02,Gloucestershire Constabulary,Gloucestershire Constabulary,-2.186049,51.848578,On or near The Orchards,E01022306,Gloucester 010E,Violence and sexual offences,Status update unavailable,
,2022-02,Gloucestershire Constabulary,Gloucestershire Constabulary,-2.196090,51.847608,On or near Baptist Close,E01022307,Gloucester 010F,Anti-social behaviour,,
c365b6f6616cdb750d0dfb93af9803bc17bbddd8a6a3407dba656f2d097ce8ae,2022-02,Gloucestershire Constabulary,Gloucestershire Constabulary,-2.199242,51.847999,On or near Morwent Close,E01022307,Gloucester 010F,Criminal damage and arson,Status update unavailable,
6c10d75f470b05b649c33626e1945b962bef97d8cac5c004c8051549b35ddd83,2022-02,Gloucestershire Constabulary,Gloucestershire Constabulary,-2.196090,51.847608,On or near Baptist Close,E01022307,Gloucester 010F,Public order,Unable to prosecute suspect,
8411b648b6386cbed7ef29f29f8c6be38d7403816cc30367e7baac567420c33c,2022-02,Gloucestershire Constabulary,Gloucestershire Constabulary,-2.196090,51.847608,On or near Baptist Close,E01022307,Gloucester 010F,Violence and sexual offences,Unable to prosecute suspect,
ce1624077bcfd6c8aa45ce1e94ea90c40d49d130eae5e87bea3fc4477b46ac6f,2022-02,Gloucestershire Constabulary,Gloucestershire Constabulary,-2.197454,51.850681,On or near Tribune Place,E01022307,Gloucester 010F,Violence and sexual offences,Unable to prosecute suspect,
,2022-02,Gloucestershire Constabulary,Gloucestershire Constabulary,-2.212827,51.834938,On or near Quenneys Close,E01022319,Gloucester 011A,Anti-social behaviour,,
,2022-02,Gloucestershire Constabulary,Gloucestershire Constabulary,-2.212827,51.834938,On or near Quenneys Close,E01022319,Gloucester 011A,Anti-social behaviour,,
,2022-02,Gloucestershire Constabulary,Gloucestershire Constabulary,-2.212827,51.834938,On or near Quenneys Close,E01022319,Gloucester 011A,Anti-social behaviour,,
230ae44576b0be059f9e3db7f8826266fdde5653d88c43bf5aac20e0c58c270f,2022-02,Gloucestershire Constabulary,Gloucestershire Constabulary,-2.214326,51.838972,On or near Winsley Road,E01022319,Gloucester 011A,Criminal damage and arson,Unable to prosecute suspect,
8787129f553db7f743ee782540d51cfb81fa6d071c450922bd4fb12b09a38684,2022-02,Gloucestershire Constabulary,Gloucestershire Constabulary,-2.213983,51.833911,On or near Munsley Grove,E01022319,Gloucester 011A,Drugs,Offender given a caution,
faadaa7e28fb1208adf1a66ac45e4b584cfb40e3d409f6ba983290f8fd31f204,2022-02,Gloucestershire Constabulary,Gloucestershire Constabulary,-2.214400,51.836158,On or near Matson Avenue,E01022319,Gloucester 011A,Other theft,Investigation complete; no suspect identified,
bc9d7f43d272ba3f60225f7dae446267e6eac4e3a63090983b31acee07e88035,2022-02,Gloucestershire Constabulary,Gloucestershire Constabulary,-2.218711,51.830405,On or near Caledonian Road,E01022319,Gloucester 011A,Other theft,Unable to prosecute suspect,
f62c1cc52b54ec0aa403661bcf77079e3a484736acb91130a124871d008fd91f,2022-02,Gloucestershire Constabulary,Gloucestershire Constabulary,-2.212827,51.834938,On or near Quenneys Close,E01022319,Gloucester 011A,Violence and sexual offences,Unable to prosecute suspect,
02dba7a2a8d2f6db412989d62cc8b1b88166c43ac753484864b1b291d4b77267,2022-02,Gloucestershire Constabulary,Gloucestershire Constabulary,-2.213614,51.835746,On or near Oaktree Garden,E01022319,Gloucester 011A,Violence and sexual offences,Unable to prosecute suspect,
b5e4ed16265660ab78b67b8fc1c611f15f96d9cd3a8223d975cc0850e284a953,2022-02,Gloucestershire Constabulary,Gloucestershire Constabulary,-2.212827,51.834938,On or near Quenneys Close,E01022319,Gloucester 011A,Violence and sexual offences,Unable to prosecute suspect,
b510fdb5750f1a23c21006be1fca404a2a2eb03a52d3928a26c6b94796df8099,2022-02,Gloucestershire Constabulary,Gloucestershire Constabulary,-2.212827,51.834938,On or near Quenneys Close,E01022319,Gloucester 011A,Violence and sexual offences,Unable to prosecute suspect,
a20eca24ee8225bc257de9d70767d3d1d2c301d467a84257b9bc4a02365173f8,2022-02,Gloucestershire Constabulary,Gloucestershire Constabulary,-2.214326,51.838972,On or near Winsley Road,E01022319,Gloucester 011A,Violence and sexual offences,Unable to prosecute suspect,
798ff5de2548aba3bd7ae04328429e78d8b6e5973e702eed99f11287e7512fac,2022-02,Gloucestershire Constabulary,Gloucestershire Constabulary,-2.213983,51.833911,On or near Munsley Grove,E01022319,Gloucester 011A,Violence and sexual offences,Unable to prosecute suspect,
e0855d19c689168a1b0bb80ab601214b7657adfac98cbb2e67c35a9eeea2fe85,2022-02,Gloucestershire Constabulary,Gloucestershire Constabulary,-2.214213,51.839620,On or near Prinknash Road,E01022319,Gloucester 011A,Violence and sexual offences,Unable to prosecute suspect,
,2022-02,Gloucestershire Constabulary,Gloucestershire Constabulary,-2.220007,51.834161,On or near Larkham Close,E01022320,Gloucester 011B,Anti-social behaviour,,
3183e0585b58680ed48db984b394e8826f8f326539a774019a39e231e0ff808b,2022-02,Gloucestershire Constabulary,Gloucestershire Constabulary,-2.219247,51.833182,On or near Beacon Road,E01022320,Gloucester 011B,Criminal damage and arson,Investigation complete; no suspect identified,
acf81e01b60c5943c07e83ed8f4e08f0c83ec35ae7ff220dabed91059432258c,2022-02,Gloucestershire Constabulary,Gloucestershire Constabulary,-2.220007,51.834161,On or near Larkham Close,E01022320,Gloucester 011B,Criminal damage and arson,Unable to prosecute suspect,
4ac4c779156237fe37dd591b5e78f289a24cd4999fdbe4cbe2b0431e298abf1b,2022-02,Gloucestershire Constabulary,Gloucestershire Constabulary,-2.220037,51.831355,On or near Bazeley Road,E01022320,Gloucester 011B,Drugs,Unable to prosecute suspect,
c4eaee552d5a4beb7b1a18b104b962161288a4723ae10d13bf48eced68070229,2022-02,Gloucestershire Constabulary,Gloucestershire Constabulary,-2.213240,51.833382,On or near Birchall Avenue,E01022320,Gloucester 011B,Other theft,Unable to prosecute suspect,
1ffceca41aaa19d81b7f658ecb701e7d617fac485206a8e05674fc9c541fee8c,2022-02,Gloucestershire Constabulary,Gloucestershire Constabulary,-2.213240,51.833382,On or near Birchall Avenue,E01022320,Gloucester 011B,Other theft,Investigation complete; no suspect identified,
40c81e5102701e43a7c43fd0ae600be848c41f20d53945657a8b2fd68edeb68d,2022-02,Gloucestershire Constabulary,Gloucestershire Constabulary,-2.220007,51.834161,On or near Larkham Close,E01022320,Gloucester 011B,Public order,Unable to prosecute suspect,
c9a48a8479c088932ba189f2fa1af814be1a433f442791714e818c51d56b036c,2022-02,Gloucestershire Constabulary,Gloucestershire Constabulary,-2.220007,51.834161,On or near Larkham Close,E01022320,Gloucester 011B,Public order,Unable to prosecute suspect,
32d53ca99b130938646a6f869e52efeb3f85188271b9191105d401686bd18bb1,2022-02,Gloucestershire Constabulary,Gloucestershire Constabulary,-2.220007,51.834161,On or near Larkham Close,E01022320,Gloucester 011B,Public order,Unable to prosecute suspect,
943b687b474970aff6968f7d3e57f4ceb0d91c72c93dfdad40fbd24462af0e31,2022-02,Gloucestershire Constabulary,Gloucestershire Constabulary,-2.220037,51.831355,On or near Bazeley Road,E01022320,Gloucester 011B,Public order,Unable to prosecute suspect,
ac08053b8decee72408f4b095a25131c39483768a0960c2b514cd885b0e65f09,2022-02,Gloucestershire Constabulary,Gloucestershire Constabulary,-2.220007,51.834161,On or near Larkham Close,E01022320,Gloucester 011B,Violence and sexual offences,Unable to prosecute suspect,
b753e3aa053f82c06fbfcd19047f0a18044718eac406823d0b554ec340574e41,2022-02,Gloucestershire Constabulary,Gloucestershire Constabulary,-2.216629,51.834994,On or near Sports/Recreation Area,E01022320,Gloucester 011B,Violence and sexual offences,Investigation complete; no suspect identified,
76e1175e9c36caba6f52a23e273cd5aa4ee146f87f303b3263296ef346ce04eb,2022-02,Gloucestershire Constabulary,Gloucestershire Constabulary,-2.219247,51.833182,On or near Beacon Road,E01022320,Gloucester 011B,Violence and sexual offences,Unable to prosecute suspect,
3312b97532706ad8382a4619c5cd9f222f8f89957571dfc46d880d7b66529d09,2022-02,Gloucestershire Constabulary,Gloucestershire Constabulary,-2.219247,51.833182,On or near Beacon Road,E01022320,Gloucester 011B,Violence and sexual offences,Unable to prosecute suspect,
b9e7c41aea4d4f153045cf690f902988b2b82e55b14b04ed37976cf6a9e8ae46,2022-02,Gloucestershire Constabulary,Gloucestershire Constabulary,-2.213240,51.833382,On or near Birchall Avenue,E01022320,Gloucester 011B,Violence and sexual offences,Unable to prosecute suspect,
fb1bc245cabfa7ce46a65de5996fb8c1d2bc958be92dce6a207718247c5c1c19,2022-02,Gloucestershire Constabulary,Gloucestershire Constabulary,-2.213240,51.833382,On or near Birchall Avenue,E01022320,Gloucester 011B,Violence and sexual offences,Unable to prosecute suspect,
3b625ffea19e99384208e12aacd57922c74f1274bbda57bd05a9ba3670917869,2022-02,Gloucestershire Constabulary,Gloucestershire Constabulary,-2.219247,51.833182,On or near Beacon Road,E01022320,Gloucester 011B,Violence and sexual offences,Unable to prosecute suspect,
bda809e4c54e250d33f580b303cb125c2fe5440d04909600bc28b7fc2625d09e,2022-02,Gloucestershire Constabulary,Gloucestershire Constabulary,-2.216629,51.834994,On or near Sports/Recreation Area,E01022320,Gloucester 011B,Violence and sexual offences,Investigation complete; no suspect identified,
313cef1784f722475282986582cf148e3690bbf3c7d4a01a6edd5208c9e50580,2022-02,Gloucestershire Constabulary,Gloucestershire Constabulary,-2.213240,51.833382,On or near Birchall Avenue,E01022320,Gloucester 011B,Violence and sexual offences,Unable to prosecute suspect,
,2022-02,Gloucestershire Constabulary,Gloucestershire Constabulary,-2.228173,51.847560,On or near A38,E01022321,Gloucester 011C,Anti-social behaviour,,
,2022-02,Gloucestershire Constabulary,Gloucestershire Constabulary,-2.227522,51.851076,On or near Sutherland Close,E01022321,Gloucester 011C,Anti-social behaviour,,
d5131e4a9c72b12b1b3fe1f6d0d1ef7785d897d6fd4b3301dc336853453c875f,2022-02,Gloucestershire Constabulary,Gloucestershire Constabulary,-2.229213,51.852314,On or near Marlborough Road,E01022321,Gloucester 011C,Other theft,Unable to prosecute suspect,
3f13fb15a6b7e916ec2395c8d395f4b4ba96cc234f7682c7d2d49e04d6cab9f4,2022-02,Gloucestershire Constabulary,Gloucestershire Constabulary,-2.225874,51.846629,On or near Country View,E01022321,Gloucester 011C,Public order,Formal action is not in the public interest,
e30fc4f08d19f2fd91c974f757b2a107315c570ab65d6b2151832e234e2a1abd,2022-02,Gloucestershire Constabulary,Gloucestershire Constabulary,-2.225787,51.849443,On or near Petrol Station,E01022321,Gloucester 011C,Shoplifting,Unable to prosecute suspect,
58134ad7b9417ccd8163ee79d3637cfac5bdd4090608fab174b78a811711c696,2022-02,Gloucestershire Constabulary,Gloucestershire Constabulary,-2.225787,51.849443,On or near Petrol Station,E01022321,Gloucester 011C,Shoplifting,Unable to prosecute suspect,
cb0770187bf29b9fb327b8f84f07269e440e98ba222f6e40ce3a98c6420f293a,2022-02,Gloucestershire Constabulary,Gloucestershire Constabulary,-2.228173,51.847560,On or near A38,E01022321,Gloucester 011C,Vehicle crime,Investigation complete; no suspect identified,
79f334b1d68ec3d6f7a33723572e6c99e899c55597e4a61e7dcaf772149fd2bb,2022-02,Gloucestershire Constabulary,Gloucestershire Constabulary,-2.228173,51.847560,On or near A38,E01022321,Gloucester 011C,Vehicle crime,Investigation complete; no suspect identified,
9e6471d5d5cd411045ae1d91478bd1ecb0895c7940ded9043ceb8899f22c3feb,2022-02,Gloucestershire Constabulary,Gloucestershire Constabulary,-2.228173,51.847560,On or near A38,E01022321,Gloucester 011C,Violence and sexual offences,Court result unavailable,
a9619f8f90d1f23d5217ecfc6293f05dcb9a853e0b9aa1d01ef72e87c433d9a7,2022-02,Gloucestershire Constabulary,Gloucestershire Constabulary,-2.225874,51.846629,On or near Country View,E01022321,Gloucester 011C,Violence and sexual offences,Unable to prosecute suspect,
d202a172aa61f0465e0a4d6b04c1e386074479499451f233641bdb731234b25e,2022-02,Gloucestershire Constabulary,Gloucestershire Constabulary,-2.225087,51.848779,On or near The Lampreys,E01022321,Gloucester 011C,Violence and sexual offences,Investigation complete; no suspect identified,
9fde1588aa31e8d5e31a788e97e9d00d33e990d469c874eaf24cefcc84f2c8d2,2022-02,Gloucestershire Constabulary,Gloucestershire Constabulary,-2.228173,51.847560,On or near A38,E01022321,Gloucester 011C,Violence and sexual offences,Unable to prosecute suspect,
a77a81c64d2827fcb672bf330eceed232d89cddd71ffbf14369b8ffecfe09077,2022-02,Gloucestershire Constabulary,Gloucestershire Constabulary,-2.225874,51.846629,On or near Country View,E01022321,Gloucester 011C,Violence and sexual offences,Investigation complete; no suspect identified,
7f747de797531e8edc642586e3be16a3e7fab5fd31c234473bd621f5faa08736,2022-02,Gloucestershire Constabulary,Gloucestershire Constabulary,-2.225087,51.848779,On or near The Lampreys,E01022321,Gloucester 011C,Violence and sexual offences,Investigation complete; no suspect identified,
9ca870e0d6fa6b5eee65c0b1e93f826e86ccff70a8e91c43798f9b2e7bac3971,2022-02,Gloucestershire Constabulary,Gloucestershire Constabulary,-2.225087,51.848779,On or near The Lampreys,E01022321,Gloucester 011C,Violence and sexual offences,Unable to prosecute suspect,
f422815bd85f5c797d369d3fc68028dd18a7ff7e6f0334ffd3cdb419a5fa6893,2022-02,Gloucestershire Constabulary,Gloucestershire Constabulary,-2.228173,51.847560,On or near A38,E01022321,Gloucester 011C,Violence and sexual offences,Investigation complete; no suspect identified,
4eb8b5bc1fdf7b35e90f27faa210de08f4ac935e91d4e8c1769bb34b3d380925,2022-02,Gloucestershire Constabulary,Gloucestershire Constabulary,-2.225087,51.848779,On or near The Lampreys,E01022321,Gloucester 011C,Violence and sexual offences,Investigation complete; no suspect identified,
,2022-02,Gloucestershire Constabulary,Gloucestershire Constabulary,-2.226370,51.841323,On or near Vetch Close,E01022322,Gloucester 011D,Anti-social behaviour,,
,2022-02,Gloucestershire Constabulary,Gloucestershire Constabulary,-2.222800,51.841447,On or near Prescott Avenue,E01022322,Gloucester 011D,Anti-social behaviour,,
,2022-02,Gloucestershire Constabulary,Gloucestershire Constabulary,-2.222800,51.841447,On or near Prescott Avenue,E01022322,Gloucester 011D,Anti-social behaviour,,
35a20b637cc7438bd7bd42f794a6a599c3a628ee8c106e0df34dde45dc431db3,2022-02,Gloucestershire Constabulary,Gloucestershire Constabulary,-2.221097,51.843482,On or near Norbury Avenue,E01022322,Gloucester 011D,Criminal damage and arson,Investigation complete; no suspect identified,
8fa9890e5809a9d71b6e08eeef6f85f2cca5f563d0e99fb64fb9fe1727e7733a,2022-02,Gloucestershire Constabulary,Gloucestershire Constabulary,-2.223547,51.842758,On or near Langley Road,E01022322,Gloucester 011D,Criminal damage and arson,Investigation complete; no suspect identified,
13fb8015698543efa04ed4d98a0a7324f55bfd8cae44c4ea1c681e0bcfd8d740,2022-02,Gloucestershire Constabulary,Gloucestershire Constabulary,-2.223547,51.842758,On or near Langley Road,E01022322,Gloucester 011D,Criminal damage and arson,Investigation complete; no suspect identified,
a5c20cf3e894d2371ed66439e8e688cf24ed7629f24229c9d5979e36d89ff5ea,2022-02,Gloucestershire Constabulary,Gloucestershire Constabulary,-2.221097,51.843482,On or near Norbury Avenue,E01022322,Gloucester 011D,Drugs,Local resolution,
d4b3f068c55093acec000b829874d4c7d361780a1624ea7598f0ea5346f318d1,2022-02,Gloucestershire Constabulary,Gloucestershire Constabulary,-2.219354,51.846120,On or near Saintbridge Close,E01022322,Gloucester 011D,Vehicle crime,Investigation complete; no suspect identified,
c66fc4de6f5358594e069dabf42570639fb185fe5b358926a63b9574d39f48e3,2022-02,Gloucestershire Constabulary,Gloucestershire Constabulary,-2.224058,51.843342,On or near Badminton Road,E01022322,Gloucester 011D,Violence and sexual offences,Unable to prosecute suspect,
927ed1e977109569434d8c92857ec6c746864342684e7c6c96efd02a3122ba54,2022-02,Gloucestershire Constabulary,Gloucestershire Constabulary,-2.220964,51.842889,On or near Whiteway Road,E01022322,Gloucester 011D,Violence and sexual offences,Unable to prosecute suspect,
421ad820b6fcc25077d7a6658d7718eaa6482e6fac986ba2ba64dca366f59f16,2022-02,Gloucestershire Constabulary,Gloucestershire Constabulary,-2.220964,51.842889,On or near Whiteway Road,E01022322,Gloucester 011D,Violence and sexual offences,Unable to prosecute suspect,
2c9cd17161367d4e4b2290874055d0ccb4a4bec34be02965865ff9d4d82b062f,2022-02,Gloucestershire Constabulary,Gloucestershire Constabulary,-2.220208,51.842711,On or near Penhill Road,E01022322,Gloucester 011D,Violence and sexual offences,Unable to prosecute suspect,
14bd9bfc65c7ace5d897a3607a208c5b1427462a2a95995aef4c843e2185ce9b,2022-02,Gloucestershire Constabulary,Gloucestershire Constabulary,-2.222800,51.841447,On or near Prescott Avenue,E01022322,Gloucester 011D,Violence and sexual offences,Unable to prosecute suspect,
65fa644daa1127c4450d5d3f8e5b1faccde3973c4d4895a0d7e8e41e279aaf69,2022-02,Gloucestershire Constabulary,Gloucestershire Constabulary,-2.221097,51.843482,On or near Norbury Avenue,E01022322,Gloucester 011D,Violence and sexual offences,Unable to prosecute suspect,
3e4bc8bb478dfff556457f8a262afadeeb088dfc6793354cc9be523460056309,2022-02,Gloucestershire Constabulary,Gloucestershire Constabulary,-2.220208,51.842711,On or near Penhill Road,E01022322,Gloucester 011D,Violence and sexual offences,Unable to prosecute suspect,
7d308453b0108b3912a704124ce3685c3d5ad0bcdd9295fd7788c912d5eef6af,2022-02,Gloucestershire Constabulary,Gloucestershire Constabulary,-2.221097,51.843482,On or near Norbury Avenue,E01022322,Gloucester 011D,Violence and sexual offences,Action to be taken by another organisation,
ec88f51774ddb9d791bd757b765e2dd67e6340a9de881ef6084b569a830dc7fd,2022-02,Gloucestershire Constabulary,Gloucestershire Constabulary,-2.223547,51.842758,On or near Langley Road,E01022322,Gloucester 011D,Violence and sexual offences,Investigation complete; no suspect identified,
,2022-02,Gloucestershire Constabulary,Gloucestershire Constabulary,-2.217641,51.840108,On or near Rectory Road,E01022324,Gloucester 011E,Anti-social behaviour,,
,2022-02,Gloucestershire Constabulary,Gloucestershire Constabulary,-2.219188,51.841876,On or near Cleeve Road,E01022324,Gloucester 011E,Anti-social behaviour,,
,2022-02,Gloucestershire Constabulary,Gloucestershire Constabulary,-2.212607,51.837645,On or near Garnalls Road,E01022324,Gloucester 011E,Anti-social behaviour,,
,2022-02,Gloucestershire Constabulary,Gloucestershire Constabulary,-2.218103,51.842715,On or near Painswick Road,E01022324,Gloucester 011E,Anti-social behaviour,,
,2022-02,Gloucestershire Constabulary,Gloucestershire Constabulary,-2.216111,51.838888,On or near Underhill Road,E01022324,Gloucester 011E,Anti-social behaviour,,
,2022-02,Gloucestershire Constabulary,Gloucestershire Constabulary,-2.216111,51.838888,On or near Underhill Road,E01022324,Gloucester 011E,Anti-social behaviour,,
76e05f82fa52586d348bafdb1007a6bd2ba7244cda59826589590b43d57a5a2f,2022-02,Gloucestershire Constabulary,Gloucestershire Constabulary,-2.217641,51.840108,On or near Rectory Road,E01022324,Gloucester 011E,Criminal damage and arson,Investigation complete; no suspect identified,
d722eff4ace842491c1e4aa9fcd076e3cc7c2f173d00395e459d34067b4ca550,2022-02,Gloucestershire Constabulary,Gloucestershire Constabulary,-2.219188,51.841876,On or near Cleeve Road,E01022324,Gloucester 011E,Criminal damage and arson,Unable to prosecute suspect,
c073664f8d69c0ff10ce008cfeb60d35f890d952499fe2618cdbf6e538aad64f,2022-02,Gloucestershire Constabulary,Gloucestershire Constabulary,-2.217362,51.842455,On or near Petrol Station,E01022324,Gloucester 011E,Other theft,Investigation complete; no suspect identified,
cfb8dcee2749ac747c54e6c591521d7538a730189bccac095ca16ff60e4f476f,2022-02,Gloucestershire Constabulary,Gloucestershire Constabulary,-2.217641,51.840108,On or near Rectory Road,E01022324,Gloucester 011E,Other theft,Unable to prosecute suspect,
b4deef16408cecaa10ebab5c04490eb85d61abcc90ea59b1e05f764b1ff25e6b,2022-02,Gloucestershire Constabulary,Gloucestershire Constabulary,-2.218103,51.842715,On or near Painswick Road,E01022324,Gloucester 011E,Possession of weapons,Unable to prosecute suspect,
4f9d578767a2a520e5e876f61b68c828d55b3e56ba1ca9d6dd693882455b9bdc,2022-02,Gloucestershire Constabulary,Gloucestershire Constabulary,-2.218103,51.842715,On or near Painswick Road,E01022324,Gloucester 011E,Public order,Unable to prosecute suspect,
4e08b1226aa8250d20045ba4eadf101b533986a33b796fa12abd69837856384d,2022-02,Gloucestershire Constabulary,Gloucestershire Constabulary,-2.219514,51.843332,On or near Chatcombe Road,E01022324,Gloucester 011E,Public order,Investigation complete; no suspect identified,
faccd0122b75fc4a53703761dd119c9afcd906c81aa8110d4aeb0dc7d64963ca,2022-02,Gloucestershire Constabulary,Gloucestershire Constabulary,-2.219188,51.841876,On or near Cleeve Road,E01022324,Gloucester 011E,Public order,Unable to prosecute suspect,
f7c8c63ca4e3294acee55f4b66b31ef8f7432c13a0caeea7fba7ccbbf593238f,2022-02,Gloucestershire Constabulary,Gloucestershire Constabulary,-2.218103,51.842715,On or near Painswick Road,E01022324,Gloucester 011E,Public order,Unable to prosecute suspect,
64b37e840796b377d271a580496261df96ddc0e056ab31a7b84a180c51d24425,2022-02,Gloucestershire Constabulary,Gloucestershire Constabulary,-2.218103,51.842715,On or near Painswick Road,E01022324,Gloucester 011E,Public order,Unable to prosecute suspect,
8adb4dde7d970a5543a8210beb16da7cf3346dfb22eb0d522ecdbe9ac019c5e6,2022-02,Gloucestershire Constabulary,Gloucestershire Constabulary,-2.218103,51.842715,On or near Painswick Road,E01022324,Gloucester 011E,Shoplifting,Status update unavailable,
956427190f449e7b3801847275274a75b2a9b5abdb12d93e1782c13be56b81ca,2022-02,Gloucestershire Constabulary,Gloucestershire Constabulary,-2.218103,51.842715,On or near Painswick Road,E01022324,Gloucester 011E,Shoplifting,Unable to prosecute suspect,
78a8301c8b8060d23274c61938af359a3d55805d70da310b51f00046a51684f3,2022-02,Gloucestershire Constabulary,Gloucestershire Constabulary,-2.218103,51.842715,On or near Painswick Road,E01022324,Gloucester 011E,Shoplifting,Unable to prosecute suspect,
e286b5bb9338a0dea252c6dc7d497fc3f9454255f908fa3364376f323e92e606,2022-02,Gloucestershire Constabulary,Gloucestershire Constabulary,-2.218103,51.842715,On or near Painswick Road,E01022324,Gloucester 011E,Shoplifting,Formal action is not in the public interest,
bc3d6aee64badea765f3fee51e0b3d6c84da894b4cd28541d5a27c2475f28477,2022-02,Gloucestershire Constabulary,Gloucestershire Constabulary,-2.218103,51.842715,On or near Painswick Road,E01022324,Gloucester 011E,Shoplifting,Status update unavailable,
af5ad00860b5019040c53cfa7be51733bbf937127f5e50d7ecec9e7c463072e0,2022-02,Gloucestershire Constabulary,Gloucestershire Constabulary,-2.218103,51.842715,On or near Painswick Road,E01022324,Gloucester 011E,Shoplifting,Investigation complete; no suspect identified,
4ec7f671f380da50399fae2b26ede3096bc1d37aa5b4f6b727b4bdbfefcfc006,2022-02,Gloucestershire Constabulary,Gloucestershire Constabulary,-2.218103,51.842715,On or near Painswick Road,E01022324,Gloucester 011E,Violence and sexual offences,Unable to prosecute suspect,
ee3008b89a225505c31ceb7c4ab33a14ffd4c475496fbb104b71ff8eb8bf7689,2022-02,Gloucestershire Constabulary,Gloucestershire Constabulary,-2.216264,51.840605,On or near George Whitefield Close,E01022324,Gloucester 011E,Violence and sexual offences,Unable to prosecute suspect,
eedda02fc03c2cc1779eaf36f9e29df14b52475730e4f4b7ec6a4ea8f6f86d76,2022-02,Gloucestershire Constabulary,Gloucestershire Constabulary,-2.219188,51.841876,On or near Cleeve Road,E01022324,Gloucester 011E,Violence and sexual offences,Action to be taken by another organisation,
f6436d63d9aa49a66aeb5a9777d6390cdc188f861c9983acd5446c6754c27748,2022-02,Gloucestershire Constabulary,Gloucestershire Constabulary,-2.217641,51.840108,On or near Rectory Road,E01022324,Gloucester 011E,Violence and sexual offences,Unable to prosecute suspect,
bf262250b27e6c970474be0409bb0fffd2bbda66e53e7506954d9ed6eeb8fd8a,2022-02,Gloucestershire Constabulary,Gloucestershire Constabulary,-2.217641,51.840108,On or near Rectory Road,E01022324,Gloucester 011E,Violence and sexual offences,Unable to prosecute suspect,
62797b1c11e270a355097c0df77e43a25d06d71e3f6fbf0af73922ddc6f92652,2022-02,Gloucestershire Constabulary,Gloucestershire Constabulary,-2.219188,51.841876,On or near Cleeve Road,E01022324,Gloucester 011E,Violence and sexual offences,Investigation complete; no suspect identified,
6a24247ee931a7f5423cb68f0e3143233ceedd9ccb5ae2d13d063eb83da91bc1,2022-02,Gloucestershire Constabulary,Gloucestershire Constabulary,-2.219188,51.841876,On or near Cleeve Road,E01022324,Gloucester 011E,Violence and sexual offences,Investigation complete; no suspect identified,
744cbe4f391fcabd1a0810844bc654c4f3eb301988745b2c7933006502bf26fe,2022-02,Gloucestershire Constabulary,Gloucestershire Constabulary,-2.217641,51.840108,On or near Rectory Road,E01022324,Gloucester 011E,Violence and sexual offences,Unable to prosecute suspect,
21b6ac52272565f64c72ec29b83ae65f7ac268169d5e9a29278b0e942aecdf73,2022-02,Gloucestershire Constabulary,Gloucestershire Constabulary,-2.217641,51.840108,On or near Rectory Road,E01022324,Gloucester 011E,Violence and sexual offences,Unable to prosecute suspect,
fed7c8d34f829466243852b51bd06fe64b0ec38ff0b33b96b00761cfa208401d,2022-02,Gloucestershire Constabulary,Gloucestershire Constabulary,-2.217641,51.840108,On or near Rectory Road,E01022324,Gloucester 011E,Violence and sexual offences,Unable to prosecute suspect,
5c1c1b333d2fe717540f91027985bfc4fd80513ec3cd749c39d72e7471c3225a,2022-02,Gloucestershire Constabulary,Gloucestershire Constabulary,-2.216264,51.840605,On or near George Whitefield Close,E01022324,Gloucester 011E,Violence and sexual offences,Unable to prosecute suspect,
14710e635370c6b28ddf3af87e10cd9a3a0f0542673481917fc3eb0e52772150,2022-02,Gloucestershire Constabulary,Gloucestershire Constabulary,-2.217362,51.842455,On or near Petrol Station,E01022324,Gloucester 011E,Violence and sexual offences,Investigation complete; no suspect identified,
4c269f034c928b7228aaa7c111fef407e510ddeb125cb738e1ccecd31ba881cb,2022-02,Gloucestershire Constabulary,Gloucestershire Constabulary,-2.219188,51.841876,On or near Cleeve Road,E01022324,Gloucester 011E,Violence and sexual offences,Unable to prosecute suspect,
f328423f7ef4bd44df7897a6425fdf8e99f88196b79fc7e16b55e403d2ecec6e,2022-02,Gloucestershire Constabulary,Gloucestershire Constabulary,-2.217641,51.840108,On or near Rectory Road,E01022324,Gloucester 011E,Violence and sexual offences,Unable to prosecute suspect,
f5908df89eaa4a1397a0edce4280b4ad80d46ca1f5f540e17c27550b4315f277,2022-02,Gloucestershire Constabulary,Gloucestershire Constabulary,-2.219514,51.843332,On or near Chatcombe Road,E01022324,Gloucester 011E,Violence and sexual offences,Unable to prosecute suspect,
43c2e05fe0c688ee5b22f60423bb1076e01e7c6e7f7ab46ead54a8a82623375e,2022-02,Gloucestershire Constabulary,Gloucestershire Constabulary,-2.216111,51.838888,On or near Underhill Road,E01022324,Gloucester 011E,Violence and sexual offences,Action to be taken by another organisation,
80a45ade94153f167005618cdb9ecaf8d8c6b4fbfc7fbb594778eedc0f4dac42,2022-02,Gloucestershire Constabulary,Gloucestershire Constabulary,-2.216264,51.840605,On or near George Whitefield Close,E01022324,Gloucester 011E,Violence and sexual offences,Unable to prosecute suspect,
1f65e873d5f4aab4f4619b11c195eb2033a6f3bb17500c433475f8bbfd30d306,2022-02,Gloucestershire Constabulary,Gloucestershire Constabulary,-2.219188,51.841876,On or near Cleeve Road,E01022324,Gloucester 011E,Violence and sexual offences,Action to be taken by another organisation,
fcb6f413e8b7ceb38e5fbc8b03001bc002b6caa139ac8997d29a8242d383eb43,2022-02,Gloucestershire Constabulary,Gloucestershire Constabulary,-2.219514,51.843332,On or near Chatcombe Road,E01022324,Gloucester 011E,Violence and sexual offences,Investigation complete; no suspect identified,
e654436f6d2f064379357e674429d827f6eb695470053ceab728724ccb5abd9b,2022-02,Gloucestershire Constabulary,Gloucestershire Constabulary,-2.218103,51.842715,On or near Painswick Road,E01022324,Gloucester 011E,Violence and sexual offences,Unable to prosecute suspect,
,2022-02,Gloucestershire Constabulary,Gloucestershire Constabulary,-2.223621,51.840070,On or near Arrowhead Close,E01022325,Gloucester 011F,Anti-social behaviour,,
f3a0867a4351e4a9af2e7c2bcea19ccb1acfea17a765a25a9df88d310c83053d,2022-02,Gloucestershire Constabulary,Gloucestershire Constabulary,-2.229805,51.843223,On or near Broom Bungalows,E01022325,Gloucester 011F,Violence and sexual offences,Unable to prosecute suspect,
,2022-02,Gloucestershire Constabulary,Gloucestershire Constabulary,-2.240787,51.841942,On or near Elmira Road,E01022343,Gloucester 012A,Anti-social behaviour,,
,2022-02,Gloucestershire Constabulary,Gloucestershire Constabulary,-2.237674,51.843513,On or near Finlay Place,E01022343,Gloucester 012A,Anti-social behaviour,,
f4a30016982f942c22647a5e0c372b0cf38980aa5043606b78b9839dbfe68a9e,2022-02,Gloucestershire Constabulary,Gloucestershire Constabulary,-2.242104,51.841274,On or near Pembury Road,E01022343,Gloucester 012A,Bicycle theft,Investigation complete; no suspect identified,
210046697f9e58bcee3d97c9c2c1670fd737318c634b80536ccfa8ae247a4578,2022-02,Gloucestershire Constabulary,Gloucestershire Constabulary,-2.242104,51.841274,On or near Pembury Road,E01022343,Gloucester 012A,Bicycle theft,Investigation complete; no suspect identified,
2293513731fe6f57aad29d80c830cafeb68b0469a70c5fee0b825b5adb52551b,2022-02,Gloucestershire Constabulary,Gloucestershire Constabulary,-2.241217,51.838345,On or near Oakbank,E01022343,Gloucester 012A,Burglary,Investigation complete; no suspect identified,
c99dc23c5dfeb599654489746403e6648ee0d34c6f1549efaec5831b1d008e9b,2022-02,Gloucestershire Constabulary,Gloucestershire Constabulary,-2.237124,51.843802,On or near Supermarket,E01022343,Gloucester 012A,Shoplifting,Formal action is not in the public interest,
6b1937dbb780b3c722d17713ded4d21b37550d5fd1a7c58ac337bd021f40615e,2022-02,Gloucestershire Constabulary,Gloucestershire Constabulary,-2.240472,51.842887,On or near Southfield Road,E01022343,Gloucester 012A,Vehicle crime,Investigation complete; no suspect identified,
0999df5f359cdd17c138c7f2797b02de32615771833e9d336813999214b347e3,2022-02,Gloucestershire Constabulary,Gloucestershire Constabulary,-2.242459,51.839772,On or near Stroud Road,E01022343,Gloucester 012A,Violence and sexual offences,Unable to prosecute suspect,
d9d6948baeceaf974ded900ef12202832453b66a6882c6cbaf00f9b00d7d4fd8,2022-02,Gloucestershire Constabulary,Gloucestershire Constabulary,-2.236119,51.843183,On or near Selwyn Road,E01022343,Gloucester 012A,Violence and sexual offences,Unable to prosecute suspect,
0d5b600a380f490c9ed9b0d02052b48d216135816171bf695b26f16551148542,2022-02,Gloucestershire Constabulary,Gloucestershire Constabulary,-2.242459,51.839772,On or near Stroud Road,E01022343,Gloucester 012A,Violence and sexual offences,Unable to prosecute suspect,
4629a32a12d441a344f6aa9ba0d9561b8a995d6ef1467b715d68076ddb3abe85,2022-02,Gloucestershire Constabulary,Gloucestershire Constabulary,-2.236119,51.843183,On or near Selwyn Road,E01022343,Gloucester 012A,Violence and sexual offences,Unable to prosecute suspect,
475653cf5e8c3260d66a001f18100d00f6ebb169e2c44f0d7fcd65667476fb61,2022-02,Gloucestershire Constabulary,Gloucestershire Constabulary,-2.237124,51.843802,On or near Supermarket,E01022343,Gloucester 012A,Violence and sexual offences,Unable to prosecute suspect,
bc97d6fd9f27aaec90491d75dd9332240e8c3452a056c293f70f1b79194fe6fc,2022-02,Gloucestershire Constabulary,Gloucestershire Constabulary,-2.250010,51.837751,On or near Westbury Road,E01022344,Gloucester 012B,Drugs,Formal action is not in the public interest,
a3a527615cd660f67d5baf37e6a0de86148c8811d97a6daf6d4ad81e32289218,2022-02,Gloucestershire Constabulary,Gloucestershire Constabulary,-2.251684,51.836048,On or near Slimbridge Road,E01022344,Gloucester 012B,Violence and sexual offences,Investigation complete; no suspect identified,
95bf0bc6fa7130da62368fdfc089157aaef6676d90946aab4995658aacec4973,2022-02,Gloucestershire Constabulary,Gloucestershire Constabulary,-2.254581,51.837606,On or near Blakeney Close,E01022344,Gloucester 012B,Violence and sexual offences,Investigation complete; no suspect identified,
5d3d75cc80d8c90fc538f506db614bd32225e76dd2b5aa56ee3c66b144fd1ef4,2022-02,Gloucestershire Constabulary,Gloucestershire Constabulary,-2.254581,51.837606,On or near Blakeney Close,E01022344,Gloucester 012B,Violence and sexual offences,Investigation complete; no suspect identified,
33bb1a192c353d68a2ee8400005aea1ec2b218705540c13ba5dfcb220d378c78,2022-02,Gloucestershire Constabulary,Gloucestershire Constabulary,-2.254581,51.837606,On or near Blakeney Close,E01022344,Gloucester 012B,Violence and sexual offences,Investigation complete; no suspect identified,
c27cc935e204a12a44d1995cd29b424bf37c4b874cb6d128df50d02d67de5cc1,2022-02,Gloucestershire Constabulary,Gloucestershire Constabulary,-2.251684,51.836048,On or near Slimbridge Road,E01022344,Gloucester 012B,Other crime,Unable to prosecute suspect,
,2022-02,Gloucestershire Constabulary,Gloucestershire Constabulary,-2.241294,51.830954,On or near Woods Orchard,E01022345,Gloucester 012C,Anti-social behaviour,,
,2022-02,Gloucestershire Constabulary,Gloucestershire Constabulary,-2.244705,51.831154,On or near Petrol Station,E01022345,Gloucester 012C,Anti-social behaviour,,
,2022-02,Gloucestershire Constabulary,Gloucestershire Constabulary,-2.241968,51.829415,On or near Forest View Road,E01022345,Gloucester 012C,Anti-social behaviour,,
,2022-02,Gloucestershire Constabulary,Gloucestershire Constabulary,-2.245193,51.830164,On or near Stroud Road,E01022345,Gloucester 012C,Anti-social behaviour,,
,2022-02,Gloucestershire Constabulary,Gloucestershire Constabulary,-2.251174,51.830448,On or near Gimson Close,E01022345,Gloucester 012C,Anti-social behaviour,,
,2022-02,Gloucestershire Constabulary,Gloucestershire Constabulary,-2.252738,51.827316,On or near Enborne Close,E01022345,Gloucester 012C,Anti-social behaviour,,
801c5c07cce79bbc85abcdf1ccd6cadbbef182e4d1829828e3b5f919d018ee05,2022-02,Gloucestershire Constabulary,Gloucestershire Constabulary,-2.241294,51.830954,On or near Woods Orchard,E01022345,Gloucester 012C,Criminal damage and arson,Investigation complete; no suspect identified,
d85d2c953000d1deb36104761a10b8984fa6030df278dfd1a75d86d0c503e497,2022-02,Gloucestershire Constabulary,Gloucestershire Constabulary,-2.244705,51.831154,On or near Petrol Station,E01022345,Gloucester 012C,Other theft,Investigation complete; no suspect identified,
0e42344bb9507052e32bab8cd2fc3448c7ea563ac700fb7235d6adf005f5ac56,2022-02,Gloucestershire Constabulary,Gloucestershire Constabulary,-2.251174,51.830448,On or near Gimson Close,E01022345,Gloucester 012C,Violence and sexual offences,Unable to prosecute suspect,
e2c7f09d2213b7b3a2603c715a20bdde43cc7a7503104540a34d0d530794d974,2022-02,Gloucestershire Constabulary,Gloucestershire Constabulary,-2.249377,51.833518,On or near Foley Close,E01022345,Gloucester 012C,Violence and sexual offences,Further action is not in the public interest,
d33e6763dfeb63372029b63c4580ee920d69a0dbc52ea4100a65ce3277f9228f,2022-02,Gloucestershire Constabulary,Gloucestershire Constabulary,-2.245193,51.830164,On or near Stroud Road,E01022345,Gloucester 012C,Violence and sexual offences,Investigation complete; no suspect identified,
1bed2ce6b0a3b10821b022b2e682234d5fc50de5efdf25c78b2bdd89aa97be96,2022-02,Gloucestershire Constabulary,Gloucestershire Constabulary,-2.249377,51.833518,On or near Foley Close,E01022345,Gloucester 012C,Violence and sexual offences,Further action is not in the public interest,
bc851a25b3f87704d3f6841f41b130c55f2f0f6eeb8336110e4496c163fe7f4b,2022-02,Gloucestershire Constabulary,Gloucestershire Constabulary,-2.247156,51.828218,On or near Chalford Road,E01022346,Gloucester 012D,Criminal damage and arson,Unable to prosecute suspect,
ea632de1323080168ba5576106667d5f1a26d859fb335b26fc8f09b74578b312,2022-02,Gloucestershire Constabulary,Gloucestershire Constabulary,-2.247195,51.827453,On or near Bisley Road,E01022346,Gloucester 012D,Criminal damage and arson,Unable to prosecute suspect,
66c4df631c53457f56658fdf0ae6a68f2630e0ffa45628882f6d2b519afd7adc,2022-02,Gloucestershire Constabulary,Gloucestershire Constabulary,-2.247156,51.828218,On or near Chalford Road,E01022346,Gloucester 012D,Public order,Unable to prosecute suspect,
856cf9324e7cc92e13bc07328e1b6258c4bd066c2b9f120457ae00facb911383,2022-02,Gloucestershire Constabulary,Gloucestershire Constabulary,-2.247156,51.828218,On or near Chalford Road,E01022346,Gloucester 012D,Violence and sexual offences,Unable to prosecute suspect,
e4696595c2e530263e67711d25229bdaa0b2e4b3027ac0bf919868bcd14cc0fb,2022-02,Gloucestershire Constabulary,Gloucestershire Constabulary,-2.248113,51.827982,On or near Westcote Road,E01022346,Gloucester 012D,Violence and sexual offences,Unable to prosecute suspect,
d2c811018a3bf39d74e434830a3f8a59d1dda46adf03bea29bfa68ac405ee703,2022-02,Gloucestershire Constabulary,Gloucestershire Constabulary,-2.247195,51.827453,On or near Bisley Road,E01022346,Gloucester 012D,Violence and sexual offences,Unable to prosecute suspect,
7a1ee84aeb18a8c071144483ff94b2b2b514fdc737489fe0cd65b16f3a9eee1f,2022-02,Gloucestershire Constabulary,Gloucestershire Constabulary,-2.249395,51.829013,On or near Gurney Avenue,E01022346,Gloucester 012D,Violence and sexual offences,Court result unavailable,
bea4fc512788180f3f9604a6194c64b7fd6e843b700aa96bbc478885a70239e0,2022-02,Gloucestershire Constabulary,Gloucestershire Constabulary,-2.251630,51.828972,On or near Goddard Way,E01022346,Gloucester 012D,Violence and sexual offences,Unable to prosecute suspect,
b23fcf46e949512ac4df1f0b2424ce145cd46b53018030d5c53551ba1c019698,2022-02,Gloucestershire Constabulary,Gloucestershire Constabulary,-2.249411,51.831854,On or near Seventh Avenue,E01022346,Gloucester 012D,Violence and sexual offences,Unable to prosecute suspect,
361c7b553f998c4eceba079b217b81f31182f712b816ccbd1f3baf1567484555,2022-02,Gloucestershire Constabulary,Gloucestershire Constabulary,-2.247195,51.827453,On or near Bisley Road,E01022346,Gloucester 012D,Violence and sexual offences,Unable to prosecute suspect,
4e9645afcf180337ab6fe1f86ab65da4f44b2ae25cc00c00f45459efd68e4ade,2022-02,Gloucestershire Constabulary,Gloucestershire Constabulary,-2.247156,51.828218,On or near Chalford Road,E01022346,Gloucester 012D,Violence and sexual offences,Action to be taken by another organisation,
666638c959b8a2b420876d2666e9936525e068be77b1ce1e2d70aca3308860e6,2022-02,Gloucestershire Constabulary,Gloucestershire Constabulary,-2.249333,51.828276,On or near Headlam Close,E01022346,Gloucester 012D,Violence and sexual offences,Unable to prosecute suspect,
85b2a094095408cd5e29155d52dd76af9f4add8c3a9bfb30971a94b6abd8ef79,2022-02,Gloucestershire Constabulary,Gloucestershire Constabulary,-2.247156,51.828218,On or near Chalford Road,E01022346,Gloucester 012D,Violence and sexual offences,Unable to prosecute suspect,
907a3984d4e268a35c6542f08fffa1722a122741fbe49dd2100fbb97e7aef884,2022-02,Gloucestershire Constabulary,Gloucestershire Constabulary,-2.249411,51.831854,On or near Seventh Avenue,E01022346,Gloucester 012D,Violence and sexual offences,Unable to prosecute suspect,
4bbf3a1ee45f097d66c88687368bef1bec73a58c6ec8ccd51e6ba3c541408f33,2022-02,Gloucestershire Constabulary,Gloucestershire Constabulary,-2.247187,51.831176,On or near Kemble Road,E01022346,Gloucester 012D,Violence and sexual offences,Unable to prosecute suspect,
57e3f834bf35b37df7c62bbcbedd015976da20ca9e3ea960004266fa247c8cfc,2022-02,Gloucestershire Constabulary,Gloucestershire Constabulary,-2.247637,51.828603,On or near Tetbury Road,E01022346,Gloucester 012D,Violence and sexual offences,Court result unavailable,
138ab928159c8d03810887c7b7c427ed8db71c58b9094718a30117b5dffa6a18,2022-02,Gloucestershire Constabulary,Gloucestershire Constabulary,-2.251630,51.828972,On or near Goddard Way,E01022346,Gloucester 012D,Violence and sexual offences,Unable to prosecute suspect,
0383ef319c2e9461a071a1f736dc2a04f0f1eebbc0cd3e1b65cd82ac47b1f1a0,2022-02,Gloucestershire Constabulary,Gloucestershire Constabulary,-2.248389,51.828206,On or near Evenlode Road,E01022346,Gloucester 012D,Violence and sexual offences,Unable to prosecute suspect,
27a5852b555cedc4a2d747a883db7861c9037df67052eac05ce543bcbd3a4772,2022-02,Gloucestershire Constabulary,Gloucestershire Constabulary,-2.247156,51.828218,On or near Chalford Road,E01022346,Gloucester 012D,Violence and sexual offences,Action to be taken by another organisation,
80a8b3275ea73173714d70d76d5444632c78228860de6239de71f9582a87ce59,2022-02,Gloucestershire Constabulary,Gloucestershire Constabulary,-2.247187,51.831176,On or near Kemble Road,E01022346,Gloucester 012D,Violence and sexual offences,Unable to prosecute suspect,
5012dea80fa0325e1aa32fdaaa68e00933d5ef8b1efff0f07c70fb8d08aa53e7,2022-02,Gloucestershire Constabulary,Gloucestershire Constabulary,-2.247637,51.828603,On or near Tetbury Road,E01022346,Gloucester 012D,Violence and sexual offences,Unable to prosecute suspect,
94044cfe8f94e1e0a1b77875139940b161f16320c15ba1f890ec71bf650e8075,2022-02,Gloucestershire Constabulary,Gloucestershire Constabulary,-2.248389,51.828206,On or near Evenlode Road,E01022346,Gloucester 012D,Violence and sexual offences,Unable to prosecute suspect,
5bac74a2ead5c22968738f1a76b0d8ddc516db597edbd3d2a49913481c8d258b,2022-02,Gloucestershire Constabulary,Gloucestershire Constabulary,-2.249333,51.828276,On or near Headlam Close,E01022346,Gloucester 012D,Other crime,Unable to prosecute suspect,
602c2f13689dd118e84b8ffa569ff336d542d7ef5dc56beea9e5ec989a5841ab,2022-02,Gloucestershire Constabulary,Gloucestershire Constabulary,-2.267695,51.831760,On or near Stirling Way,E01022299,Gloucester 013A,Violence and sexual offences,Unable to prosecute suspect,
cec3fd90448b79ab586023995257c2153aff500a1fb3493440c908b632583685,2022-02,Gloucestershire Constabulary,Gloucestershire Constabulary,-2.261307,51.826164,On or near Arundel Close,E01022299,Gloucester 013A,Violence and sexual offences,Unable to prosecute suspect,
9a5d9948912b035b6ce34a610973e98a84c6ea8764d6967648c9950f5fe5a81c,2022-02,Gloucestershire Constabulary,Gloucestershire Constabulary,-2.269402,51.833222,On or near Greenhill Court,E01022299,Gloucester 013A,Violence and sexual offences,Unable to prosecute suspect,
a6797fc6fd3e64797ff45fde60a79c56f8f94c0dc3a76112417179a75caba45c,2022-02,Gloucestershire Constabulary,Gloucestershire Constabulary,-2.256968,51.823674,On or near Thoresby Avenue,E01022300,Gloucester 013B,Violence and sexual offences,Unable to prosecute suspect,
675d5724f142447b928542e1bbab021bc5090b45505c7585beb76e0a10daa4ba,2022-02,Gloucestershire Constabulary,Gloucestershire Constabulary,-2.256968,51.823674,On or near Thoresby Avenue,E01022300,Gloucester 013B,Violence and sexual offences,Unable to prosecute suspect,
27f74eedad21ae34714ecf408e87f49ee6bdbd5b73d4de6ff4ed2a42b556777f,2022-02,Gloucestershire Constabulary,Gloucestershire Constabulary,-2.256968,51.823674,On or near Thoresby Avenue,E01022300,Gloucester 013B,Violence and sexual offences,Unable to prosecute suspect,
77dc30a647c8248763568853b2e70ae1253bfbaa54013ec075dfddb13ed2ce57,2022-02,Gloucestershire Constabulary,Gloucestershire Constabulary,-2.256968,51.823674,On or near Thoresby Avenue,E01022300,Gloucester 013B,Violence and sexual offences,Unable to prosecute suspect,
98992ccbd3310f4d5804e65f2ef0b36b3a878f0fa732cea4c5ae019812b78794,2022-02,Gloucestershire Constabulary,Gloucestershire Constabulary,-2.257869,51.823915,On or near Petworth Close,E01022300,Gloucester 013B,Violence and sexual offences,Unable to prosecute suspect,
,2022-02,Gloucestershire Constabulary,Gloucestershire Constabulary,-2.261370,51.834570,On or near Holmleigh Road,E01022301,Gloucester 013C,Anti-social behaviour,,
,2022-02,Gloucestershire Constabulary,Gloucestershire Constabulary,-2.257696,51.831719,On or near Notgrove Close,E01022301,Gloucester 013C,Anti-social behaviour,,
830b09c411ce10bacf4daf13c78ce67cd212112eb7c238a29dbd57c4cd812119,2022-02,Gloucestershire Constabulary,Gloucestershire Constabulary,-2.259706,51.832938,On or near Elderwood Way,E01022301,Gloucester 013C,Criminal damage and arson,Unable to prosecute suspect,
65d514cb3423fb18d6c81cf6252c44948717a956ef80ca6df3b48723d21b2f7e,2022-02,Gloucestershire Constabulary,Gloucestershire Constabulary,-2.257068,51.833420,On or near Ryelands,E01022301,Gloucester 013C,Criminal damage and arson,Investigation complete; no suspect identified,
32a819d87a39fd02b803d9b4b7e35cf4454c66ef0e1516a90ca9d2b0272df46a,2022-02,Gloucestershire Constabulary,Gloucestershire Constabulary,-2.257696,51.831719,On or near Notgrove Close,E01022301,Gloucester 013C,Public order,Unable to prosecute suspect,
419a032a29a78a40e24501ec1eb692c993d6d84f5232201e9d5d992ec1f77c02,2022-02,Gloucestershire Constabulary,Gloucestershire Constabulary,-2.261370,51.834570,On or near Holmleigh Road,E01022301,Gloucester 013C,Violence and sexual offences,Unable to prosecute suspect,
23fff700d6c45ac842062c47ad0274488a850dcf1917d2d3908dd904f5663ebb,2022-02,Gloucestershire Constabulary,Gloucestershire Constabulary,-2.261370,51.834570,On or near Holmleigh Road,E01022301,Gloucester 013C,Violence and sexual offences,Unable to prosecute suspect,
fcb98ab715773216290289b9c4ecfdd7009138cdd8b87d469b6ef3648ac19e0a,2022-02,Gloucestershire Constabulary,Gloucestershire Constabulary,-2.261370,51.834570,On or near Holmleigh Road,E01022301,Gloucester 013C,Violence and sexual offences,Unable to prosecute suspect,
a6bf608f18127b06e734ea3af6baed256a696d9b7bc585969a9e6308c5e87d07,2022-02,Gloucestershire Constabulary,Gloucestershire Constabulary,-2.263223,51.833793,On or near Coral Close,E01022301,Gloucester 013C,Violence and sexual offences,Unable to prosecute suspect,
59a86d0d6de5454aa547a3faadc39711dfb3e4d5523cfc5fd3a81c841bd75a70,2022-02,Gloucestershire Constabulary,Gloucestershire Constabulary,-2.257696,51.831719,On or near Notgrove Close,E01022301,Gloucester 013C,Other crime,Unable to prosecute suspect,
5f98440c2a0f696cb4a83f8ec952c03ff3ef1faa8389429187a74519e5eb4473,2022-02,Gloucestershire Constabulary,Gloucestershire Constabulary,-2.258764,51.830575,On or near Gainsborough Drive,E01022302,Gloucester 013D,Burglary,Investigation complete; no suspect identified,
d8028a548ed42d73e89313d9ac4f11591c61da0e6345979ec4eeec839edf6b66,2022-02,Gloucestershire Constabulary,Gloucestershire Constabulary,-2.260540,51.831668,On or near Ivory Close,E01022302,Gloucester 013D,Drugs,Formal action is not in the public interest,
f302ac4d964c958aecb7567d5080d58e48b40fa990a03c169e982f199d943c8c,2022-02,Gloucestershire Constabulary,Gloucestershire Constabulary,-2.260540,51.831668,On or near Ivory Close,E01022302,Gloucester 013D,Drugs,Formal action is not in the public interest,
2028a0f077c247197ce7d6d7c2bea711a62b75a4657f3d8e92fada2ef320d9e0,2022-02,Gloucestershire Constabulary,Gloucestershire Constabulary,-2.257762,51.835648,On or near Crypt Court,E01022302,Gloucester 013D,Violence and sexual offences,Unable to prosecute suspect,
a361ed17984bb12e3d2e45969c203cdf639eb8f907001951f32a64e591781179,2022-02,Gloucestershire Constabulary,Gloucestershire Constabulary,-2.257437,51.829526,On or near Nutley Avenue,E01022302,Gloucester 013D,Violence and sexual offences,Investigation complete; no suspect identified,
,2022-02,Gloucestershire Constabulary,Gloucestershire Constabulary,-2.279572,51.835131,On or near Goshawk Road,E01022339,Gloucester 014A,Anti-social behaviour,,
7f1f516a434a9cb9402c797531f97829ede97e1b573ae17aa34bc2c02fe0ba65,2022-02,Gloucestershire Constabulary,Gloucestershire Constabulary,-2.279027,51.833810,On or near Griffon Close,E01022339,Gloucester 014A,Violence and sexual offences,Investigation complete; no suspect identified,
9b7fa542b7bc85ecdceb2fdf207b0361aafcc935a99895d39c622841af5090c3,2022-02,Gloucestershire Constabulary,Gloucestershire Constabulary,-2.277363,51.832214,On or near Old Elmore Lane,E01022339,Gloucester 014A,Violence and sexual offences,Unable to prosecute suspect,
c8453165b1b11892880243d88a38068b5f6fa1c3200da3205e2b1dc2295e5ef1,2022-02,Gloucestershire Constabulary,Gloucestershire Constabulary,-2.277808,51.833813,On or near Falcon Close,E01022339,Gloucester 014A,Violence and sexual offences,Unable to prosecute suspect,
,2022-02,Gloucestershire Constabulary,Gloucestershire Constabulary,-2.289721,51.826772,On or near Deerhurst Place,E01022340,Gloucester 014B,Anti-social behaviour,,
766e2c5d7c204253b88a3e644f403ad7efe99c95d5d9324534602599cac77f16,2022-02,Gloucestershire Constabulary,Gloucestershire Constabulary,-2.291455,51.827828,On or near Clearwater Drive,E01022340,Gloucester 014B,Violence and sexual offences,Unable to prosecute suspect,
c7c7fb95a65f0c7dc7262afe2cd1d043742d0054f22e5d95e0068ebf4295b347,2022-02,Gloucestershire Constabulary,Gloucestershire Constabulary,-2.270189,51.828967,On or near Cardinal Drive,E01022341,Gloucester 014C,Criminal damage and arson,Unable to prosecute suspect,
cfd70e2472b4c15e21bc6f3b8254336958e6713a30a7a49285759f61a3b74cf5,2022-02,Gloucestershire Constabulary,Gloucestershire Constabulary,-2.271858,51.829044,On or near Watermint Drive,E01022341,Gloucester 014C,Other theft,Formal action is not in the public interest,
2987c0d34ffc03e7f0dbcd7dd5ca978be4ae2ed30ed5fbae49101c16eb58b013,2022-02,Gloucestershire Constabulary,Gloucestershire Constabulary,-2.280810,51.831154,On or near Haworth Close,E01022341,Gloucester 014C,Other theft,Investigation complete; no suspect identified,
e02180851ec93420263d038daa6ded5498d5f0baeab2b196d2d979d5d7b035d9,2022-02,Gloucestershire Constabulary,Gloucestershire Constabulary,-2.270656,51.829362,On or near The Rushes,E01022341,Gloucester 014C,Vehicle crime,Investigation complete; no suspect identified,
d9a2758f9f82c501b1c791108e8f69c0e5d882974778c4aac85c0e24e9e35105,2022-02,Gloucestershire Constabulary,Gloucestershire Constabulary,-2.270656,51.829362,On or near The Rushes,E01022341,Gloucester 014C,Vehicle crime,Investigation complete; no suspect identified,
a7dcb762c7116c7e0998a65e4f4f399d9d378ed0f49cdaec168a5839b85cf7e0,2022-02,Gloucestershire Constabulary,Gloucestershire Constabulary,-2.271858,51.829044,On or near Watermint Drive,E01022341,Gloucester 014C,Violence and sexual offences,Investigation complete; no suspect identified,
0064dd30b389124dda90555637553183401d918de66d32173d01dc1f273c6850,2022-02,Gloucestershire Constabulary,Gloucestershire Constabulary,-2.271858,51.829044,On or near Watermint Drive,E01022341,Gloucester 014C,Violence and sexual offences,Unable to prosecute suspect,
bdcffe3249ef3a0bb9dfd3141fa2a40991dca27c1fd21b55650c387809b5f204,2022-02,Gloucestershire Constabulary,Gloucestershire Constabulary,-2.271858,51.829044,On or near Watermint Drive,E01022341,Gloucester 014C,Violence and sexual offences,Unable to prosecute suspect,
39efce22c79a033a856369f5ef0208d51c7dcb91fe578edf29e3de045e7c850b,2022-02,Gloucestershire Constabulary,Gloucestershire Constabulary,-2.271858,51.829044,On or near Watermint Drive,E01022341,Gloucester 014C,Violence and sexual offences,Investigation complete; no suspect identified,
4caf3f11c9f20e5750518720a73de4f2f36e7e01cb06306a450e9138e7d4b275,2022-02,Gloucestershire Constabulary,Gloucestershire Constabulary,-2.271372,51.832624,On or near Daniel'S Meadow,E01022341,Gloucester 014C,Violence and sexual offences,Unable to prosecute suspect,
a3f1fd1a5f528d75d9908b824eee24047fb9b8327b19e71973e039d640443a60,2022-02,Gloucestershire Constabulary,Gloucestershire Constabulary,-2.296208,51.824688,On or near Spoonbill Close,E01022342,Gloucester 014D,Violence and sexual offences,Unable to prosecute suspect,
74a34edb5ebfa46e10eb63160d3564809bce59f7596c0ef1ae23de0a1b1f0c48,2022-02,Gloucestershire Constabulary,Gloucestershire Constabulary,-2.293323,51.827230,On or near Sandpiper Close,E01022342,Gloucester 014D,Violence and sexual offences,Unable to prosecute suspect,
15369d1f99c6406bb8e0f88fbfdd2b62b5d02f084377188154b039a2b88f9db4,2022-02,Gloucestershire Constabulary,Gloucestershire Constabulary,-2.296208,51.824688,On or near Spoonbill Close,E01022342,Gloucester 014D,Violence and sexual offences,Unable to prosecute suspect,
2a2728effac958c0e4d3265ebc17744caaca5a4ab08ddb789ae48c4d5e797221,2022-02,Gloucestershire Constabulary,Gloucestershire Constabulary,-2.296020,51.826918,On or near Waterside Close,E01022342,Gloucester 014D,Violence and sexual offences,Unable to prosecute suspect,
,2022-02,Gloucestershire Constabulary,Gloucestershire Constabulary,-2.276828,51.827810,On or near Bristol Road,E01022335,Gloucester 015A,Anti-social behaviour,,
,2022-02,Gloucestershire Constabulary,Gloucestershire Constabulary,-2.276962,51.825966,On or near Bristol Road,E01022335,Gloucester 015A,Anti-social behaviour,,
,2022-02,Gloucestershire Constabulary,Gloucestershire Constabulary,-2.279595,51.827093,On or near Supermarket,E01022335,Gloucester 015A,Anti-social behaviour,,
15382bf09daca641e36a58dc7319ee549f575195c512184a411d9495cb1dd2f3,2022-02,Gloucestershire Constabulary,Gloucestershire Constabulary,-2.284596,51.824024,On or near School Lane,E01022335,Gloucester 015A,Other theft,Investigation complete; no suspect identified,
70d8400bc9621b587423ce379cb15b9312f0fb77ca8fdfe51a49d2311281483b,2022-02,Gloucestershire Constabulary,Gloucestershire Constabulary,-2.276962,51.825966,On or near Bristol Road,E01022335,Gloucester 015A,Violence and sexual offences,Unable to prosecute suspect,
7eb5ccdd22837c24af090f051afd2fbe987a38079dc648cb36aaae6a24977589,2022-02,Gloucestershire Constabulary,Gloucestershire Constabulary,-2.276023,51.829133,On or near Queen Anne Court,E01022335,Gloucester 015A,Violence and sexual offences,Investigation complete; no suspect identified,
,2022-02,Gloucestershire Constabulary,Gloucestershire Constabulary,-2.287879,51.822389,On or near Chiltern Road,E01022336,Gloucester 015B,Anti-social behaviour,,
86739b50e069f4ab2666985c5015b96f81e3623fae83a0f7a5cee36eac378175,2022-02,Gloucestershire Constabulary,Gloucestershire Constabulary,-2.289019,51.823689,On or near Ashleworth Gardens,E01022336,Gloucester 015B,Violence and sexual offences,Formal action is not in the public interest,
379edd2166d3f8b1cc5bb6b8b271ba52075d2ab720d2871e1c82f0691ac551ba,2022-02,Gloucestershire Constabulary,Gloucestershire Constabulary,-2.287504,51.820340,On or near Cheviot Close,E01022336,Gloucester 015B,Violence and sexual offences,Unable to prosecute suspect,
,2022-02,Gloucestershire Constabulary,Gloucestershire Constabulary,-2.284707,51.818656,On or near Squirrel Close,E01022338,Gloucester 015D,Anti-social behaviour,,
,2022-02,Gloucestershire Constabulary,Gloucestershire Constabulary,-2.280519,51.819295,On or near Lanham Gardens,E01022338,Gloucester 015D,Anti-social behaviour,,
023c0e6153e8956ccdd9b67c08a1a66cece68d42e53870aada3c91132194a05d,2022-02,Gloucestershire Constabulary,Gloucestershire Constabulary,-2.280519,51.819295,On or near Lanham Gardens,E01022338,Gloucester 015D,Criminal damage and arson,Investigation complete; no suspect identified,
2ca79db125e83d81a2585612bda996185062d2acd5149830f9fbf0b39e17fc63,2022-02,Gloucestershire Constabulary,Gloucestershire Constabulary,-2.282951,51.818445,On or near Harvest Way,E01022338,Gloucester 015D,Vehicle crime,Unable to prosecute suspect,
cd025e4ec14f90d16ab1cec919b42b62fa083142ccba754f839bf18def50ab19,2022-02,Gloucestershire Constabulary,Gloucestershire Constabulary,-2.282951,51.818445,On or near Harvest Way,E01022338,Gloucester 015D,Violence and sexual offences,Unable to prosecute suspect,
c2c4304ae964a3ac705eb99b00a02c46e09eeede49d77fd01cb92093182fb6c1,2022-02,Gloucestershire Constabulary,Gloucestershire Constabulary,-2.280519,51.819295,On or near Lanham Gardens,E01022338,Gloucester 015D,Violence and sexual offences,Unable to prosecute suspect,
,2022-02,Gloucestershire Constabulary,Gloucestershire Constabulary,-2.274501,51.826880,On or near Shopping Area,E01032933,Gloucester 015E,Anti-social behaviour,,
b2b5854396f927bbc30d5a6e8c1ad38c7be63d367716dc4ce7dda3a8a8485797,2022-02,Gloucestershire Constabulary,Gloucestershire Constabulary,-2.276436,51.823009,On or near Coltishall Close,E01032933,Gloucester 015E,Public order,Investigation complete; no suspect identified,
25ba561422172267e7967b29723e6f364b2cbb94ecf9746c4d5f558f07f88ebd,2022-02,Gloucestershire Constabulary,Gloucestershire Constabulary,-2.274501,51.826880,On or near Shopping Area,E01032933,Gloucester 015E,Public order,Investigation complete; no suspect identified,
99afbf8fce941c801e86d6e3869d6b5b92883fb72b1e4ccc87645955c2a33e0f,2022-02,Gloucestershire Constabulary,Gloucestershire Constabulary,-2.274501,51.826880,On or near Shopping Area,E01032933,Gloucester 015E,Shoplifting,Investigation complete; no suspect identified,
168d53291130722d19c06169f3f5b94c67196ceb85d69ba339e6bcf3f7991c2c,2022-02,Gloucestershire Constabulary,Gloucestershire Constabulary,-2.274501,51.826880,On or near Shopping Area,E01032933,Gloucester 015E,Shoplifting,Investigation complete; no suspect identified,
966eaef05b987c6fb84628eaf63c2fef705bc3137293bf5257ccefcb5c112c89,2022-02,Gloucestershire Constabulary,Gloucestershire Constabulary,-2.274501,51.826880,On or near Shopping Area,E01032933,Gloucester 015E,Shoplifting,Investigation complete; no suspect identified,
40404c24f2d306fc40f866d848382d2691bbc5cce4843935c1c3e11bec30a5c3,2022-02,Gloucestershire Constabulary,Gloucestershire Constabulary,-2.274501,51.826880,On or near Shopping Area,E01032933,Gloucester 015E,Shoplifting,Investigation complete; no suspect identified,
8b70882affe22e1a2c2f0bf934db6a698c739fb98fc80ac3258b1e8a50e94a58,2022-02,Gloucestershire Constabulary,Gloucestershire Constabulary,-2.274501,51.826880,On or near Shopping Area,E01032933,Gloucester 015E,Shoplifting,Investigation complete; no suspect identified,
eea62324705f5946818374db1418afd0c634d980f30e12873efeced83d6d9834,2022-02,Gloucestershire Constabulary,Gloucestershire Constabulary,-2.272951,51.824897,On or near Digby Green,E01032933,Gloucester 015E,Theft from the person,Unable to prosecute suspect,
0eea2e1cac888ce0a7a1fe1ca69e8fde4ddace22efd8f180151f8aad6589d39a,2022-02,Gloucestershire Constabulary,Gloucestershire Constabulary,-2.273914,51.823537,On or near Shawbury Avenue,E01032933,Gloucester 015E,Violence and sexual offences,Status update unavailable,
57fb4ab9ea4e1bfd00a33f66cf70a854fe16fe010ce3296fdc4eadfa6e021cae,2022-02,Gloucestershire Constabulary,Gloucestershire Constabulary,-2.273914,51.823537,On or near Shawbury Avenue,E01032933,Gloucester 015E,Violence and sexual offences,Status update unavailable,
9cf5d2cb070770186a6e2285aded93abd08b58d463d7a2316b8490404d9f938f,2022-02,Gloucestershire Constabulary,Gloucestershire Constabulary,-2.273914,51.823537,On or near Shawbury Avenue,E01032933,Gloucester 015E,Violence and sexual offences,Unable to prosecute suspect,
803f56de8c7a2bcce68f8501f0e01b98575a87d9e50c4b7690a13c6e03d32bb1,2022-02,Gloucestershire Constabulary,Gloucestershire Constabulary,-2.271642,51.826905,On or near Holbeach Drive,E01032933,Gloucester 015E,Violence and sexual offences,Formal action is not in the public interest,
,2022-02,Gloucestershire Constabulary,Gloucestershire Constabulary,-2.280324,51.820609,On or near The Holly Grove,E01032934,Gloucester 015F,Anti-social behaviour,,
,2022-02,Gloucestershire Constabulary,Gloucestershire Constabulary,-2.269370,51.810879,On or near Jessop Court,E01032934,Gloucester 015F,Anti-social behaviour,,
,2022-02,Gloucestershire Constabulary,Gloucestershire Constabulary,-2.266608,51.812243,On or near Brunel Court,E01032934,Gloucester 015F,Anti-social behaviour,,
,2022-02,Gloucestershire Constabulary,Gloucestershire Constabulary,-2.265653,51.815221,On or near Sports/Recreation Area,E01032934,Gloucester 015F,Anti-social behaviour,,
,2022-02,Gloucestershire Constabulary,Gloucestershire Constabulary,-2.273997,51.813242,On or near Waterwells Drive,E01032934,Gloucester 015F,Anti-social behaviour,,
,2022-02,Gloucestershire Constabulary,Gloucestershire Constabulary,-2.269370,51.810879,On or near Jessop Court,E01032934,Gloucester 015F,Anti-social behaviour,,
,2022-02,Gloucestershire Constabulary,Gloucestershire Constabulary,-2.269370,51.810879,On or near Jessop Court,E01032934,Gloucester 015F,Anti-social behaviour,,
,2022-02,Gloucestershire Constabulary,Gloucestershire Constabulary,-2.273997,51.813242,On or near Waterwells Drive,E01032934,Gloucester 015F,Anti-social behaviour,,
,2022-02,Gloucestershire Constabulary,Gloucestershire Constabulary,-2.273997,51.813242,On or near Waterwells Drive,E01032934,Gloucester 015F,Anti-social behaviour,,
,2022-02,Gloucestershire Constabulary,Gloucestershire Constabulary,-2.276181,51.814523,On or near Police Station,E01032934,Gloucester 015F,Anti-social behaviour,,
,2022-02,Gloucestershire Constabulary,Gloucestershire Constabulary,-2.269370,51.810879,On or near Jessop Court,E01032934,Gloucester 015F,Anti-social behaviour,,
79b529645af76a0e79a824037ae3b45269bd273964758f3482e9adf69c9f66c5,2022-02,Gloucestershire Constabulary,Gloucestershire Constabulary,-2.277387,51.819654,On or near Parking Area,E01032934,Gloucester 015F,Bicycle theft,Court result unavailable,
3bb34f0cd09d8a9a547681c8c77ac36f1afc08a45e84bac3eae453ad815f3bc5,2022-02,Gloucestershire Constabulary,Gloucestershire Constabulary,-2.269370,51.810879,On or near Jessop Court,E01032934,Gloucester 015F,Criminal damage and arson,Investigation complete; no suspect identified,
e6e27234c85165bb883fe828a3146365e0c0b2d68f3b82d20688b69f8afd7107,2022-02,Gloucestershire Constabulary,Gloucestershire Constabulary,-2.275682,51.815935,On or near Edison Close,E01032934,Gloucester 015F,Criminal damage and arson,Unable to prosecute suspect,
f5407f88939029f61b7cb85aaf358e1b6544e2984249d16c03c718960ad506c4,2022-02,Gloucestershire Constabulary,Gloucestershire Constabulary,-2.275682,51.815935,On or near Edison Close,E01032934,Gloucester 015F,Other theft,Investigation complete; no suspect identified,
469367dc8d0be052311ece4b4d6d1b71dbd5975230cdd260eaa9a373f045bf00,2022-02,Gloucestershire Constabulary,Gloucestershire Constabulary,-2.277307,51.815967,On or near Telford Way,E01032934,Gloucester 015F,Other theft,Investigation complete; no suspect identified,
9a46b00152b22a558456fcc730b0f3bd47829bef315f3d84d62df44d13a58ce9,2022-02,Gloucestershire Constabulary,Gloucestershire Constabulary,-2.269370,51.810879,On or near Jessop Court,E01032934,Gloucester 015F,Robbery,Unable to prosecute suspect,
ac221655c65110c246c28a38ebac4c7f9fa61359be797422a3a572fff4dd42a6,2022-02,Gloucestershire Constabulary,Gloucestershire Constabulary,-2.269370,51.810879,On or near Jessop Court,E01032934,Gloucester 015F,Robbery,Unable to prosecute suspect,
8f03600a99897f639b07f0efb8643083543d4ef05197023d9e5ed00bab8cfa54,2022-02,Gloucestershire Constabulary,Gloucestershire Constabulary,-2.269370,51.810879,On or near Jessop Court,E01032934,Gloucester 015F,Robbery,Unable to prosecute suspect,
a88132bf1f37b934743f0a24c638e1490f82823e9e81a15497fbe3321f512646,2022-02,Gloucestershire Constabulary,Gloucestershire Constabulary,-2.277387,51.819654,On or near Parking Area,E01032934,Gloucester 015F,Shoplifting,Investigation complete; no suspect identified,
ed59966b93e018877ec866c7acbddb0c8a3580277a71d73b66bb549a8756524d,2022-02,Gloucestershire Constabulary,Gloucestershire Constabulary,-2.277387,51.819654,On or near Parking Area,E01032934,Gloucester 015F,Shoplifting,Court result unavailable,
5c5432dd2dfe23e4646098da7b9d63653cac4c4813e5aed44464d2dc10982fa9,2022-02,Gloucestershire Constabulary,Gloucestershire Constabulary,-2.277387,51.819654,On or near Parking Area,E01032934,Gloucester 015F,Theft from the person,Unable to prosecute suspect,
9a8c94336014a335fb69221aaeefb0833132f07aed87aa8ac6d844eb300f0e3d,2022-02,Gloucestershire Constabulary,Gloucestershire Constabulary,-2.265653,51.815221,On or near Sports/Recreation Area,E01032934,Gloucester 015F,Violence and sexual offences,Unable to prosecute suspect,
0b56818fa96283f7308dacd94b7a99c7cea2fa595878055d7e8e6667be57d757,2022-02,Gloucestershire Constabulary,Gloucestershire Constabulary,-2.275682,51.815935,On or near Edison Close,E01032934,Gloucester 015F,Violence and sexual offences,Status update unavailable,
80283ef6bc9270bd094d645b48516fbd94dd5dc9e90d6e5d9df9a6797d539dc4,2022-02,Gloucestershire Constabulary,Gloucestershire Constabulary,-2.275682,51.815935,On or near Edison Close,E01032934,Gloucester 015F,Violence and sexual offences,Status update unavailable,
a58ba21aee0a46238b541afa313edd74debbba5f963b9590107aed4485620e50,2022-02,Gloucestershire Constabulary,Gloucestershire Constabulary,-2.275682,51.815935,On or near Edison Close,E01032934,Gloucester 015F,Violence and sexual offences,Unable to prosecute suspect,
6f9e43a0e310a4eed8f3d14d192d2d3de67f05d4473b42fa53ec0d6d37376d69,2022-02,Gloucestershire Constabulary,Gloucestershire Constabulary,-2.275682,51.815935,On or near Edison Close,E01032934,Gloucester 015F,Violence and sexual offences,Status update unavailable,
bff45db6d5b4d4d5b6582f0bacb12b425839709aace985254889b65873dbfb9f,2022-02,Gloucestershire Constabulary,Gloucestershire Constabulary,-2.275682,51.815935,On or near Edison Close,E01032934,Gloucester 015F,Violence and sexual offences,Status update unavailable,
3a5019b6027d7f6e8cdcf52e4b548cd1451d5676520dc020ac4490d06bc37d11,2022-02,Gloucestershire Constabulary,Gloucestershire Constabulary,-2.275682,51.815935,On or near Edison Close,E01032934,Gloucester 015F,Violence and sexual offences,Status update unavailable,
5bfe315cf71138f2ff82795ef89ab2131dbf2f84f5e01f7ac207805b4a09c9ca,2022-02,Gloucestershire Constabulary,Gloucestershire Constabulary,-2.275682,51.815935,On or near Edison Close,E01032934,Gloucester 015F,Violence and sexual offences,Court result unavailable,
b098021a159637e80ebb010d80e1035ca3227bbaad51122c4bc4c0b37c9f9752,2022-02,Gloucestershire Constabulary,Gloucestershire Constabulary,-2.275682,51.815935,On or near Edison Close,E01032934,Gloucester 015F,Violence and sexual offences,Unable to prosecute suspect,
bb1e0df9de4a5c241f5b53080b5f568842f4080f9f7fa87bc86db208d3ac1f95,2022-02,Gloucestershire Constabulary,Gloucestershire Constabulary,-2.275682,51.815935,On or near Edison Close,E01032934,Gloucester 015F,Violence and sexual offences,Unable to prosecute suspect,
eada9bf342fc0981586e9ebe0d391c38a16dd379693eb44c1d4449a64f40b698,2022-02,Gloucestershire Constabulary,Gloucestershire Constabulary,-2.269370,51.810879,On or near Jessop Court,E01032934,Gloucester 015F,Violence and sexual offences,Unable to prosecute suspect,
374352a04c5d700133d701d4c4e157c6853de98a5d7d51605c3b8c8117148b8e,2022-02,Gloucestershire Constabulary,Gloucestershire Constabulary,-2.275682,51.815935,On or near Edison Close,E01032934,Gloucester 015F,Violence and sexual offences,Offender given a caution,
e46e7db75377fee15693552c7870974a34ad05dc7d63d927000d2a4686b81b9b,2022-02,Gloucestershire Constabulary,Gloucestershire Constabulary,-2.281547,51.816614,On or near Chapel Gardens,E01032934,Gloucester 015F,Violence and sexual offences,Unable to prosecute suspect,
2c6ba9507f8ac5ee06acb104ee0d8366bf80fa5efa44867a5699997893d1c86b,2022-02,Gloucestershire Constabulary,Gloucestershire Constabulary,-2.275682,51.815935,On or near Edison Close,E01032934,Gloucester 015F,Violence and sexual offences,Status update unavailable,
362f436a14d268cfebac06ff21b680f08ac539309f10307d9e40492df2a6eb59,2022-02,Gloucestershire Constabulary,Gloucestershire Constabulary,-2.275682,51.815935,On or near Edison Close,E01032934,Gloucester 015F,Violence and sexual offences,Status update unavailable,
a24b9b89af7dd3c34f8404db3e28860028464d1422cbcec0a6642334de5a606b,2022-02,Gloucestershire Constabulary,Gloucestershire Constabulary,-2.275682,51.815935,On or near Edison Close,E01032934,Gloucester 015F,Violence and sexual offences,Status update unavailable,
2aacc2728ac78dbc683c41f97be9df0da98bf99f098669fbf93c5fb7cf3fdc77,2022-02,Gloucestershire Constabulary,Gloucestershire Constabulary,-2.269370,51.810879,On or near Jessop Court,E01032934,Gloucester 015F,Violence and sexual offences,Unable to prosecute suspect,
2f1e06ca58184f4f61d34e21dd0c9d26754334a25ba2fe6452ff819a7f394374,2022-02,Gloucestershire Constabulary,Gloucestershire Constabulary,-2.275682,51.815935,On or near Edison Close,E01032934,Gloucester 015F,Violence and sexual offences,Status update unavailable,
dff5fe153fccd25e195a51941258a94e252ee172e8500d2c3f39b630597fba0a,2022-02,Gloucestershire Constabulary,Gloucestershire Constabulary,-2.277307,51.815967,On or near Telford Way,E01032934,Gloucester 015F,Violence and sexual offences,Unable to prosecute suspect,
5a4eb7daedc799e02593c296ef0c1742567c088b74a7b023c4a70e3724b4bcce,2022-02,Gloucestershire Constabulary,Gloucestershire Constabulary,-2.269370,51.810879,On or near Jessop Court,E01032934,Gloucester 015F,Violence and sexual offences,Unable to prosecute suspect,
7164e875f2b181c857f0b886c8a5728a1c4f9df78bd25e503f80081a23501abe,2022-02,Gloucestershire Constabulary,Gloucestershire Constabulary,-2.275682,51.815935,On or near Edison Close,E01032934,Gloucester 015F,Violence and sexual offences,Status update unavailable,
43f553ff3a400e38a4bfb94ea68ebdb1e2a0d10656f0a1999e361ca6ec949d43,2022-02,Gloucestershire Constabulary,Gloucestershire Constabulary,-2.265653,51.815221,On or near Sports/Recreation Area,E01032934,Gloucester 015F,Violence and sexual offences,Unable to prosecute suspect,
172cd304d4a29d6b3bc719576f0525a47cb2917a2ee336c76dd2daf2f3a64e4e,2022-02,Gloucestershire Constabulary,Gloucestershire Constabulary,-2.265653,51.815221,On or near Sports/Recreation Area,E01032934,Gloucester 015F,Violence and sexual offences,Unable to prosecute suspect,
eaf24ec66302f5709dbd1da7fdd4fb680810258528d0edf8c188e2f34fadbf5c,2022-02,Gloucestershire Constabulary,Gloucestershire Constabulary,-2.269370,51.810879,On or near Jessop Court,E01032934,Gloucester 015F,Violence and sexual offences,Unable to prosecute suspect,
2a6d1ec1e5b7b028c614fc593e20868275f05d150b170cfda04b1a6e3a112b1b,2022-02,Gloucestershire Constabulary,Gloucestershire Constabulary,-2.277387,51.819654,On or near Parking Area,E01032934,Gloucester 015F,Other crime,Court result unavailable,
ad0491a7d071222ea053bda4da938389c7e27e42fde082d0d67cd6dd883bed37,2022-02,Gloucestershire Constabulary,Gloucestershire Constabulary,-2.269370,51.810879,On or near Jessop Court,E01032934,Gloucester 015F,Other crime,Unable to prosecute suspect,
,2022-02,Gloucestershire Constabulary,Gloucestershire Constabulary,-2.265298,51.823853,On or near Thatcham Avenue,E01032935,Gloucester 015G,Anti-social behaviour,,
191153dcbbbb703fcca21a628b54a7eec9a0fd4dbf9d5aba05df76a46a663748,2022-02,Gloucestershire Constabulary,Gloucestershire Constabulary,-2.266164,51.823186,On or near Mildenhall Way,E01032935,Gloucester 015G,Violence and sexual offences,Unable to prosecute suspect,
e27636b85a30b15e486b1c947cc50bb926495178026fa1c078c3aa0ae4e09967,2022-02,Gloucestershire Constabulary,Gloucestershire Constabulary,-2.269619,51.823448,On or near Lyneham Drive,E01032935,Gloucester 015G,Violence and sexual offences,Unable to prosecute suspect,
,2022-02,Gloucestershire Constabulary,Gloucestershire Constabulary,-2.265969,51.821946,On or near Northwood Drive,E01032936,Gloucester 015H,Anti-social behaviour,,
,2022-02,Gloucestershire Constabulary,Gloucestershire Constabulary,-2.262283,51.819338,On or near Topcliffe Street,E01032936,Gloucester 015H,Anti-social behaviour,,
,2022-02,Gloucestershire Constabulary,Gloucestershire Constabulary,-2.264401,51.821778,On or near Wittering Way,E01032936,Gloucester 015H,Anti-social behaviour,,
,2022-02,Gloucestershire Constabulary,Gloucestershire Constabulary,-2.262283,51.819338,On or near Topcliffe Street,E01032936,Gloucester 015H,Anti-social behaviour,,
,2022-02,Gloucestershire Constabulary,Gloucestershire Constabulary,-2.265435,51.820104,On or near Northolt Way,E01032936,Gloucester 015H,Anti-social behaviour,,
,2022-02,Gloucestershire Constabulary,Gloucestershire Constabulary,-2.265639,51.820112,On or near Leconfield Drive,E01032936,Gloucester 015H,Anti-social behaviour,,
,2022-02,Gloucestershire Constabulary,Gloucestershire Constabulary,-2.265776,51.821335,On or near Buchan Drive,E01032936,Gloucester 015H,Anti-social behaviour,,
,2022-02,Gloucestershire Constabulary,Gloucestershire Constabulary,-2.262639,51.820820,On or near Boddington Drive,E01032936,Gloucester 015H,Anti-social behaviour,,
ea57ccb3c5d94044f2c92e2bbbf9bb3791232b816130759a494494ffe95962f9,2022-02,Gloucestershire Constabulary,Gloucestershire Constabulary,-2.272349,51.823864,On or near Halton Way,E01032936,Gloucester 015H,Burglary,Investigation complete; no suspect identified,
b5d60ca19b5f537c3d2013e28ff2e4b3ef360bba2dc400b0bce68be48f0f6e7f,2022-02,Gloucestershire Constabulary,Gloucestershire Constabulary,-2.262283,51.819338,On or near Topcliffe Street,E01032936,Gloucester 015H,Burglary,Investigation complete; no suspect identified,
44d9f397e46d4c6bcbe783a777d43d6ec8dd0c7b40a507b0d4226b1c4a6980ed,2022-02,Gloucestershire Constabulary,Gloucestershire Constabulary,-2.261907,51.819563,On or near Wattisham Road,E01032936,Gloucester 015H,Burglary,Investigation complete; no suspect identified,
e020957d92cf34d35949e9bddb7a7af6b5ab483ff682723ddd1c0beb75d21cd2,2022-02,Gloucestershire Constabulary,Gloucestershire Constabulary,-2.260396,51.819225,On or near Flyingdales Garden,E01032936,Gloucester 015H,Criminal damage and arson,Investigation complete; no suspect identified,
320cb6d7cc47ef6ccb8fd8bf92e4b83e8f3de41127ca5374b3567f6dc29f96c2,2022-02,Gloucestershire Constabulary,Gloucestershire Constabulary,-2.260396,51.819225,On or near Flyingdales Garden,E01032936,Gloucester 015H,Criminal damage and arson,Unable to prosecute suspect,
1f82a5eb926e321ea5533a1a84f1755588e927073fe1cdbef945db132f9a06b3,2022-02,Gloucestershire Constabulary,Gloucestershire Constabulary,-2.265776,51.821335,On or near Buchan Drive,E01032936,Gloucester 015H,Criminal damage and arson,Court result unavailable,
ae7e532aa2c5521255c979b42774072d5b4bde71ab2fdc4540169590dbdbbd22,2022-02,Gloucestershire Constabulary,Gloucestershire Constabulary,-2.272349,51.823864,On or near Halton Way,E01032936,Gloucester 015H,Criminal damage and arson,Investigation complete; no suspect identified,
c062c32e6993b69907923927a4e1ec56f9f79af7fc2243542f5d5b7a577d036c,2022-02,Gloucestershire Constabulary,Gloucestershire Constabulary,-2.262283,51.819338,On or near Topcliffe Street,E01032936,Gloucester 015H,Criminal damage and arson,Unable to prosecute suspect,
52df490f5d82b7ae562e114f9f6879b16d7220d26f9d547ef6299225e9f58e90,2022-02,Gloucestershire Constabulary,Gloucestershire Constabulary,-2.265639,51.820112,On or near Leconfield Drive,E01032936,Gloucester 015H,Criminal damage and arson,Investigation complete; no suspect identified,
b51447ea105a2d7e4b1d57315b6b5904038d1f9243a1df5e089dfc621a6c017d,2022-02,Gloucestershire Constabulary,Gloucestershire Constabulary,-2.262283,51.819338,On or near Topcliffe Street,E01032936,Gloucester 015H,Drugs,Court result unavailable,
2aac953352e5bc964b9a90335b2ddb2b26d10d5c51c93d4dc49ab0ebcdf28667,2022-02,Gloucestershire Constabulary,Gloucestershire Constabulary,-2.260396,51.819225,On or near Flyingdales Garden,E01032936,Gloucester 015H,Other theft,Unable to prosecute suspect,
7c18b635371adf888ee57bd59466748e9ca774c099b63e0f17e5e42d48e30225,2022-02,Gloucestershire Constabulary,Gloucestershire Constabulary,-2.265639,51.820112,On or near Leconfield Drive,E01032936,Gloucester 015H,Public order,Unable to prosecute suspect,
404a8b4215e5163025cda4dc5c99bce2ac77269f0c2e02b793d6d5eaace9b254,2022-02,Gloucestershire Constabulary,Gloucestershire Constabulary,-2.272349,51.823864,On or near Halton Way,E01032936,Gloucester 015H,Public order,Unable to prosecute suspect,
94d741780459a77a2121e0efbdcca2a558b1986b1e61ea78f2b7e9c3f6378b7a,2022-02,Gloucestershire Constabulary,Gloucestershire Constabulary,-2.265639,51.820112,On or near Leconfield Drive,E01032936,Gloucester 015H,Public order,Unable to prosecute suspect,
49b7ed42287975ea75d50a1d6eedce7dc5e314b1db382171871e71dd915dd88f,2022-02,Gloucestershire Constabulary,Gloucestershire Constabulary,-2.265639,51.820112,On or near Leconfield Drive,E01032936,Gloucester 015H,Violence and sexual offences,Unable to prosecute suspect,
2d10a0d626635b52eb3b4a1f39fcb2a72309cb0bc1a5497433dbdb2fe5af12b9,2022-02,Gloucestershire Constabulary,Gloucestershire Constabulary,-2.265435,51.820104,On or near Northolt Way,E01032936,Gloucester 015H,Violence and sexual offences,Unable to prosecute suspect,
88bf3832b52c0a5594e5e09a3207fed8e69fa407090ec61586508ecce117feb9,2022-02,Gloucestershire Constabulary,Gloucestershire Constabulary,-2.262283,51.819338,On or near Topcliffe Street,E01032936,Gloucester 015H,Violence and sexual offences,Unable to prosecute suspect,
3a7acd61fdee95479f6aedd57b85f6156e31bfd9c6a7662814c20165b91a6b48,2022-02,Gloucestershire Constabulary,Gloucestershire Constabulary,-2.262283,51.819338,On or near Topcliffe Street,E01032936,Gloucester 015H,Violence and sexual offences,Court result unavailable,
02119c3d410b1a932d003af82b1e82cf722d672ad4d528edb5311cebc0fc3562,2022-02,Gloucestershire Constabulary,Gloucestershire Constabulary,-2.265435,51.820104,On or near Northolt Way,E01032936,Gloucester 015H,Violence and sexual offences,Unable to prosecute suspect,
eeaabc23bf14947d4481a12ebf87cd1fd86b1688dc547ffbb35d6aa7edbd0754,2022-02,Gloucestershire Constabulary,Gloucestershire Constabulary,-2.262283,51.819338,On or near Topcliffe Street,E01032936,Gloucester 015H,Violence and sexual offences,Court result unavailable,
2e358bd353a7f18400071ab9fd75c8f98d99b5b00312a201b9486330a73ac53f,2022-02,Gloucestershire Constabulary,Gloucestershire Constabulary,-2.262283,51.819338,On or near Topcliffe Street,E01032936,Gloucester 015H,Violence and sexual offences,Court result unavailable,
3adadc274e17a845f87ce19c28b8f336d7ff6f0d38068ad7d8e31ad73d742db3,2022-02,Gloucestershire Constabulary,Gloucestershire Constabulary,-2.260568,51.823801,On or near Chatsworth Avenue,E01032936,Gloucester 015H,Violence and sexual offences,Unable to prosecute suspect,
852e3fbcaa3a1c0358763c3e51940bb936b09087f339876539c7e7bfaad6955a,2022-02,Gloucestershire Constabulary,Gloucestershire Constabulary,-2.262283,51.819338,On or near Topcliffe Street,E01032936,Gloucester 015H,Violence and sexual offences,Court result unavailable,
b43bdac4bf06d233617b5a1e8716bee7548d8751310026bb8219b574e64807b5,2022-02,Gloucestershire Constabulary,Gloucestershire Constabulary,-2.260396,51.819225,On or near Flyingdales Garden,E01032936,Gloucester 015H,Violence and sexual offences,Unable to prosecute suspect,
29e55511f31be28a33c5b0d863f3434aaa4f72c04089467a17e02ec61ca4385b,2022-02,Gloucestershire Constabulary,Gloucestershire Constabulary,-2.260568,51.823801,On or near Chatsworth Avenue,E01032936,Gloucester 015H,Violence and sexual offences,Unable to prosecute suspect,
988c615fa32c159e3991ed08e65a23a8f25372f70aa335a845545150aedbe692,2022-02,Gloucestershire Constabulary,Gloucestershire Constabulary,-2.260568,51.823801,On or near Chatsworth Avenue,E01032936,Gloucester 015H,Violence and sexual offences,Unable to prosecute suspect,
40e99ba372f7ea92445d2cce8600cf18098ede4224e6eaa05148a92a6470a9c8,2022-02,Gloucestershire Constabulary,Gloucestershire Constabulary,-2.260396,51.819225,On or near Flyingdales Garden,E01032936,Gloucester 015H,Violence and sexual offences,Unable to prosecute suspect,
587bf12e8a9b51ba0780b22c2fd2063570809e50f5db7ff1346f79816d6a8766,2022-02,Gloucestershire Constabulary,Gloucestershire Constabulary,-2.265435,51.820104,On or near Northolt Way,E01032936,Gloucester 015H,Violence and sexual offences,Court result unavailable,
7cd6d0e0ce81c8bf9abcb379e96dee28a23a529ad86f279e106f22500fc6d414,2022-02,Gloucestershire Constabulary,Gloucestershire Constabulary,-2.275682,51.815935,On or near Edison Close,E01034797,Gloucester 015K,Public order,Court result unavailable,
,2022-02,Gloucestershire Constabulary,Gloucestershire Constabulary,-2.451367,52.340221,On or near A456,E01032193,Malvern Hills 001A,Anti-social behaviour,,
,2022-02,Gloucestershire Constabulary,Gloucestershire Constabulary,-2.451367,52.340221,On or near A456,E01032193,Malvern Hills 001A,Anti-social behaviour,,
,2022-02,Gloucestershire Constabulary,Gloucestershire Constabulary,-2.451367,52.340221,On or near A456,E01032193,Malvern Hills 001A,Anti-social behaviour,,
07c93e56ad6f26d05dba7a528778ae4764fb14e6fa3eb4c2d2438e1c50f64f96,2022-02,Gloucestershire Constabulary,Gloucestershire Constabulary,-2.170949,52.000977,On or near Park/Open Space,E01032198,Malvern Hills 011A,Violence and sexual offences,Unable to prosecute suspect,
4e6b2d54e3cc04e4c55062278d05bc9039b9a910d2b2f5abdd930dc32ee0a7b0,2022-02,Gloucestershire Constabulary,Gloucestershire Constabulary,-2.170949,52.000977,On or near Park/Open Space,E01032198,Malvern Hills 011A,Violence and sexual offences,Unable to prosecute suspect,
b921feedae433102eddb20a04fa9b989f12de53cb3902e59d14b960e6e7cc8d8,2022-02,Gloucestershire Constabulary,Gloucestershire Constabulary,-2.675005,51.809744,On or near Duke Of York Road,W01001599,Monmouthshire 004F,Public order,Investigation complete; no suspect identified,
7ec7500880d45d05cc2fab0ec934416e6f52af8f986fd1292de62e97088506ac,2022-02,Gloucestershire Constabulary,Gloucestershire Constabulary,-3.371365,51.819499,On or near Parking Area,W01001897,Powys 020D,Criminal damage and arson,Investigation complete; no suspect identified,
,2022-02,Gloucestershire Constabulary,Gloucestershire Constabulary,-2.294978,51.823018,On or near Rosedale Close,E01022378,Stroud 001A,Anti-social behaviour,,
,2022-02,Gloucestershire Constabulary,Gloucestershire Constabulary,-2.296428,51.822871,On or near Darleydale Close,E01022378,Stroud 001A,Anti-social behaviour,,
7eaa8e19665ecf44139d8d9736f009f9beb852391556bb1d8527db0c13df65c3,2022-02,Gloucestershire Constabulary,Gloucestershire Constabulary,-2.293635,51.817231,On or near Sellars Road,E01022378,Stroud 001A,Criminal damage and arson,Unable to prosecute suspect,
23be2878356edffd92bb9a9f1bc02abee75610c66cfca987b31b0917587880dd,2022-02,Gloucestershire Constabulary,Gloucestershire Constabulary,-2.295964,51.820705,On or near Bekdale Close,E01022378,Stroud 001A,Vehicle crime,Investigation complete; no suspect identified,
2a8d3e557512f51ed3863fdf998e31f5af0abb52847b67387015766f37e2dacb,2022-02,Gloucestershire Constabulary,Gloucestershire Constabulary,-2.293635,51.817231,On or near Sellars Road,E01022378,Stroud 001A,Violence and sexual offences,Unable to prosecute suspect,
aa474e5ab27cf6631241d63b535e483c589d7a40c4c99152d2a096180908e257,2022-02,Gloucestershire Constabulary,Gloucestershire Constabulary,-2.291553,51.820518,On or near Maple Close,E01022379,Stroud 001B,Drugs,Local resolution,
173b28866a7e5c4180ca2fdd950b0f46840fb1d0df0e96faa9b75ace9b211be7,2022-02,Gloucestershire Constabulary,Gloucestershire Constabulary,-2.289068,51.817737,On or near Westbourne Drive,E01022379,Stroud 001B,Other theft,Investigation complete; no suspect identified,
88206afe0fc1629694197dc7b9490f7cd0eb655fc8d0fd42090b9f66534769fb,2022-02,Gloucestershire Constabulary,Gloucestershire Constabulary,-2.291553,51.820518,On or near Maple Close,E01022379,Stroud 001B,Violence and sexual offences,Unable to prosecute suspect,
dbb3825ff3179ec0728c888a0eb92f738a36188a04907a62d0fb37ffec984bd3,2022-02,Gloucestershire Constabulary,Gloucestershire Constabulary,-2.286332,51.818571,On or near Chestnut Close,E01022379,Stroud 001B,Violence and sexual offences,Unable to prosecute suspect,
6b2bea5c297433743947fa4f7677634cc6b599aeacb6924dc705331370a86f13,2022-02,Gloucestershire Constabulary,Gloucestershire Constabulary,-2.291553,51.820518,On or near Maple Close,E01022379,Stroud 001B,Violence and sexual offences,Unable to prosecute suspect,
d4de90f12afc9f37e67751b3949a5158e6b4309573412a40936a1899ca123b75,2022-02,Gloucestershire Constabulary,Gloucestershire Constabulary,-2.291553,51.820518,On or near Maple Close,E01022379,Stroud 001B,Violence and sexual offences,Unable to prosecute suspect,
,2022-02,Gloucestershire Constabulary,Gloucestershire Constabulary,-2.281017,51.801411,On or near M5,E01022380,Stroud 001C,Anti-social behaviour,,
,2022-02,Gloucestershire Constabulary,Gloucestershire Constabulary,-2.341917,51.796458,On or near Castle Lane,E01022380,Stroud 001C,Anti-social behaviour,,
,2022-02,Gloucestershire Constabulary,Gloucestershire Constabulary,-2.281017,51.801411,On or near M5,E01022380,Stroud 001C,Anti-social behaviour,,
cf9cd002292a2f8c01fe71cf6e1333e5461be930ceea0397906bab723546e29b,2022-02,Gloucestershire Constabulary,Gloucestershire Constabulary,-2.309875,51.790729,On or near A38,E01022380,Stroud 001C,Burglary,Investigation complete; no suspect identified,
77b8c4045ec57dce9042c7f6be248c43e07927028d05f864c016840d686e5a60,2022-02,Gloucestershire Constabulary,Gloucestershire Constabulary,-2.288927,51.811561,On or near Sticky Lane,E01022380,Stroud 001C,Criminal damage and arson,Unable to prosecute suspect,
81e89f21a2db14c0a56fe7453b05ea162bf85064a8b6c2e6b8a6a6669af8be18,2022-02,Gloucestershire Constabulary,Gloucestershire Constabulary,-2.341917,51.796458,On or near Castle Lane,E01022380,Stroud 001C,Other theft,Investigation complete; no suspect identified,
f18a5ff2732adb8c44bfeda62c11878eac894626b521016ce962dc1565a76044,2022-02,Gloucestershire Constabulary,Gloucestershire Constabulary,-2.288014,51.793464,On or near B4008,E01022380,Stroud 001C,Public order,Unable to prosecute suspect,
cc2a240d8e0d3f603bdcac4b01cfb0a87608e10f0a5a20282bd704079435c590,2022-02,Gloucestershire Constabulary,Gloucestershire Constabulary,-2.288014,51.793464,On or near B4008,E01022380,Stroud 001C,Shoplifting,Investigation complete; no suspect identified,
fe8849b505f418c47a3c492ae86f542b6f36652725d9a64f3ca9efb1bb1c4685,2022-02,Gloucestershire Constabulary,Gloucestershire Constabulary,-2.290874,51.805334,On or near Petrol Station,E01022380,Stroud 001C,Shoplifting,Unable to prosecute suspect,
fefe0d4f891d2ad28a7340211a095a9910c9873e6539eb2c5960b220bf1c1205,2022-02,Gloucestershire Constabulary,Gloucestershire Constabulary,-2.341917,51.796458,On or near Castle Lane,E01022380,Stroud 001C,Vehicle crime,Investigation complete; no suspect identified,
969ef7a97b27b43a608aced5d621218d47f48ffe0ed4059d87864d24e518a0ed,2022-02,Gloucestershire Constabulary,Gloucestershire Constabulary,-2.303576,51.811308,On or near Stank Lane,E01022380,Stroud 001C,Violence and sexual offences,Unable to prosecute suspect,
90d075e4c2bebe5bd18381d6cecd41f5865a07697fc71da27bd9a3e4f979d5f8,2022-02,Gloucestershire Constabulary,Gloucestershire Constabulary,-2.284668,51.814682,On or near Clover Drive,E01022380,Stroud 001C,Violence and sexual offences,Unable to prosecute suspect,
3854b0b5335b8f884442b3567c1b7981ded068590c4cfa17b64700f3bcea35ba,2022-02,Gloucestershire Constabulary,Gloucestershire Constabulary,-2.288927,51.811561,On or near Sticky Lane,E01022380,Stroud 001C,Violence and sexual offences,Unable to prosecute suspect,
e6af4fe8565ed012f4a2d0ff9216b48061afbcd894b78d4f1592959ab8b7150c,2022-02,Gloucestershire Constabulary,Gloucestershire Constabulary,-2.288927,51.811561,On or near Sticky Lane,E01022380,Stroud 001C,Violence and sexual offences,Unable to prosecute suspect,
6e3be35578fa1bd943eb523a8dafa97ec427735510795e1013def3dca7bfca43,2022-02,Gloucestershire Constabulary,Gloucestershire Constabulary,-2.288927,51.811561,On or near Sticky Lane,E01022380,Stroud 001C,Violence and sexual offences,Unable to prosecute suspect,
a5816336179034e4a2f860256b00a4a41ecfe42c8bacd76b893417c5233afa20,2022-02,Gloucestershire Constabulary,Gloucestershire Constabulary,-2.288927,51.811561,On or near Sticky Lane,E01022380,Stroud 001C,Violence and sexual offences,Unable to prosecute suspect,
,2022-02,Gloucestershire Constabulary,Gloucestershire Constabulary,-2.183164,51.842415,On or near Golden Arrow Way,E01022412,Stroud 001D,Anti-social behaviour,,
5c2f6b8e89ce7800db6f7fb632f02560f5ce262c49029c5d1d8424560c2880f2,2022-02,Gloucestershire Constabulary,Gloucestershire Constabulary,-2.199138,51.830898,On or near Perry Orchard,E01022412,Stroud 001D,Burglary,Investigation complete; no suspect identified,
69004965efd0d225e8f3b28682cb79ff81878a76fe3fe82c4a70ce03b05f22ce,2022-02,Gloucestershire Constabulary,Gloucestershire Constabulary,-2.182447,51.841112,On or near Sapphire Way,E01022412,Stroud 001D,Criminal damage and arson,Investigation complete; no suspect identified,
c71c358aea47ce3bbcb88e04ba071170331085f41acdd044f629e0534198df00,2022-02,Gloucestershire Constabulary,Gloucestershire Constabulary,-2.237808,51.808358,On or near Andrew'S Close,E01022412,Stroud 001D,Public order,Unable to prosecute suspect,
1daa2fdf7e455a91374c8682f3c80c1719913c3225c3fb7e5ffbd211622e084e,2022-02,Gloucestershire Constabulary,Gloucestershire Constabulary,-2.237808,51.808358,On or near Andrew'S Close,E01022412,Stroud 001D,Public order,Unable to prosecute suspect,
cd5bcba102bdee00e9789c5fa7abcf91d3e7401c13309fc8f052050f212fc84c,2022-02,Gloucestershire Constabulary,Gloucestershire Constabulary,-2.237808,51.808358,On or near Andrew'S Close,E01022412,Stroud 001D,Public order,Unable to prosecute suspect,
781dbc051893399164eb5b63af88b7ce9db49c17e3a015480c651e2f09fe421d,2022-02,Gloucestershire Constabulary,Gloucestershire Constabulary,-2.237808,51.808358,On or near Andrew'S Close,E01022412,Stroud 001D,Public order,Unable to prosecute suspect,
dbdb9a394c28bab8048e0cc0a8300ccb74cf06268c0dfd706a82b87cf09f8710,2022-02,Gloucestershire Constabulary,Gloucestershire Constabulary,-2.236045,51.806770,On or near Wynstones Drive,E01022412,Stroud 001D,Vehicle crime,Investigation complete; no suspect identified,
e44caef9516b8c1f25ada310f5491787b0408331550a995fe5973e862ddbd319,2022-02,Gloucestershire Constabulary,Gloucestershire Constabulary,-2.183164,51.842415,On or near Golden Arrow Way,E01022412,Stroud 001D,Violence and sexual offences,Unable to prosecute suspect,
9ea272e248ae2a0c4fe1b2a3e6ca3c9ca88716c30b83c29405d97830e757fec9,2022-02,Gloucestershire Constabulary,Gloucestershire Constabulary,-2.237808,51.808358,On or near Andrew'S Close,E01022412,Stroud 001D,Violence and sexual offences,Unable to prosecute suspect,
0238bb2c8299a9fbe3e6c7fa27585d708158275883b1df27b7e925ec3cf85301,2022-02,Gloucestershire Constabulary,Gloucestershire Constabulary,-2.182793,51.840509,On or near Cannon Conner,E01022412,Stroud 001D,Violence and sexual offences,Unable to prosecute suspect,
098f7b3753a7c77f88f055a32301a0ef9fed72aea7d49b43defefc1b3cc72bd9,2022-02,Gloucestershire Constabulary,Gloucestershire Constabulary,-2.237808,51.808358,On or near Andrew'S Close,E01022412,Stroud 001D,Violence and sexual offences,Investigation complete; no suspect identified,
717d2c89fab1b99d0d0d49a325acbe9351b280c2564f85ac44fbe140b8fe6f58,2022-02,Gloucestershire Constabulary,Gloucestershire Constabulary,-2.182793,51.840509,On or near Cannon Conner,E01022412,Stroud 001D,Other crime,Unable to prosecute suspect,
398a2dc4fccef42441007e5c325882c3b0449508a5c879426e769bc8f19edf6d,2022-02,Gloucestershire Constabulary,Gloucestershire Constabulary,-2.182793,51.840509,On or near Cannon Conner,E01022412,Stroud 001D,Other crime,Unable to prosecute suspect,
,2022-02,Gloucestershire Constabulary,Gloucestershire Constabulary,-2.156396,51.737267,On or near Brockley Acres,E01022354,Stroud 002A,Anti-social behaviour,,
,2022-02,Gloucestershire Constabulary,Gloucestershire Constabulary,-2.159666,51.736373,On or near Bracelands,E01022354,Stroud 002A,Anti-social behaviour,,
,2022-02,Gloucestershire Constabulary,Gloucestershire Constabulary,-2.085504,51.734499,On or near Dane Lane,E01022354,Stroud 002A,Anti-social behaviour,,
,2022-02,Gloucestershire Constabulary,Gloucestershire Constabulary,-2.156396,51.737267,On or near Brockley Acres,E01022354,Stroud 002A,Anti-social behaviour,,
d950891d672f0dcba1cf49fe4279ff06515d0d388dd7b9fffdcb76bdcccccf2c,2022-02,Gloucestershire Constabulary,Gloucestershire Constabulary,-2.159666,51.736373,On or near Bracelands,E01022354,Stroud 002A,Burglary,Investigation complete; no suspect identified,
88ad6a0816968ea6424aa7b2fcb7ecb55690b4aa64e5328136a2a6fc95b761fa,2022-02,Gloucestershire Constabulary,Gloucestershire Constabulary,-2.142449,51.755357,On or near Windyridge,E01022354,Stroud 002A,Other theft,Court result unavailable,
015ae34446b3c4a69627749af3c1912ca6b1b9e6cdb0360cbd682a08db604620,2022-02,Gloucestershire Constabulary,Gloucestershire Constabulary,-2.156396,51.737267,On or near Brockley Acres,E01022354,Stroud 002A,Public order,Unable to prosecute suspect,
6779efc925047c3f0274ea7592a154563e52b5774f93fbf31657c6b7baedbad6,2022-02,Gloucestershire Constabulary,Gloucestershire Constabulary,-2.156396,51.737267,On or near Brockley Acres,E01022354,Stroud 002A,Violence and sexual offences,Unable to prosecute suspect,
7b680162314dc1685627d14aab9b03cfdb836ed8a626796af6c6606844289b30,2022-02,Gloucestershire Constabulary,Gloucestershire Constabulary,-2.159666,51.736373,On or near Bracelands,E01022354,Stroud 002A,Violence and sexual offences,Unable to prosecute suspect,
dd0047293b823ec3b77bc865dce7acc3e16206684c0e27b9ceaa789b4d6feca7,2022-02,Gloucestershire Constabulary,Gloucestershire Constabulary,-2.156396,51.737267,On or near Brockley Acres,E01022354,Stroud 002A,Violence and sexual offences,Unable to prosecute suspect,
91084004bb4f6d64ff8d8ff0eba353ee5fed0a82511cbf26940f9b3d9c92afff,2022-02,Gloucestershire Constabulary,Gloucestershire Constabulary,-2.193766,51.789890,On or near Canton Acre,E01022390,Stroud 002B,Public order,Court result unavailable,
6457972e0e0d2f89a832ea511378283c4851331411c74ab72d93f3be620d9d96,2022-02,Gloucestershire Constabulary,Gloucestershire Constabulary,-2.221061,51.788664,On or near Paul Mead,E01022391,Stroud 002C,Burglary,Investigation complete; no suspect identified,
18ca75db31d4df254cb071c07ad972caf2ebebd8888f322b3b3f8f6a2b934fa2,2022-02,Gloucestershire Constabulary,Gloucestershire Constabulary,-2.186632,51.754540,On or near Slad Lane,E01022391,Stroud 002C,Burglary,Court result unavailable,
75923cf95047a09907fbf55d693a1da97d3625fe5209528152128ccc9157f685,2022-02,Gloucestershire Constabulary,Gloucestershire Constabulary,-2.182480,51.766612,On or near Park/Open Space,E01022391,Stroud 002C,Burglary,Investigation complete; no suspect identified,
39d032d606770372ebf3a32da6d8b683c184e2d43a9897e637f7eb2e1b81e179,2022-02,Gloucestershire Constabulary,Gloucestershire Constabulary,-2.191384,51.795639,On or near Golf Course Road,E01022391,Stroud 002C,Criminal damage and arson,Investigation complete; no suspect identified,
6c241ceac9d7273c24df9c81f54baaff32c74895b98bf11a249dfee18565a756,2022-02,Gloucestershire Constabulary,Gloucestershire Constabulary,-2.197354,51.761455,On or near Folly Lane,E01022391,Stroud 002C,Other theft,Investigation complete; no suspect identified,
5de93cb2594d91ef271057bf7847e224d26ccdccd17a6b5df8b0821e2d748fba,2022-02,Gloucestershire Constabulary,Gloucestershire Constabulary,-2.094717,51.777640,On or near Sports/Recreation Area,E01022392,Stroud 002D,Criminal damage and arson,Investigation complete; no suspect identified,
3b5e46c1bc6a72f9e94260910865e4c26663e4d235ab2414d4842fa1a94073f6,2022-02,Gloucestershire Constabulary,Gloucestershire Constabulary,-2.155783,51.794757,On or near Sports/Recreation Area,E01022392,Stroud 002D,Violence and sexual offences,Action to be taken by another organisation,
,2022-02,Gloucestershire Constabulary,Gloucestershire Constabulary,-2.313557,51.755124,On or near Petrol Station,E01022376,Stroud 003A,Anti-social behaviour,,
,2022-02,Gloucestershire Constabulary,Gloucestershire Constabulary,-2.313557,51.755124,On or near Petrol Station,E01022376,Stroud 003A,Anti-social behaviour,,
0c37cfbcfb9edd21afc4742aec4c2dfcba6afe7db01ff55aa98e01bdc3239407,2022-02,Gloucestershire Constabulary,Gloucestershire Constabulary,-2.325106,51.745427,On or near Swallow Croft,E01022376,Stroud 003A,Criminal damage and arson,Unable to prosecute suspect,
87b616abb08f5e95b9f3793967acaf69bb78b3c0da9144c1f0bae290b113e91a,2022-02,Gloucestershire Constabulary,Gloucestershire Constabulary,-2.343942,51.751982,On or near A38,E01022376,Stroud 003A,Other theft,Investigation complete; no suspect identified,
7747857e5e3725287ae7747ed8d242d03e54498dbc931d447e30d4c44a3c85b9,2022-02,Gloucestershire Constabulary,Gloucestershire Constabulary,-2.325106,51.745427,On or near Swallow Croft,E01022376,Stroud 003A,Public order,Unable to prosecute suspect,
94bdccab7426e762599d74fb2344630816c9f6ef1cd9c4892e35321b5280ee73,2022-02,Gloucestershire Constabulary,Gloucestershire Constabulary,-2.292365,51.773448,On or near Park/Open Space,E01022376,Stroud 003A,Vehicle crime,Investigation complete; no suspect identified,
91da99be1063be6c97aa707048913a16e710044c09fb90f6e08befed3ec787f6,2022-02,Gloucestershire Constabulary,Gloucestershire Constabulary,-2.325106,51.745427,On or near Swallow Croft,E01022376,Stroud 003A,Violence and sexual offences,Unable to prosecute suspect,
ebe9ed85bd28ee74a2661c43c2e53911caf5a69230ab92336e5aa6eead987e86,2022-02,Gloucestershire Constabulary,Gloucestershire Constabulary,-2.325502,51.746082,On or near Alkerton Road,E01022376,Stroud 003A,Violence and sexual offences,Unable to prosecute suspect,
0010a0271e5b78c70744b5e01444dcc3c15881c1d791170561ecf596ee2c3338,2022-02,Gloucestershire Constabulary,Gloucestershire Constabulary,-2.325106,51.745427,On or near Swallow Croft,E01022376,Stroud 003A,Violence and sexual offences,Unable to prosecute suspect,
0c8774f99c12f216651f520d28df28ed6adccc68a61f13034109830d874d53ee,2022-02,Gloucestershire Constabulary,Gloucestershire Constabulary,-2.313557,51.755124,On or near Petrol Station,E01022376,Stroud 003A,Violence and sexual offences,Unable to prosecute suspect,
,2022-02,Gloucestershire Constabulary,Gloucestershire Constabulary,-2.326369,51.761886,On or near A419,E01022396,Stroud 003B,Anti-social behaviour,,
3a763c53a84a6da6469071280b1b9382ffee1926eb7acc7eac16da00c9c9021e,2022-02,Gloucestershire Constabulary,Gloucestershire Constabulary,-2.328544,51.772103,On or near School Lane,E01022396,Stroud 003B,Burglary,Investigation complete; no suspect identified,
9f468dcf37e4167b6053b918c19a83d40d4381be4ea71c1d77ef20ae74e5bc35,2022-02,Gloucestershire Constabulary,Gloucestershire Constabulary,-2.328681,51.772903,On or near Little Holbury,E01022396,Stroud 003B,Public order,Investigation complete; no suspect identified,
d57a28e7250665df7584f6357e89c631fc299ee96d2961cda559dfeb3fc1430b,2022-02,Gloucestershire Constabulary,Gloucestershire Constabulary,-2.361590,51.774164,On or near Ann Wicks Road,E01022397,Stroud 003C,Other theft,Unable to prosecute suspect,
298b242b879b756926a794500cb468acac93232bdfb351509d1f26488942a2bd,2022-02,Gloucestershire Constabulary,Gloucestershire Constabulary,-2.361590,51.774164,On or near Ann Wicks Road,E01022397,Stroud 003C,Public order,Unable to prosecute suspect,
580aa2c9b1a836022a6fdaab8b682747452f7eeb454b1d8524b912dc1d817d93,2022-02,Gloucestershire Constabulary,Gloucestershire Constabulary,-2.361590,51.774164,On or near Ann Wicks Road,E01022397,Stroud 003C,Public order,Unable to prosecute suspect,
de5f41c007a019996677c376c1f149824efddc9f5422fed48c2f80518e2f44b2,2022-02,Gloucestershire Constabulary,Gloucestershire Constabulary,-2.361590,51.774164,On or near Ann Wicks Road,E01022397,Stroud 003C,Violence and sexual offences,Unable to prosecute suspect,
1e4726d7630deb2138b855675287d8c8cba85b657b43fa919bf27bbbfe9b6707,2022-02,Gloucestershire Constabulary,Gloucestershire Constabulary,-2.363672,51.773528,On or near The Oval,E01022397,Stroud 003C,Violence and sexual offences,Unable to prosecute suspect,
5e3c3a5cdbf453bce6672cfedc947c8fab9e31b5da330c88a9f5d365bfd3010e,2022-02,Gloucestershire Constabulary,Gloucestershire Constabulary,-2.375887,51.724452,On or near Sports/Recreation Area,E01022398,Stroud 003D,Other theft,Investigation complete; no suspect identified,
76056ea1039b7f3acacb1f87ac195accdbcdae7f79b024e7f6bd523dd5236e33,2022-02,Gloucestershire Constabulary,Gloucestershire Constabulary,-2.403092,51.739233,On or near Park/Open Space,E01022398,Stroud 003D,Violence and sexual offences,Unable to prosecute suspect,
690388b7b512739320fd1587ba6b7eb3fe9410b6414a8d891de524b1c27bb3f1,2022-02,Gloucestershire Constabulary,Gloucestershire Constabulary,-2.378450,51.727914,On or near Merrett'S Orchard,E01022398,Stroud 003D,Violence and sexual offences,Unable to prosecute suspect,
fc09df82f2ecd06f7f0825c89f3fb430b5eaf5bb218eda71c03fa14a061441ec,2022-02,Gloucestershire Constabulary,Gloucestershire Constabulary,-2.378450,51.727914,On or near Merrett'S Orchard,E01022398,Stroud 003D,Violence and sexual offences,Unable to prosecute suspect,
,2022-02,Gloucestershire Constabulary,Gloucestershire Constabulary,-2.258138,51.743966,On or near Devereaux Road,E01022355,Stroud 004A,Anti-social behaviour,,
e3bc07e36ab7bc3215965d45a559df52257bcc4c91e85d394adfb680704a2390,2022-02,Gloucestershire Constabulary,Gloucestershire Constabulary,-2.254867,51.744369,On or near East Drive,E01022355,Stroud 004A,Burglary,Investigation complete; no suspect identified,
c758f29c8717c3f054c175bf2b0908bc3d40bfdd0fe686abb5cb8da0939cf426,2022-02,Gloucestershire Constabulary,Gloucestershire Constabulary,-2.258482,51.740863,On or near Westward Road,E01022355,Stroud 004A,Criminal damage and arson,Investigation complete; no suspect identified,
eb2ea406ed85714567a120b453081211a5a0934be921081547d7db7dd711e2b1,2022-02,Gloucestershire Constabulary,Gloucestershire Constabulary,-2.258482,51.740863,On or near Westward Road,E01022355,Stroud 004A,Violence and sexual offences,Unable to prosecute suspect,
ff564368d0c5068e99290b936e18d082ed827e251d946fd9fb37e41a0961a7ba,2022-02,Gloucestershire Constabulary,Gloucestershire Constabulary,-2.258482,51.740863,On or near Westward Road,E01022355,Stroud 004A,Violence and sexual offences,Unable to prosecute suspect,
6d2c408623ba84958f8bdbdb88400a8713567cdf6ad6ee4848938a8f3f65e859,2022-02,Gloucestershire Constabulary,Gloucestershire Constabulary,-2.258482,51.740863,On or near Westward Road,E01022355,Stroud 004A,Violence and sexual offences,Unable to prosecute suspect,
,2022-02,Gloucestershire Constabulary,Gloucestershire Constabulary,-2.243466,51.744060,On or near Whitehouse Park,E01022356,Stroud 004B,Anti-social behaviour,,
,2022-02,Gloucestershire Constabulary,Gloucestershire Constabulary,-2.240302,51.742727,On or near Fort View Terrace,E01022356,Stroud 004B,Anti-social behaviour,,
,2022-02,Gloucestershire Constabulary,Gloucestershire Constabulary,-2.244797,51.740955,On or near Frome Gardens,E01022356,Stroud 004B,Anti-social behaviour,,
,2022-02,Gloucestershire Constabulary,Gloucestershire Constabulary,-2.244797,51.740955,On or near Frome Gardens,E01022356,Stroud 004B,Anti-social behaviour,,
aa14e6877f2c2a85c001e8686b00ac694d61ab64ffe41871e06ee98058c5b020,2022-02,Gloucestershire Constabulary,Gloucestershire Constabulary,-2.240302,51.742727,On or near Fort View Terrace,E01022356,Stroud 004B,Criminal damage and arson,Unable to prosecute suspect,
2a0b48809374b023dd19860451bf9daee122cf5e3b9468bf7fc186c7d24c54a8,2022-02,Gloucestershire Constabulary,Gloucestershire Constabulary,-2.250638,51.741869,On or near Cedar Close,E01022356,Stroud 004B,Other theft,Investigation complete; no suspect identified,
debac3a18ca5ed41025718946736b14e52c0433403b9524f0fb6dd7a4a6840fe,2022-02,Gloucestershire Constabulary,Gloucestershire Constabulary,-2.243549,51.743188,On or near Supermarket,E01022356,Stroud 004B,Shoplifting,Investigation complete; no suspect identified,
16974111c676f6abe1cb9d5c8c88626ddd321ea4db90661ced7e68fa022082e8,2022-02,Gloucestershire Constabulary,Gloucestershire Constabulary,-2.243549,51.743188,On or near Supermarket,E01022356,Stroud 004B,Shoplifting,Unable to prosecute suspect,
baa3458324b960c8f02cf0f97f928de2bfda537cf809ffc95b753f3213c6223a,2022-02,Gloucestershire Constabulary,Gloucestershire Constabulary,-2.243549,51.743188,On or near Supermarket,E01022356,Stroud 004B,Vehicle crime,Investigation complete; no suspect identified,
8f8f1d3c51d6a8a66222f38d9db9f24412afa772874b999f5a98516cce87a351,2022-02,Gloucestershire Constabulary,Gloucestershire Constabulary,-2.243466,51.744060,On or near Whitehouse Park,E01022356,Stroud 004B,Violence and sexual offences,Investigation complete; no suspect identified,
059c7903d47960729314f019e37a6c0add557f2103608a36c2472f4ce6c6fdd5,2022-02,Gloucestershire Constabulary,Gloucestershire Constabulary,-2.240129,51.742898,On or near Bridge Street,E01022356,Stroud 004B,Violence and sexual offences,Unable to prosecute suspect,
4e5fedb4ad726a40b26ef1aad0fffe5d33b35aefd711844aad624350d610601f,2022-02,Gloucestershire Constabulary,Gloucestershire Constabulary,-2.240302,51.742727,On or near Fort View Terrace,E01022356,Stroud 004B,Violence and sexual offences,Unable to prosecute suspect,
958b1242ba5500d295d7c3dc580a92a1dd97857296caa558fce3e5ef21945386,2022-02,Gloucestershire Constabulary,Gloucestershire Constabulary,-2.240302,51.742727,On or near Fort View Terrace,E01022356,Stroud 004B,Violence and sexual offences,Unable to prosecute suspect,
ac50259e3fdb4b1e27a905ddc799d86fe9b0d26e04723170fda74e4e2818cd36,2022-02,Gloucestershire Constabulary,Gloucestershire Constabulary,-2.243466,51.744060,On or near Whitehouse Park,E01022356,Stroud 004B,Violence and sexual offences,Unable to prosecute suspect,
5fd677197b6a6fdfc2c8c0a2600df0651734c818aa2409f3b9be498725016972,2022-02,Gloucestershire Constabulary,Gloucestershire Constabulary,-2.248664,51.741100,On or near Westward Road,E01022356,Stroud 004B,Violence and sexual offences,Investigation complete; no suspect identified,
,2022-02,Gloucestershire Constabulary,Gloucestershire Constabulary,-2.248723,51.749255,On or near Springfield Road,E01022357,Stroud 004C,Anti-social behaviour,,
8e017dffa87f2d2385e42be84c5270dd0ec75cf37116f918bc264d1448dbe65a,2022-02,Gloucestershire Constabulary,Gloucestershire Constabulary,-2.251075,51.750140,On or near St Michael'S Place,E01022357,Stroud 004C,Burglary,Investigation complete; no suspect identified,
278b33f9cba15d6c7a8abed78695528921c787a855a03e6159028b3237baec7f,2022-02,Gloucestershire Constabulary,Gloucestershire Constabulary,-2.245943,51.752084,On or near Humphreys Close,E01022357,Stroud 004C,Other theft,Investigation complete; no suspect identified,
aa1a10fbe4d0275a96409bb076af984862f9b9937842903e1e01c9f5f622813c,2022-02,Gloucestershire Constabulary,Gloucestershire Constabulary,-2.249752,51.749262,On or near Etheldene Road,E01022357,Stroud 004C,Public order,Unable to prosecute suspect,
53401298b7860378b73e79902f762d7d9eaeafac778dd52750ab750bccda42a9,2022-02,Gloucestershire Constabulary,Gloucestershire Constabulary,-2.249752,51.749262,On or near Etheldene Road,E01022357,Stroud 004C,Violence and sexual offences,Unable to prosecute suspect,
315d39b320db14e0dd3f4c88196a2bf92b60ad4966246d25a03c59c4395f6618,2022-02,Gloucestershire Constabulary,Gloucestershire Constabulary,-2.249732,51.750970,On or near The Wordens,E01022357,Stroud 004C,Violence and sexual offences,Unable to prosecute suspect,
9c6aa66da8cc63a14923257822d59e2a2f00f80c9df7405aee10158afcb1cfee,2022-02,Gloucestershire Constabulary,Gloucestershire Constabulary,-2.253490,51.749362,On or near Foxmoor Lane,E01022357,Stroud 004C,Violence and sexual offences,Unable to prosecute suspect,
,2022-02,Gloucestershire Constabulary,Gloucestershire Constabulary,-2.244615,51.750333,On or near Cotswold Road,E01022358,Stroud 004D,Anti-social behaviour,,
89ff3b0676c373f553b1f3816f5449c9965cfafb7798ed856865a478c1d94930,2022-02,Gloucestershire Constabulary,Gloucestershire Constabulary,-2.243652,51.748978,On or near Moor Hall Place,E01022358,Stroud 004D,Bicycle theft,Investigation complete; no suspect identified,
745af0a32275bdba6d5f780b145ad93335dd50cc8961f24576cc758e2c5d944f,2022-02,Gloucestershire Constabulary,Gloucestershire Constabulary,-2.246882,51.749007,On or near Sunnyhill,E01022358,Stroud 004D,Drugs,Local resolution,
4920a40093ef09cd4440680eb927b99cfe544d3fb3e96754033de5839e5e8ac0,2022-02,Gloucestershire Constabulary,Gloucestershire Constabulary,-2.245071,51.748849,On or near Queen'S Drive,E01022358,Stroud 004D,Other theft,Unable to prosecute suspect,
7f6e5a39312fc217052ac57bb43fede75cb287f206bc5ae19d9177ed2fd6a30d,2022-02,Gloucestershire Constabulary,Gloucestershire Constabulary,-2.244700,51.747150,On or near Mosley Crescent,E01022358,Stroud 004D,Violence and sexual offences,Unable to prosecute suspect,
60c1bcd4541094889cad373999f5d49b6c6ac6d20c1e0cbc2e7f5ac2c80b6929,2022-02,Gloucestershire Constabulary,Gloucestershire Constabulary,-2.245071,51.748849,On or near Queen'S Drive,E01022358,Stroud 004D,Violence and sexual offences,Unable to prosecute suspect,
b2e9e962c5de4eabc518f9d601ec418917569d3c1019d796d254643969e58ba3,2022-02,Gloucestershire Constabulary,Gloucestershire Constabulary,-2.245071,51.748849,On or near Queen'S Drive,E01022358,Stroud 004D,Violence and sexual offences,Unable to prosecute suspect,
2292fcdbf8ce63e259db9732974f581c54d7dd75bf01a49f82c45798e06aa32c,2022-02,Gloucestershire Constabulary,Gloucestershire Constabulary,-2.246643,51.747533,On or near Spinning Wheel Court,E01022358,Stroud 004D,Violence and sexual offences,Unable to prosecute suspect,
a8c3f0f4ebde85a44d4ebe7caebf3b9c663ca558bde72545a4827e3aead80f92,2022-02,Gloucestershire Constabulary,Gloucestershire Constabulary,-2.247652,51.746605,On or near Berkeley Close,E01022358,Stroud 004D,Violence and sexual offences,Unable to prosecute suspect,
2c607e66491f1d94a023e1f73fdaefab10ed1f8bc9ab828538787d0a6731f9d2,2022-02,Gloucestershire Constabulary,Gloucestershire Constabulary,-2.247652,51.746605,On or near Berkeley Close,E01022358,Stroud 004D,Violence and sexual offences,Unable to prosecute suspect,
354875ec16779edd3aeef1566de49cd9cb019f8ede0655c3d8f95a213f8bc17b,2022-02,Gloucestershire Constabulary,Gloucestershire Constabulary,-2.244615,51.750333,On or near Cotswold Road,E01022358,Stroud 004D,Violence and sexual offences,Unable to prosecute suspect,
2182f488cbc83f70691f3d5e9a7e821386ea7bf536e2ab1f4ecc5374c0fdd810,2022-02,Gloucestershire Constabulary,Gloucestershire Constabulary,-2.245071,51.748849,On or near Queen'S Drive,E01022358,Stroud 004D,Violence and sexual offences,Unable to prosecute suspect,
bf58aa9b6a1997c8c83f1c5fa5b7455bcf445fae6292841de905d5b5662e97d5,2022-02,Gloucestershire Constabulary,Gloucestershire Constabulary,-2.243652,51.748978,On or near Moor Hall Place,E01022358,Stroud 004D,Violence and sexual offences,Unable to prosecute suspect,
fe5eecd7e26b7f371f4505c3c23eb88a157cfde6422cf4f61d22973802331637,2022-02,Gloucestershire Constabulary,Gloucestershire Constabulary,-2.244700,51.747150,On or near Mosley Crescent,E01022358,Stroud 004D,Violence and sexual offences,Unable to prosecute suspect,
afd4c2f1a96a2c875b618afb19cbcba1d0b29168b69ced5d9184331f16109619,2022-02,Gloucestershire Constabulary,Gloucestershire Constabulary,-2.246882,51.749007,On or near Sunnyhill,E01022358,Stroud 004D,Other crime,Unable to prosecute suspect,
,2022-02,Gloucestershire Constabulary,Gloucestershire Constabulary,-2.234114,51.750454,On or near Mathews Way,E01022377,Stroud 004E,Anti-social behaviour,,
,2022-02,Gloucestershire Constabulary,Gloucestershire Constabulary,-2.230297,51.754804,On or near Barrowfield Road,E01022377,Stroud 004E,Anti-social behaviour,,
5520fde490009a7b4a5bdcb5e4c89c662cb2dd10375f17e55047c7d69446c5aa,2022-02,Gloucestershire Constabulary,Gloucestershire Constabulary,-2.237301,51.750429,On or near Paganhill Estate,E01022377,Stroud 004E,Criminal damage and arson,Unable to prosecute suspect,
bda78a89be62018247fd715cf17a0c1c307443319a8f2b894c747edcae908310,2022-02,Gloucestershire Constabulary,Gloucestershire Constabulary,-2.232783,51.750780,On or near Allen Drive,E01022377,Stroud 004E,Public order,Investigation complete; no suspect identified,
fa977813032b5a83e694e7fd60dd5522c2afef02805adf4289d22c4e28fdc56e,2022-02,Gloucestershire Constabulary,Gloucestershire Constabulary,-2.237301,51.750429,On or near Paganhill Estate,E01022377,Stroud 004E,Violence and sexual offences,Unable to prosecute suspect,
482d953a6b771a4fe9999b8bd5d443f372d5797d72cd106e21df99fe287df306,2022-02,Gloucestershire Constabulary,Gloucestershire Constabulary,-2.237301,51.750429,On or near Paganhill Estate,E01022377,Stroud 004E,Violence and sexual offences,Unable to prosecute suspect,
0936eeb4bd474eea78cd8b69f60e62785918b31a72251ee59ef833cddd76d4ee,2022-02,Gloucestershire Constabulary,Gloucestershire Constabulary,-2.237301,51.750429,On or near Paganhill Estate,E01022377,Stroud 004E,Violence and sexual offences,Unable to prosecute suspect,
66df4714ffa8797095c0e414b735b1ee32c255f70b71f9f571becd72c057a2a3,2022-02,Gloucestershire Constabulary,Gloucestershire Constabulary,-2.234114,51.750454,On or near Mathews Way,E01022377,Stroud 004E,Violence and sexual offences,Unable to prosecute suspect,
b11b1d86d2df3e5d796c8fe01dbc521c2ef88a45c64c964709e2d624ba2655b3,2022-02,Gloucestershire Constabulary,Gloucestershire Constabulary,-2.239227,51.747566,On or near Marling Crescent,E01022377,Stroud 004E,Violence and sexual offences,Unable to prosecute suspect,
aff8424dd900c677d244f98ef1b789caf27f5efbf401055f785a2430edef0c67,2022-02,Gloucestershire Constabulary,Gloucestershire Constabulary,-2.234114,51.750454,On or near Mathews Way,E01022377,Stroud 004E,Violence and sexual offences,Unable to prosecute suspect,
7e45ba9ebc84a3acc1e21aea9073948a4c4c480b7122dd9f9bb7f609a14da16e,2022-02,Gloucestershire Constabulary,Gloucestershire Constabulary,-2.232783,51.750780,On or near Allen Drive,E01022377,Stroud 004E,Violence and sexual offences,Investigation complete; no suspect identified,
00ad56160d87cf42ded309074f6f1fcdf45df090bc2e5e1ec766eb744831eb83,2022-02,Gloucestershire Constabulary,Gloucestershire Constabulary,-2.232248,51.750934,On or near College Road,E01022377,Stroud 004E,Violence and sexual offences,Investigation complete; no suspect identified,
0dd8da10a9407afcc7acdc69359fa91f14f2751610a7ed8f65b3fc1b16ea6674,2022-02,Gloucestershire Constabulary,Gloucestershire Constabulary,-2.234114,51.750454,On or near Mathews Way,E01022377,Stroud 004E,Violence and sexual offences,Unable to prosecute suspect,
a957e6b354dee6674736918df69f44fa6bbe7984b4a56201544025c850b970c5,2022-02,Gloucestershire Constabulary,Gloucestershire Constabulary,-2.233149,51.762729,On or near Ferndale Road,E01022389,Stroud 004F,Criminal damage and arson,Investigation complete; no suspect identified,
41444f8bbfa223e55cccc94e835386734c1aecf56b18e03778b460cf6f0e84e7,2022-02,Gloucestershire Constabulary,Gloucestershire Constabulary,-2.246425,51.763484,On or near Penrose Close,E01022389,Stroud 004F,Criminal damage and arson,Investigation complete; no suspect identified,
f555ddc30957753ab24a7b83fee985efbce78d949b1cd88a7599338ef30915d5,2022-02,Gloucestershire Constabulary,Gloucestershire Constabulary,-2.295145,51.748698,On or near Stonedale Road,E01022400,Stroud 005A,Burglary,Investigation complete; no suspect identified,
739eec416cd4a44f6dfbe40cf938d9f023d21ea6ea0db6b62ab93e85428e3b70,2022-02,Gloucestershire Constabulary,Gloucestershire Constabulary,-2.283609,51.745445,On or near Sports/Recreation Area,E01022400,Stroud 005A,Criminal damage and arson,Investigation complete; no suspect identified,
bc6fe39789f6a440d844bef1fcee91a05bd90a05792e16afe49a66afb6a34b37,2022-02,Gloucestershire Constabulary,Gloucestershire Constabulary,-2.284097,51.746963,On or near Orchard Court,E01022400,Stroud 005A,Other theft,Investigation complete; no suspect identified,
be80df537472eda6fd11d1a1b37dc8af7ade8c2b99d3c2a27ec1acca96660bd3,2022-02,Gloucestershire Constabulary,Gloucestershire Constabulary,-2.286147,51.748235,On or near Elms Road,E01022400,Stroud 005A,Public order,Unable to prosecute suspect,
c35b0fd4fa06c1949909188aa495b4707e02b450cd45b5d090e7afd0fb4307c7,2022-02,Gloucestershire Constabulary,Gloucestershire Constabulary,-2.296343,51.745710,On or near Bristol Road,E01022400,Stroud 005A,Public order,Unable to prosecute suspect,
,2022-02,Gloucestershire Constabulary,Gloucestershire Constabulary,-2.277155,51.748706,On or near Bramble Lane,E01022401,Stroud 005B,Anti-social behaviour,,
b5672dc8c5271aa1d955e38d29eda5952ec8b5183befd8980e4b02d4b25d9c8f,2022-02,Gloucestershire Constabulary,Gloucestershire Constabulary,-2.278739,51.749592,On or near Robin Court,E01022401,Stroud 005B,Violence and sexual offences,Unable to prosecute suspect,
1ce2ba4fd855289c9bac551e59632da660f4bb132ca945215776400cd7403333,2022-02,Gloucestershire Constabulary,Gloucestershire Constabulary,-2.283258,51.747208,On or near High Street,E01022401,Stroud 005B,Violence and sexual offences,Unable to prosecute suspect,
1786f882761538a2dc651abdafd8a9a4800d859f210029f335a247924b5beeb5,2022-02,Gloucestershire Constabulary,Gloucestershire Constabulary,-2.280321,51.754785,On or near Arrowsmith Drive,E01022401,Stroud 005B,Violence and sexual offences,Unable to prosecute suspect,
6c7ebdf8f522e690ca911cf289fe515f129a642ce777751a4ac780b6002cb8ec,2022-02,Gloucestershire Constabulary,Gloucestershire Constabulary,-2.283258,51.747208,On or near High Street,E01022401,Stroud 005B,Violence and sexual offences,Unable to prosecute suspect,
5f974ec070f9741aaf01d6bff362b8c1159e7f758ffa8ba1ed61f24fa7e3c7cf,2022-02,Gloucestershire Constabulary,Gloucestershire Constabulary,-2.280321,51.754785,On or near Arrowsmith Drive,E01022401,Stroud 005B,Violence and sexual offences,Unable to prosecute suspect,
560fc1a60b0341275521b0af011c0c8ec3336c122c03b5caa937c372368308ef,2022-02,Gloucestershire Constabulary,Gloucestershire Constabulary,-2.276596,51.752034,On or near Kimmins Road,E01022401,Stroud 005B,Violence and sexual offences,Unable to prosecute suspect,
4b480e2f15a067050d0c7b0d16cacc30a1d575dd4eeb7929ac9618ff1d48efa0,2022-02,Gloucestershire Constabulary,Gloucestershire Constabulary,-2.278739,51.749592,On or near Robin Court,E01022401,Stroud 005B,Other crime,Unable to prosecute suspect,
,2022-02,Gloucestershire Constabulary,Gloucestershire Constabulary,-2.286280,51.755508,On or near Sydney,E01022402,Stroud 005C,Anti-social behaviour,,
ec53512129e4855d814454a5a5e27c6ee2afeea3ce0e300a7b5dec5775955417,2022-02,Gloucestershire Constabulary,Gloucestershire Constabulary,-2.281326,51.753272,On or near King'S Road,E01022402,Stroud 005C,Burglary,Unable to prosecute suspect,
9f865cedef8cdd1e1f5d6b0472f01218f0aa4f0e042456b6ca753d2718c708bf,2022-02,Gloucestershire Constabulary,Gloucestershire Constabulary,-2.283832,51.753257,On or near Adelaide Gardens,E01022402,Stroud 005C,Burglary,Investigation complete; no suspect identified,
e20c5fdfaae9062d20f3762c449d41e95120741f70ea7d6a81c811b9d9a0c66f,2022-02,Gloucestershire Constabulary,Gloucestershire Constabulary,-2.283433,51.754238,On or near Melbourne Close,E01022402,Stroud 005C,Violence and sexual offences,Unable to prosecute suspect,
9856443ceea4741a2a744e74ef0bc06f36648f3f593eb0a9146aab9b9d7d983b,2022-02,Gloucestershire Constabulary,Gloucestershire Constabulary,-2.283433,51.754238,On or near Melbourne Close,E01022402,Stroud 005C,Violence and sexual offences,Unable to prosecute suspect,
ba4c255b43a4cc7fe11bc4056d1cda8e0d0f98636a9635d177855e73e07d87cc,2022-02,Gloucestershire Constabulary,Gloucestershire Constabulary,-2.281326,51.753272,On or near King'S Road,E01022402,Stroud 005C,Violence and sexual offences,Court result unavailable,
635e49ef5c306d11772d17e4c59385f605f6c651acc051ddad3b6b2bccfc0121,2022-02,Gloucestershire Constabulary,Gloucestershire Constabulary,-2.283433,51.754238,On or near Melbourne Close,E01022402,Stroud 005C,Violence and sexual offences,Unable to prosecute suspect,
481af4149ca19cfc710c6ac0dae7e7e4c5a4737d03d8f65a462f3d78866075e5,2022-02,Gloucestershire Constabulary,Gloucestershire Constabulary,-2.279001,51.752145,On or near Woodcock Lane,E01022402,Stroud 005C,Violence and sexual offences,Unable to prosecute suspect,
,2022-02,Gloucestershire Constabulary,Gloucestershire Constabulary,-2.283754,51.750066,On or near Petrol Station,E01022403,Stroud 005D,Anti-social behaviour,,
2ad29e7157d5c0cc312933f633a0eac29f84df2a1d0bcc54d7a9b8a3d7642d76,2022-02,Gloucestershire Constabulary,Gloucestershire Constabulary,-2.290990,51.748978,On or near Midland Road,E01022403,Stroud 005D,Criminal damage and arson,Status update unavailable,
033acfb77d9d273d5f85ae7e44e5ca533c6886596adc44e1e34ecaa32085860a,2022-02,Gloucestershire Constabulary,Gloucestershire Constabulary,-2.296362,51.753029,On or near Latimer Road,E01022403,Stroud 005D,Criminal damage and arson,Unable to prosecute suspect,
cd2b0cdce62fc1bae2334404fdee18dda9251e57dc8b73d836be8e2f8d95ba66,2022-02,Gloucestershire Constabulary,Gloucestershire Constabulary,-2.290990,51.748978,On or near Midland Road,E01022403,Stroud 005D,Criminal damage and arson,Unable to prosecute suspect,
001cbdd2e0dfa2166ab5d192a53e841d771314971299cf3c1844b2720cb6459e,2022-02,Gloucestershire Constabulary,Gloucestershire Constabulary,-2.289206,51.746429,On or near Willow Road,E01022403,Stroud 005D,Violence and sexual offences,Unable to prosecute suspect,
b9fe5992856169fb1d92c65198d47dd17d21a7a7f3c8b104c203e75af93922c8,2022-02,Gloucestershire Constabulary,Gloucestershire Constabulary,-2.289206,51.746429,On or near Willow Road,E01022403,Stroud 005D,Violence and sexual offences,Unable to prosecute suspect,
00c2d6f3ec766f876d02f364aba94470d2054b9811ebf9bff81ab509c79a9b34,2022-02,Gloucestershire Constabulary,Gloucestershire Constabulary,-2.289206,51.746429,On or near Willow Road,E01022403,Stroud 005D,Violence and sexual offences,Unable to prosecute suspect,
1dacebcb71e79d753f58d73a366da401732a4a1f58693521b71f74226fb4a470,2022-02,Gloucestershire Constabulary,Gloucestershire Constabulary,-2.283445,51.749338,On or near Pedestrian Subway,E01022403,Stroud 005D,Violence and sexual offences,Court result unavailable,
c59f305b3bbe30c66cfa4ae0fd594cc559f2014bcd05e7df02cb1737558e41fa,2022-02,Gloucestershire Constabulary,Gloucestershire Constabulary,-2.280990,51.750549,On or near Sherborne Close,E01022403,Stroud 005D,Violence and sexual offences,Unable to prosecute suspect,
a8bd44bf45ba74fd953476bece14f945fbf885f3d1ca4529fd7d08ba09bd5bcb,2022-02,Gloucestershire Constabulary,Gloucestershire Constabulary,-2.289206,51.746429,On or near Willow Road,E01022403,Stroud 005D,Violence and sexual offences,Unable to prosecute suspect,
5e2942478d06aa8451333c8b763fa90e5a1b2aac6cecee799d3af44f58f1804f,2022-02,Gloucestershire Constabulary,Gloucestershire Constabulary,-2.290990,51.748978,On or near Midland Road,E01022403,Stroud 005D,Violence and sexual offences,Unable to prosecute suspect,
4671f2da4515502fa74e29aa34f30fa9550d6b8ca06c2d514e5c55926833d266,2022-02,Gloucestershire Constabulary,Gloucestershire Constabulary,-2.283445,51.749338,On or near Pedestrian Subway,E01022403,Stroud 005D,Violence and sexual offences,Court result unavailable,
,2022-02,Gloucestershire Constabulary,Gloucestershire Constabulary,-2.268234,51.741740,On or near Sports/Recreation Area,E01022404,Stroud 005E,Anti-social behaviour,,
,2022-02,Gloucestershire Constabulary,Gloucestershire Constabulary,-2.279253,51.743612,On or near Bath Road,E01022404,Stroud 005E,Anti-social behaviour,,
acec52611120ddf2c0b413bb91ed63d4e7cac27c09d87c74c5f023403d91abef,2022-02,Gloucestershire Constabulary,Gloucestershire Constabulary,-2.280813,51.745262,On or near Aldergate Street,E01022404,Stroud 005E,Burglary,Investigation complete; no suspect identified,
a7a1d7384bee450f900e82a0857ae016472345947acc5c4e5d46143d8e2937a3,2022-02,Gloucestershire Constabulary,Gloucestershire Constabulary,-2.277104,51.745127,On or near Anderson Drive,E01022404,Stroud 005E,Criminal damage and arson,Investigation complete; no suspect identified,
1ca37e8465158eb4c6a9838da69fd32f5868bfd7f440b43445ec624f9627b4a5,2022-02,Gloucestershire Constabulary,Gloucestershire Constabulary,-2.265797,51.740991,On or near Petrol Station,E01022404,Stroud 005E,Violence and sexual offences,Action to be taken by another organisation,
d4bf6dc3792f6a4c72c05299ddf2c21ac750a69f623505980c3357a0e6930140,2022-02,Gloucestershire Constabulary,Gloucestershire Constabulary,-2.265797,51.740991,On or near Petrol Station,E01022404,Stroud 005E,Violence and sexual offences,Unable to prosecute suspect,
,2022-02,Gloucestershire Constabulary,Gloucestershire Constabulary,-2.218869,51.746212,On or near Parking Area,E01022365,Stroud 006A,Anti-social behaviour,,
,2022-02,Gloucestershire Constabulary,Gloucestershire Constabulary,-2.218805,51.744972,On or near Station Road,E01022365,Stroud 006A,Anti-social behaviour,,
,2022-02,Gloucestershire Constabulary,Gloucestershire Constabulary,-2.217471,51.744633,On or near Kendrick Street,E01022365,Stroud 006A,Anti-social behaviour,,
,2022-02,Gloucestershire Constabulary,Gloucestershire Constabulary,-2.230662,51.749553,On or near Further/Higher Educational Building,E01022365,Stroud 006A,Anti-social behaviour,,
,2022-02,Gloucestershire Constabulary,Gloucestershire Constabulary,-2.215188,51.745851,On or near Church Street,E01022365,Stroud 006A,Anti-social behaviour,,
,2022-02,Gloucestershire Constabulary,Gloucestershire Constabulary,-2.213907,51.744504,On or near Nelson Street,E01022365,Stroud 006A,Anti-social behaviour,,
,2022-02,Gloucestershire Constabulary,Gloucestershire Constabulary,-2.221871,51.744031,On or near Pedestrian Subway,E01022365,Stroud 006A,Anti-social behaviour,,
,2022-02,Gloucestershire Constabulary,Gloucestershire Constabulary,-2.218051,51.744793,On or near Russell Street,E01022365,Stroud 006A,Anti-social behaviour,,
,2022-02,Gloucestershire Constabulary,Gloucestershire Constabulary,-2.212705,51.741369,On or near Supermarket,E01022365,Stroud 006A,Anti-social behaviour,,
,2022-02,Gloucestershire Constabulary,Gloucestershire Constabulary,-2.221871,51.744031,On or near Pedestrian Subway,E01022365,Stroud 006A,Anti-social behaviour,,
,2022-02,Gloucestershire Constabulary,Gloucestershire Constabulary,-2.219818,51.744853,On or near Rowcroft,E01022365,Stroud 006A,Anti-social behaviour,,
,2022-02,Gloucestershire Constabulary,Gloucestershire Constabulary,-2.219135,51.744234,On or near Parking Area,E01022365,Stroud 006A,Anti-social behaviour,,
,2022-02,Gloucestershire Constabulary,Gloucestershire Constabulary,-2.215851,51.745067,On or near Supermarket,E01022365,Stroud 006A,Anti-social behaviour,,
,2022-02,Gloucestershire Constabulary,Gloucestershire Constabulary,-2.215188,51.745851,On or near Church Street,E01022365,Stroud 006A,Anti-social behaviour,,
3d94e7aad23e261340af12146708fbfde972d8454873e29a51038641bd6cdfe6,2022-02,Gloucestershire Constabulary,Gloucestershire Constabulary,-2.221871,51.744031,On or near Pedestrian Subway,E01022365,Stroud 006A,Burglary,Unable to prosecute suspect,
526ce294ba09b6fee9501e149e9df61e97234d66b35f380a52295d0a31b26e28,2022-02,Gloucestershire Constabulary,Gloucestershire Constabulary,-2.233271,51.744360,On or near Chestnut Lane,E01022365,Stroud 006A,Burglary,Investigation complete; no suspect identified,
8d6c1dcd74c6290090960b3e6a98a5b3de3fd171401eed0a18337d21327883eb,2022-02,Gloucestershire Constabulary,Gloucestershire Constabulary,-2.218070,51.748812,On or near Lovedays Mead,E01022365,Stroud 006A,Burglary,Investigation complete; no suspect identified,
f5b1175f3b15ea81c2d270ae813b395f7f87a4cfb1e6c39bc76d6306b7db0378,2022-02,Gloucestershire Constabulary,Gloucestershire Constabulary,-2.218070,51.748812,On or near Lovedays Mead,E01022365,Stroud 006A,Criminal damage and arson,Investigation complete; no suspect identified,
03970abf9d77350d9bffb3fe0a1a5917ce431b663ac282fca33cfd2d20bdb539,2022-02,Gloucestershire Constabulary,Gloucestershire Constabulary,-2.215297,51.744259,On or near Cornhill,E01022365,Stroud 006A,Criminal damage and arson,Investigation complete; no suspect identified,
de35d7b8e9da817058b3764b1acf5771f0106ccf085f72b3f62ece6246d2534b,2022-02,Gloucestershire Constabulary,Gloucestershire Constabulary,-2.215303,51.742668,On or near Parking Area,E01022365,Stroud 006A,Criminal damage and arson,Investigation complete; no suspect identified,
ae07f05fc17faec86a11a2e3ba6bb91f37816e8f03cb6b1b79c5c61edaac719f,2022-02,Gloucestershire Constabulary,Gloucestershire Constabulary,-2.215297,51.744259,On or near Cornhill,E01022365,Stroud 006A,Criminal damage and arson,Investigation complete; no suspect identified,
978693b75f31bff68a22c039a28e6edc4ebae31733045fd9fcc179f8782c2b33,2022-02,Gloucestershire Constabulary,Gloucestershire Constabulary,-2.232131,51.747949,On or near Sports/Recreation Area,E01022365,Stroud 006A,Drugs,Unable to prosecute suspect,
eb9ea708263b6f1feb51a13b895ff1b8ace08451b85db1b1a18e4e33a48017ca,2022-02,Gloucestershire Constabulary,Gloucestershire Constabulary,-2.217777,51.745091,On or near George Street,E01022365,Stroud 006A,Drugs,Local resolution,
393b9399810c1b7f02092a8af138c6392e17fca1028181bc8dc33345302067a4,2022-02,Gloucestershire Constabulary,Gloucestershire Constabulary,-2.227479,51.747563,On or near Sports/Recreation Area,E01022365,Stroud 006A,Other theft,Investigation complete; no suspect identified,
e686413bdf0107f0a36a9858e570fc5c6b931e4302b1cf0e8f91904fda3a1cf2,2022-02,Gloucestershire Constabulary,Gloucestershire Constabulary,-2.215297,51.744259,On or near Cornhill,E01022365,Stroud 006A,Other theft,Investigation complete; no suspect identified,
f5de641ea5595eabf4d0e2fbd1757ac597b4c314ea7c273f4e0ba1fca70429b3,2022-02,Gloucestershire Constabulary,Gloucestershire Constabulary,-2.215851,51.745067,On or near Supermarket,E01022365,Stroud 006A,Public order,Investigation complete; no suspect identified,
0eea216cca42d74e1338f160d0467e71c41cce0ef454b2c3665894a5dec5a877,2022-02,Gloucestershire Constabulary,Gloucestershire Constabulary,-2.217668,51.746377,On or near Bath Street,E01022365,Stroud 006A,Public order,Investigation complete; no suspect identified,
5cc902c2a103355bbba93d04653f905305d16c72b893534adc2f9bf3c465357b,2022-02,Gloucestershire Constabulary,Gloucestershire Constabulary,-2.216776,51.744805,On or near Shopping Area,E01022365,Stroud 006A,Public order,Unable to prosecute suspect,
600be054e4219d18360589432c15753386bb0a94ba6ee326074a9c2c7c35d494,2022-02,Gloucestershire Constabulary,Gloucestershire Constabulary,-2.218869,51.746212,On or near Parking Area,E01022365,Stroud 006A,Public order,Investigation complete; no suspect identified,
bd731842f731360346691533f4038f1029640bdae2de03b3fa653c472fe6bc8b,2022-02,Gloucestershire Constabulary,Gloucestershire Constabulary,-2.217280,51.747123,On or near Gloucester Street,E01022365,Stroud 006A,Public order,Unable to prosecute suspect,
c338fc2f1631f2302eb76dc967f31d95ec9ee1aed6d49a492eb60fa79eaeee85,2022-02,Gloucestershire Constabulary,Gloucestershire Constabulary,-2.216776,51.744805,On or near Shopping Area,E01022365,Stroud 006A,Public order,Unable to prosecute suspect,
4a141a9598dcaf3c586cbe179fdd44d881e20ffe7ecd76f53300bb799ab880e2,2022-02,Gloucestershire Constabulary,Gloucestershire Constabulary,-2.230662,51.749553,On or near Further/Higher Educational Building,E01022365,Stroud 006A,Public order,Formal action is not in the public interest,
c2d52125382e5a14cb2fffd93d8773ee2809efdc3bb9802b2101799ec3ec7fd2,2022-02,Gloucestershire Constabulary,Gloucestershire Constabulary,-2.216776,51.744805,On or near Shopping Area,E01022365,Stroud 006A,Public order,Investigation complete; no suspect identified,
d1971ea4f66cb19ba9bdfba4639ef3868f0149d5865c11729f058e2187c9e130,2022-02,Gloucestershire Constabulary,Gloucestershire Constabulary,-2.224149,51.747821,On or near Petrol Station,E01022365,Stroud 006A,Public order,Unable to prosecute suspect,
c958baa34ed1d707e96c3174fd5f4e2969f38b461d23b12f6b6ae32060e15f96,2022-02,Gloucestershire Constabulary,Gloucestershire Constabulary,-2.218869,51.746212,On or near Parking Area,E01022365,Stroud 006A,Public order,Investigation complete; no suspect identified,
74d6533bbf82d4d35af40d721e8667282d274a84ad747be6ef161c0d82121a76,2022-02,Gloucestershire Constabulary,Gloucestershire Constabulary,-2.218869,51.746212,On or near Parking Area,E01022365,Stroud 006A,Public order,Investigation complete; no suspect identified,
d00d3924a39f9148dece52e7a31422b03f2fa8a319432fe522209947cf664f26,2022-02,Gloucestershire Constabulary,Gloucestershire Constabulary,-2.215297,51.744259,On or near Cornhill,E01022365,Stroud 006A,Public order,Investigation complete; no suspect identified,
a6ac58a13ea18b62b56dd3872206d56df06ad75070e83a76ff80b1e398623569,2022-02,Gloucestershire Constabulary,Gloucestershire Constabulary,-2.218402,51.745494,On or near King Street,E01022365,Stroud 006A,Public order,Unable to prosecute suspect,
a4529f48a22e2c21bafee5dd552a724019684435b9252654e4ef7c5594fd9ce2,2022-02,Gloucestershire Constabulary,Gloucestershire Constabulary,-2.215851,51.745067,On or near Supermarket,E01022365,Stroud 006A,Public order,Unable to prosecute suspect,
7dc6f368d64ae745e612a862e181ef53d11905bb2d6ab800be43fe81b6d6a6bb,2022-02,Gloucestershire Constabulary,Gloucestershire Constabulary,-2.218402,51.745494,On or near King Street,E01022365,Stroud 006A,Public order,Unable to prosecute suspect,
bc3ffa67b47e74705899137cfe6a2f2bafa15a7a70cf144ed4f044fdba7c4e5e,2022-02,Gloucestershire Constabulary,Gloucestershire Constabulary,-2.215851,51.745067,On or near Supermarket,E01022365,Stroud 006A,Public order,Unable to prosecute suspect,
4ee43b31c805e47258c3423edfe376ab6a763fc8733475c2540ba94a6a9876a8,2022-02,Gloucestershire Constabulary,Gloucestershire Constabulary,-2.215297,51.744259,On or near Cornhill,E01022365,Stroud 006A,Robbery,Investigation complete; no suspect identified,
b8713d032313cc5853ef70f9ac33bd59c911399e86af76e07caa3603c50c18d5,2022-02,Gloucestershire Constabulary,Gloucestershire Constabulary,-2.212705,51.741369,On or near Supermarket,E01022365,Stroud 006A,Shoplifting,Investigation complete; no suspect identified,
a8faa141ba6a05cf54e23bb9a366b5d832044a7ad61dbc610be447a21d68d27c,2022-02,Gloucestershire Constabulary,Gloucestershire Constabulary,-2.221871,51.744031,On or near Pedestrian Subway,E01022365,Stroud 006A,Shoplifting,Investigation complete; no suspect identified,
6bbe177a4de5258bf8d681e6a0094725359fe4fddf5b95687d58c97631b019aa,2022-02,Gloucestershire Constabulary,Gloucestershire Constabulary,-2.224149,51.747821,On or near Petrol Station,E01022365,Stroud 006A,Theft from the person,Investigation complete; no suspect identified,
961182e04cb0cb61c11d413e0b216e908ecd9c47b4fca59e03b45095ef0d0015,2022-02,Gloucestershire Constabulary,Gloucestershire Constabulary,-2.213907,51.744504,On or near Nelson Street,E01022365,Stroud 006A,Vehicle crime,Investigation complete; no suspect identified,
2acf07b4158ede29c863577d5e1c68d45ef90e89d8a2d5677a4af1c6a9f45c23,2022-02,Gloucestershire Constabulary,Gloucestershire Constabulary,-2.219135,51.744234,On or near Parking Area,E01022365,Stroud 006A,Vehicle crime,Investigation complete; no suspect identified,
bfce9a075f5902a1094cfbbbeda58b57f2f31476866f46ffe393d7d22228672e,2022-02,Gloucestershire Constabulary,Gloucestershire Constabulary,-2.217777,51.745091,On or near George Street,E01022365,Stroud 006A,Violence and sexual offences,Unable to prosecute suspect,
762f7d01f33b7ba796f4e6ca0acb677b637510f3b0a86a2e3a1549aac126f55d,2022-02,Gloucestershire Constabulary,Gloucestershire Constabulary,-2.217219,51.746539,On or near Gloucester Street,E01022365,Stroud 006A,Violence and sexual offences,Unable to prosecute suspect,
11e1c1f9b35c47ba8c863ef837c6e84bdca9952f4e2db71474d871963bd03518,2022-02,Gloucestershire Constabulary,Gloucestershire Constabulary,-2.230662,51.749553,On or near Further/Higher Educational Building,E01022365,Stroud 006A,Violence and sexual offences,Unable to prosecute suspect,
6792a323d34085bd1440664d910f6d14bd74ff35704ad485f41d9472d9ea6146,2022-02,Gloucestershire Constabulary,Gloucestershire Constabulary,-2.230662,51.749553,On or near Further/Higher Educational Building,E01022365,Stroud 006A,Violence and sexual offences,Unable to prosecute suspect,
b2c125a54ce2b63ef554f6d58d9b15def06f023fe30c41a8b09f5a73ad1be680,2022-02,Gloucestershire Constabulary,Gloucestershire Constabulary,-2.217280,51.747123,On or near Gloucester Street,E01022365,Stroud 006A,Violence and sexual offences,Unable to prosecute suspect,
1149b839a4a3f06a8650b70a607d282e367ad866fc6485e49773e16c54a906a7,2022-02,Gloucestershire Constabulary,Gloucestershire Constabulary,-2.230450,51.744976,On or near Cainscross Road,E01022365,Stroud 006A,Violence and sexual offences,Unable to prosecute suspect,
332ce67dc255d93a5f4ca89c753e6e40c72df253a571048e79509b2a819bae1c,2022-02,Gloucestershire Constabulary,Gloucestershire Constabulary,-2.228564,51.744414,On or near Lodgemore Close,E01022365,Stroud 006A,Violence and sexual offences,Investigation complete; no suspect identified,
58355467115ef1c0a036fdc67a872ff8d5344d7d3ca1e03442e6aac7f232e89d,2022-02,Gloucestershire Constabulary,Gloucestershire Constabulary,-2.229188,51.744529,On or near Lodgemore Lane,E01022365,Stroud 006A,Violence and sexual offences,Investigation complete; no suspect identified,
f44513d314998e709678330136d7ce86c37277ca9fdafe2e10ace74c05febe39,2022-02,Gloucestershire Constabulary,Gloucestershire Constabulary,-2.215851,51.745067,On or near Supermarket,E01022365,Stroud 006A,Violence and sexual offences,Investigation complete; no suspect identified,
b094cbb8f6cfc1de4715d1bdb173a9fd0786691d87ed160b46febdedde7d97e0,2022-02,Gloucestershire Constabulary,Gloucestershire Constabulary,-2.217219,51.746539,On or near Gloucester Street,E01022365,Stroud 006A,Violence and sexual offences,Unable to prosecute suspect,
8422d7c5e082b042f4ee35c8cd4f9fd5722a61aeffd58465aa0ca7dec0233dca,2022-02,Gloucestershire Constabulary,Gloucestershire Constabulary,-2.217668,51.746377,On or near Bath Street,E01022365,Stroud 006A,Violence and sexual offences,Unable to prosecute suspect,
319316ebd013128337cc719f4782fdffa643d160544eccee6b95f169ea64d476,2022-02,Gloucestershire Constabulary,Gloucestershire Constabulary,-2.217219,51.746539,On or near Gloucester Street,E01022365,Stroud 006A,Violence and sexual offences,Unable to prosecute suspect,
e7fd3b752d22214e0caedd32d8caf0c4f80af830f2ce203a10a4a45999d3a7d7,2022-02,Gloucestershire Constabulary,Gloucestershire Constabulary,-2.218051,51.744793,On or near Russell Street,E01022365,Stroud 006A,Violence and sexual offences,Unable to prosecute suspect,
e2ea1b7431460c6c1dcd83fb51c69e528b387b95bc6d8a6bc021f0226513455f,2022-02,Gloucestershire Constabulary,Gloucestershire Constabulary,-2.217280,51.747123,On or near Gloucester Street,E01022365,Stroud 006A,Violence and sexual offences,Unable to prosecute suspect,
31b5caf21c8668f4c67e69b4c7ae925d6cd729282899935849cca29a3dc22e0f,2022-02,Gloucestershire Constabulary,Gloucestershire Constabulary,-2.217668,51.746377,On or near Bath Street,E01022365,Stroud 006A,Violence and sexual offences,Unable to prosecute suspect,
25d44af07829afbfdb3b83f0f20f45b90f00249d9364e70a5bbc86096d4a145a,2022-02,Gloucestershire Constabulary,Gloucestershire Constabulary,-2.217668,51.746377,On or near Bath Street,E01022365,Stroud 006A,Violence and sexual offences,Unable to prosecute suspect,
951cb8ad05db1262e45f72088394501c3b9954810ff9da16111f3455ec4d20d4,2022-02,Gloucestershire Constabulary,Gloucestershire Constabulary,-2.217668,51.746377,On or near Bath Street,E01022365,Stroud 006A,Violence and sexual offences,Unable to prosecute suspect,
765fb95aea53ee77b2bdd59703e3ead1ef2a7d03ee195d7ced6849698a49a1d7,2022-02,Gloucestershire Constabulary,Gloucestershire Constabulary,-2.227694,51.749990,On or near Parking Area,E01022365,Stroud 006A,Violence and sexual offences,Further action is not in the public interest,
e1e0bb99a67acafbe33793c035bdbe05472f90c3763800992db91a4410aef67c,2022-02,Gloucestershire Constabulary,Gloucestershire Constabulary,-2.217219,51.746539,On or near Gloucester Street,E01022365,Stroud 006A,Violence and sexual offences,Unable to prosecute suspect,
69aa0509d0a622f86fb134b117d9a59784a019c1174f13b210f79fae9493199f,2022-02,Gloucestershire Constabulary,Gloucestershire Constabulary,-2.226472,51.746054,On or near Gannicox Road,E01022365,Stroud 006A,Violence and sexual offences,Investigation complete; no suspect identified,
584f153279e98cba24852dc77a0366317089dbff050ccb8dca59933beb4e7b17,2022-02,Gloucestershire Constabulary,Gloucestershire Constabulary,-2.217668,51.746377,On or near Bath Street,E01022365,Stroud 006A,Violence and sexual offences,Court result unavailable,
cbc443c83e8a9af01c7037ab66ec2b13fc58a5847f08ad1650422832dcca23eb,2022-02,Gloucestershire Constabulary,Gloucestershire Constabulary,-2.219135,51.744234,On or near Parking Area,E01022365,Stroud 006A,Violence and sexual offences,Investigation complete; no suspect identified,
7eb39d003c6423965394d1c3b920a826395e63e2ad08269742058a33db91e1f7,2022-02,Gloucestershire Constabulary,Gloucestershire Constabulary,-2.230450,51.744976,On or near Cainscross Road,E01022365,Stroud 006A,Violence and sexual offences,Unable to prosecute suspect,
91042967466baaa73c8a429daad38b42d3c932d35aa34abcc1d1c60e3a1e6577,2022-02,Gloucestershire Constabulary,Gloucestershire Constabulary,-2.232108,51.746295,On or near Beard'S Lane,E01022365,Stroud 006A,Violence and sexual offences,Unable to prosecute suspect,
d39d121937d915083ae00f892498dd59a30629d8573010d583e3f257d14cd31e,2022-02,Gloucestershire Constabulary,Gloucestershire Constabulary,-2.215851,51.745067,On or near Supermarket,E01022365,Stroud 006A,Violence and sexual offences,Unable to prosecute suspect,
b156f858f3bff21d4ce1b975bffa87d07c9813d588f4ccd593ec1338fb48e91c,2022-02,Gloucestershire Constabulary,Gloucestershire Constabulary,-2.219356,51.748118,On or near Beeches Green,E01022365,Stroud 006A,Violence and sexual offences,Investigation complete; no suspect identified,
ab2f942ad51c2db6dca6cf94566a3a05fd20c042e696b4af3f43d3064206cc76,2022-02,Gloucestershire Constabulary,Gloucestershire Constabulary,-2.217471,51.744633,On or near Kendrick Street,E01022365,Stroud 006A,Violence and sexual offences,Unable to prosecute suspect,
fb657fdf7bd6c6af267e8c771e8a7ec564a4f244055177fef1965a059d35bea8,2022-02,Gloucestershire Constabulary,Gloucestershire Constabulary,-2.229188,51.744529,On or near Lodgemore Lane,E01022365,Stroud 006A,Violence and sexual offences,Investigation complete; no suspect identified,
fd6a4cf7241f598c79783134d5aaea063b73855d5bda93dd8223b18bdba8eaa0,2022-02,Gloucestershire Constabulary,Gloucestershire Constabulary,-2.216776,51.744805,On or near Shopping Area,E01022365,Stroud 006A,Violence and sexual offences,Unable to prosecute suspect,
d6386e3b94ecc69e9f40ad67ada4a731f0daa7f1b00193139801d0d35c4c6712,2022-02,Gloucestershire Constabulary,Gloucestershire Constabulary,-2.218869,51.746212,On or near Parking Area,E01022365,Stroud 006A,Violence and sexual offences,Court result unavailable,
e82de531d90960e0699a5b0cca493e3a360e44428752ddf3b7eba693a3082295,2022-02,Gloucestershire Constabulary,Gloucestershire Constabulary,-2.215297,51.744259,On or near Cornhill,E01022365,Stroud 006A,Violence and sexual offences,Unable to prosecute suspect,
,2022-02,Gloucestershire Constabulary,Gloucestershire Constabulary,-2.197761,51.745207,On or near Reservoir Road,E01022399,Stroud 006B,Anti-social behaviour,,
,2022-02,Gloucestershire Constabulary,Gloucestershire Constabulary,-2.202596,51.744587,On or near Clare Court,E01022399,Stroud 006B,Anti-social behaviour,,
40681bbfa9233d53e1ca95e9fc9ccfebf0ef8f457d8ba359e663489e57ce3c43,2022-02,Gloucestershire Constabulary,Gloucestershire Constabulary,-2.198072,51.743381,On or near Ridgemont Road,E01022399,Stroud 006B,Criminal damage and arson,Investigation complete; no suspect identified,
9de782e2eefe92789f35c4ea6938f701a62a66e23cadb1b1d352edd441d60dec,2022-02,Gloucestershire Constabulary,Gloucestershire Constabulary,-2.209678,51.744503,On or near Chapel Street,E01022399,Stroud 006B,Criminal damage and arson,Unable to prosecute suspect,
edff023077b51bc9b8ae1666af426bfc7bc8f6f29503c3cf4c748acebc0de86f,2022-02,Gloucestershire Constabulary,Gloucestershire Constabulary,-2.201056,51.743502,On or near Belmont Road,E01022399,Stroud 006B,Other theft,Investigation complete; no suspect identified,
1e1f7edb3b643e198da199e154e4294bf444e91e345251eed252d9e61284a6d8,2022-02,Gloucestershire Constabulary,Gloucestershire Constabulary,-2.194830,51.744097,On or near Gibson Close,E01022399,Stroud 006B,Public order,Unable to prosecute suspect,
fae96fba8ab1f8689b38517c9610b975cbf156e2cd0db78a07e2080d47ccf552,2022-02,Gloucestershire Constabulary,Gloucestershire Constabulary,-2.207794,51.744335,On or near Cotteswold Rise,E01022399,Stroud 006B,Public order,Investigation complete; no suspect identified,
a371bccaf584d222f1fd5f7692cdbb643e001821d1cd8236ae356906a2cd72d0,2022-02,Gloucestershire Constabulary,Gloucestershire Constabulary,-2.208825,51.744738,On or near Wood Street,E01022399,Stroud 006B,Public order,Unable to prosecute suspect,
9c408a2621d6925acd497626645f0a27c910296847985b7f08798c502a04f3b5,2022-02,Gloucestershire Constabulary,Gloucestershire Constabulary,-2.195517,51.745400,On or near Sports/Recreation Area,E01022399,Stroud 006B,Vehicle crime,Investigation complete; no suspect identified,
d3fbf5549f6b4463028d00bedf9b13c5db94a0e43cd7d802fc62059633b1b333,2022-02,Gloucestershire Constabulary,Gloucestershire Constabulary,-2.197761,51.745207,On or near Reservoir Road,E01022399,Stroud 006B,Vehicle crime,Investigation complete; no suspect identified,
20f010940894b08782c11cc5c656683fd1cc2593e5d3f10985968ff1b9fc0371,2022-02,Gloucestershire Constabulary,Gloucestershire Constabulary,-2.192806,51.744909,On or near Sports/Recreation Area,E01022399,Stroud 006B,Vehicle crime,Investigation complete; no suspect identified,
b954449f087dbbdfca0fbb87281a5ac3752f373d9f1665118429425bc404ac94,2022-02,Gloucestershire Constabulary,Gloucestershire Constabulary,-2.209678,51.744503,On or near Chapel Street,E01022399,Stroud 006B,Vehicle crime,Investigation complete; no suspect identified,
57d30a5b2829587453062869cca1951abf940f79a53bfcf4424f3b5e2829062e,2022-02,Gloucestershire Constabulary,Gloucestershire Constabulary,-2.199410,51.744710,On or near Milton Grove,E01022399,Stroud 006B,Vehicle crime,Court result unavailable,
d4efd0df5ec9a69bb8d4d09a8aca1383f65fad7398ad7b1d2ae76a6375964bb6,2022-02,Gloucestershire Constabulary,Gloucestershire Constabulary,-2.196902,51.744309,On or near Hill Top Close,E01022399,Stroud 006B,Vehicle crime,Investigation complete; no suspect identified,
df00b8423d0753b3d08fe0cb26e79f402b0faa54dfea20ea5bff2715e76085fe,2022-02,Gloucestershire Constabulary,Gloucestershire Constabulary,-2.196902,51.744309,On or near Hill Top Close,E01022399,Stroud 006B,Violence and sexual offences,Unable to prosecute suspect,
2a07f9a789e0d351f1374a6b961ad0d8dab171f8c98c5488cb459d7d5a85d849,2022-02,Gloucestershire Constabulary,Gloucestershire Constabulary,-2.209678,51.744503,On or near Chapel Street,E01022399,Stroud 006B,Violence and sexual offences,Unable to prosecute suspect,
5c8f9ded5fbc1cadc062fda1c61ae024f05056b09d52150dc80f72a618c410e5,2022-02,Gloucestershire Constabulary,Gloucestershire Constabulary,-2.194830,51.744097,On or near Gibson Close,E01022399,Stroud 006B,Violence and sexual offences,Unable to prosecute suspect,
08a49d95b4854c6a89631bd58cf4713890e57e3f8c0a84c548b820dcea009c6b,2022-02,Gloucestershire Constabulary,Gloucestershire Constabulary,-2.196902,51.744309,On or near Hill Top Close,E01022399,Stroud 006B,Violence and sexual offences,Unable to prosecute suspect,
7d258395c3c28223e8069e39222e7587bfadb746f809371950ac3f6328b48bef,2022-02,Gloucestershire Constabulary,Gloucestershire Constabulary,-2.208825,51.744738,On or near Wood Street,E01022399,Stroud 006B,Violence and sexual offences,Investigation complete; no suspect identified,
37d5ab762150fa3fa239d17afc0c2e3bfc16f425191ffed2e94495676fe6c50a,2022-02,Gloucestershire Constabulary,Gloucestershire Constabulary,-2.197761,51.745207,On or near Reservoir Road,E01022399,Stroud 006B,Violence and sexual offences,Unable to prosecute suspect,
14716de3fbb829bcbf4088d4aff1e1b10ef6b4c2fddbae50a4166e52460731ee,2022-02,Gloucestershire Constabulary,Gloucestershire Constabulary,-2.208825,51.744738,On or near Wood Street,E01022399,Stroud 006B,Violence and sexual offences,Unable to prosecute suspect,
a49bdbcc4af331620c19204a9c7cf5206af5db6469c1c961ba94a28b5b3a3e91,2022-02,Gloucestershire Constabulary,Gloucestershire Constabulary,-2.208825,51.744738,On or near Wood Street,E01022399,Stroud 006B,Violence and sexual offences,Unable to prosecute suspect,
36fccdc9e8ff6f3d99ddcefa49e1a6cb69ef615eed62484a663f62589ffa4175,2022-02,Gloucestershire Constabulary,Gloucestershire Constabulary,-2.209678,51.744503,On or near Chapel Street,E01022399,Stroud 006B,Other crime,Unable to prosecute suspect,
,2022-02,Gloucestershire Constabulary,Gloucestershire Constabulary,-2.210410,51.743144,On or near Lower Street,E01022410,Stroud 006C,Anti-social behaviour,,
,2022-02,Gloucestershire Constabulary,Gloucestershire Constabulary,-2.202908,51.739938,On or near Highfield Road,E01022410,Stroud 006C,Anti-social behaviour,,
,2022-02,Gloucestershire Constabulary,Gloucestershire Constabulary,-2.202908,51.739938,On or near Highfield Road,E01022410,Stroud 006C,Anti-social behaviour,,
e692f80fa625e29563a72b52b3b02801dbd710289e35d410e050eed1dcf00ff1,2022-02,Gloucestershire Constabulary,Gloucestershire Constabulary,-2.210744,51.740149,On or near Arundell Mill Lane,E01022410,Stroud 006C,Bicycle theft,Investigation complete; no suspect identified,
812610c04c0f5408c220daf49ac2f1cae814e68fd0ab6f664b070d2b4fec7017,2022-02,Gloucestershire Constabulary,Gloucestershire Constabulary,-2.210862,51.743782,On or near Sutton Gardens,E01022410,Stroud 006C,Burglary,Investigation complete; no suspect identified,
98b93c3d37c82876c2c50687ebf5739984ed8769cb24a708df5bba3a155659fc,2022-02,Gloucestershire Constabulary,Gloucestershire Constabulary,-2.204566,51.741455,On or near Churchfield Road,E01022410,Stroud 006C,Criminal damage and arson,Court result unavailable,
6ce7015ef84e619e9c82cb4e24eda669325eb68d0ccf241ea27b62c3d0a205f6,2022-02,Gloucestershire Constabulary,Gloucestershire Constabulary,-2.210410,51.743144,On or near Lower Street,E01022410,Stroud 006C,Public order,Unable to prosecute suspect,
20aa6f0665add2aa295480b4e33256bef3def647e9c790c2dcd29ac11c32a34c,2022-02,Gloucestershire Constabulary,Gloucestershire Constabulary,-2.212700,51.743499,On or near Castle Street,E01022410,Stroud 006C,Vehicle crime,Investigation complete; no suspect identified,
820f6dc35a808b78eae74f7ce152de8352f1322362c6cff91db20f3128b41402,2022-02,Gloucestershire Constabulary,Gloucestershire Constabulary,-2.212700,51.743499,On or near Castle Street,E01022410,Stroud 006C,Vehicle crime,Court result unavailable,
2fa78a6c157c0bc0e8f9e540c07e614f5d5f26960905ab82eb6431b8a4550e10,2022-02,Gloucestershire Constabulary,Gloucestershire Constabulary,-2.204566,51.741455,On or near Churchfield Road,E01022410,Stroud 006C,Vehicle crime,Investigation complete; no suspect identified,
b92119ee120678f75067c01ef1e1cb51db5477a955c05bb58970701d280bc21e,2022-02,Gloucestershire Constabulary,Gloucestershire Constabulary,-2.212700,51.743499,On or near Castle Street,E01022410,Stroud 006C,Vehicle crime,Investigation complete; no suspect identified,
96a015a451791fcd74b0416719292d7f1044cac67fde915ca0bf16a485ab543e,2022-02,Gloucestershire Constabulary,Gloucestershire Constabulary,-2.208472,51.740549,On or near Park Road,E01022410,Stroud 006C,Vehicle crime,Investigation complete; no suspect identified,
8f17071af01774f12ef17ffdb7dd1b029d7a0af99ceac8d7980b9a4819264b2e,2022-02,Gloucestershire Constabulary,Gloucestershire Constabulary,-2.205253,51.739683,On or near Field House Gardens,E01022410,Stroud 006C,Vehicle crime,Investigation complete; no suspect identified,
08d98d756a87e80ea7a686a30ff59d9885a5c0379233256b375daab91161364b,2022-02,Gloucestershire Constabulary,Gloucestershire Constabulary,-2.205017,51.735466,On or near Parking Area,E01022410,Stroud 006C,Vehicle crime,Unable to prosecute suspect,
caff4a6f903196922dc592204575ca8d9c9712e70eca2836f9f567dbd3447eff,2022-02,Gloucestershire Constabulary,Gloucestershire Constabulary,-2.205976,51.742612,On or near Horns Road,E01022410,Stroud 006C,Vehicle crime,Investigation complete; no suspect identified,
b31ac966f0eb51e18548210db96ad908f97ee2bc7f5e9771f0360a576f6a01d7,2022-02,Gloucestershire Constabulary,Gloucestershire Constabulary,-2.204566,51.741455,On or near Churchfield Road,E01022410,Stroud 006C,Violence and sexual offences,Unable to prosecute suspect,
7ecf6c34482ca3aa27d94130cccb4e4a313b0d602a1aba9a6f6b76bce9620764,2022-02,Gloucestershire Constabulary,Gloucestershire Constabulary,-2.206329,51.737496,On or near Bus/Coach Station,E01022410,Stroud 006C,Violence and sexual offences,Unable to prosecute suspect,
b59b385f021f9813642440452675c5a44255c07516e04f599b0a80c3f2e58869,2022-02,Gloucestershire Constabulary,Gloucestershire Constabulary,-2.202908,51.739938,On or near Highfield Road,E01022410,Stroud 006C,Violence and sexual offences,Unable to prosecute suspect,
6fe09d775feae68c65505e2ed91103780a1b5d0c52faf51edb97640e9c2d4529,2022-02,Gloucestershire Constabulary,Gloucestershire Constabulary,-2.204566,51.741455,On or near Churchfield Road,E01022410,Stroud 006C,Violence and sexual offences,Unable to prosecute suspect,
67dcd6412c3a0772654477d98d09573b2a1e51fa5e456f9a105127b49f2556df,2022-02,Gloucestershire Constabulary,Gloucestershire Constabulary,-2.205976,51.742612,On or near Horns Road,E01022410,Stroud 006C,Violence and sexual offences,Unable to prosecute suspect,
5a92cded4c60a63a116a353696280bc3fd1fd8c79f187057fff6eafe823b13bd,2022-02,Gloucestershire Constabulary,Gloucestershire Constabulary,-2.202908,51.739938,On or near Highfield Road,E01022410,Stroud 006C,Violence and sexual offences,Formal action is not in the public interest,
6c4e676306866a04ecbd1cd01f7b113171c7538ddfda3a10c1b27dce75915bf5,2022-02,Gloucestershire Constabulary,Gloucestershire Constabulary,-2.208054,51.737727,On or near Eagle Mill Close,E01022410,Stroud 006C,Violence and sexual offences,Unable to prosecute suspect,
b590d075c5813f9553160dc337462c295f12f7db95453bb80db80ec7670e6a13,2022-02,Gloucestershire Constabulary,Gloucestershire Constabulary,-2.203005,51.742123,On or near Daisy Bank,E01022410,Stroud 006C,Violence and sexual offences,Unable to prosecute suspect,
cfa855e2a1b4d07253d07f2189d3658d8e7301a8123d40ce5bdc54aa8c7ea41b,2022-02,Gloucestershire Constabulary,Gloucestershire Constabulary,-2.205017,51.735466,On or near Parking Area,E01022410,Stroud 006C,Violence and sexual offences,Unable to prosecute suspect,
73387bd91c42fa9c49d8114fb76b05359707ade3f355c3a363dc1115826760af,2022-02,Gloucestershire Constabulary,Gloucestershire Constabulary,-2.205888,51.742361,On or near Nursery Close,E01022410,Stroud 006C,Violence and sexual offences,Investigation complete; no suspect identified,
d2103d3dd4e3cad338d050572a76279bb29636e38b4409b3ec0d9c07b704971c,2022-02,Gloucestershire Constabulary,Gloucestershire Constabulary,-2.205017,51.735466,On or near Parking Area,E01022410,Stroud 006C,Other crime,Unable to prosecute suspect,
49982d3fee39e4f12a9a61139ab4d8a36fa7660a0b160bafd4d6175d6e4e2c90,2022-02,Gloucestershire Constabulary,Gloucestershire Constabulary,-2.207975,51.752094,On or near Cutler Road,E01022411,Stroud 006D,Violence and sexual offences,Unable to prosecute suspect,
1223f96b6b993c608d943d284f4890c4c62538edf8e2e619e1e090cec70f04e8,2022-02,Gloucestershire Constabulary,Gloucestershire Constabulary,-2.212287,51.751125,On or near The Square,E01022411,Stroud 006D,Other theft,Investigation complete; no suspect identified,
d53a297a3050b68681dccadc31030c33252dd0dfc9dbf69b6b94d2f5c8b16820,2022-02,Gloucestershire Constabulary,Gloucestershire Constabulary,-2.213169,51.750826,On or near Grove Park Road,E01022411,Stroud 006D,Violence and sexual offences,Unable to prosecute suspect,
65ea69207c2b001993c6ea0c01cb13aa95ab062aa51b18b76d473878e56f40d5,2022-02,Gloucestershire Constabulary,Gloucestershire Constabulary,-2.209998,51.751111,On or near Capel Court,E01022411,Stroud 006D,Violence and sexual offences,Unable to prosecute suspect,
,2022-02,Gloucestershire Constabulary,Gloucestershire Constabulary,-2.215774,51.747189,On or near Locking Hill,E01022414,Stroud 006E,Anti-social behaviour,,
bd328998a621b3c011e2996bfa7ae7db28b4ce0f40de7f354077ab99fb9578db,2022-02,Gloucestershire Constabulary,Gloucestershire Constabulary,-2.200620,51.746398,On or near St Brendan'S Road,E01022414,Stroud 006E,Burglary,Investigation complete; no suspect identified,
21bfb9ceb3e6e68694f72091216a03e74355d65f4a4e92be9a636f542fb5de64,2022-02,Gloucestershire Constabulary,Gloucestershire Constabulary,-2.196989,51.747492,On or near Summer Crescent,E01022414,Stroud 006E,Criminal damage and arson,Local resolution,
ee7a4987f55a4bcabf8f5275a67ec25dadc4d74cb9b2474b53faed034ef85000,2022-02,Gloucestershire Constabulary,Gloucestershire Constabulary,-2.196989,51.747492,On or near Summer Crescent,E01022414,Stroud 006E,Other theft,Local resolution,
3a3be4c6e6baa39cd63a2adf6cec607f46dac2e2583d51bfad66b349d5396d92,2022-02,Gloucestershire Constabulary,Gloucestershire Constabulary,-2.203800,51.745116,On or near Middle Hill,E01022414,Stroud 006E,Public order,Unable to prosecute suspect,
c499006c00fd82935c5297681550ea872c0e7404ba7c09f633b2298901da1eff,2022-02,Gloucestershire Constabulary,Gloucestershire Constabulary,-2.203800,51.745116,On or near Middle Hill,E01022414,Stroud 006E,Public order,Unable to prosecute suspect,
30965bb3eb885ee25115f823b0f0fa257dfaebb5e8f52799ba8d98b2ecd81110,2022-02,Gloucestershire Constabulary,Gloucestershire Constabulary,-2.215774,51.747189,On or near Locking Hill,E01022414,Stroud 006E,Shoplifting,Investigation complete; no suspect identified,
6068efa35dbde1a09173458e6e69853c4952cde7ac3e3f037a35c3467a5969be,2022-02,Gloucestershire Constabulary,Gloucestershire Constabulary,-2.215774,51.747189,On or near Locking Hill,E01022414,Stroud 006E,Shoplifting,Court result unavailable,
84a463afc33eefe2dadbafe6b037a773c5fbbdcf937a413dd779a82164a7ea56,2022-02,Gloucestershire Constabulary,Gloucestershire Constabulary,-2.210915,51.748915,On or near Uplands Road,E01022414,Stroud 006E,Vehicle crime,Investigation complete; no suspect identified,
1c9318d9c0af8e6b4b990502abbc95d32a5a746d4ac39012bc5719f5483d3810,2022-02,Gloucestershire Constabulary,Gloucestershire Constabulary,-2.210915,51.748915,On or near Uplands Road,E01022414,Stroud 006E,Vehicle crime,Investigation complete; no suspect identified,
7a84fb1fbf1612c9bcf88ec8de662549877aff0f5be566e26a609318ab1daf9e,2022-02,Gloucestershire Constabulary,Gloucestershire Constabulary,-2.211711,51.745596,On or near Parliament Close,E01022414,Stroud 006E,Vehicle crime,Investigation complete; no suspect identified,
ba5412db66be5843f5fd3efee7f7f3ed8e616afce46e1a8fc67adca12fd5609e,2022-02,Gloucestershire Constabulary,Gloucestershire Constabulary,-2.203800,51.745116,On or near Middle Hill,E01022414,Stroud 006E,Violence and sexual offences,Unable to prosecute suspect,
76f7e742499549ac91801378772b183e4d1b583ed7632539dd2afa959e69c58e,2022-02,Gloucestershire Constabulary,Gloucestershire Constabulary,-2.203379,51.751356,On or near Woodlands Drive,E01022414,Stroud 006E,Violence and sexual offences,Investigation complete; no suspect identified,
9d135493547048eec3b8b1a08975a352ca9a177ac4e9f5fe4a08e5eff3c916b8,2022-02,Gloucestershire Constabulary,Gloucestershire Constabulary,-2.210915,51.748915,On or near Uplands Road,E01022414,Stroud 006E,Violence and sexual offences,Unable to prosecute suspect,
89237051443906e2b7166a92b0b524d8859e5679d865aeddd3ce53a0d4ddcc82,2022-02,Gloucestershire Constabulary,Gloucestershire Constabulary,-2.215774,51.747189,On or near Locking Hill,E01022414,Stroud 006E,Violence and sexual offences,Unable to prosecute suspect,
665fac91d0e1e630b96cb43b0478f606039d09bdde3876862c581cbaa527c893,2022-02,Gloucestershire Constabulary,Gloucestershire Constabulary,-2.211043,51.745193,On or near Parliament Street,E01022414,Stroud 006E,Violence and sexual offences,Unable to prosecute suspect,
b3cc0a8cd3ea6be3b4a7cae72cd1e555e0af50667a8dcff6865526a814952142,2022-02,Gloucestershire Constabulary,Gloucestershire Constabulary,-2.208784,51.748425,On or near Little Mill Court,E01022414,Stroud 006E,Violence and sexual offences,Unable to prosecute suspect,
adf96efaeba71879e0093244254d354ef5bef673294b56a8bd6b29118042972d,2022-02,Gloucestershire Constabulary,Gloucestershire Constabulary,-2.203800,51.745116,On or near Middle Hill,E01022414,Stroud 006E,Violence and sexual offences,Unable to prosecute suspect,
7dbfcf25611712bac0315b5e1551e8346259cb0cd9a0ff57fd55d07a3b2d8528,2022-02,Gloucestershire Constabulary,Gloucestershire Constabulary,-2.210494,51.745517,On or near Upper Leazes,E01022414,Stroud 006E,Violence and sexual offences,Investigation complete; no suspect identified,
ba7a6cd2caba12690a8a1c032cb7859148a1d72ad2953f03b6f14a068e484c27,2022-02,Gloucestershire Constabulary,Gloucestershire Constabulary,-2.211043,51.745193,On or near Parliament Street,E01022414,Stroud 006E,Violence and sexual offences,Unable to prosecute suspect,
1a96d9799676918c9550b972b3192d6234b76db2eff84abac146cf408bc53c35,2022-02,Gloucestershire Constabulary,Gloucestershire Constabulary,-2.211043,51.745193,On or near Parliament Street,E01022414,Stroud 006E,Other crime,Unable to prosecute suspect,
bf842e66740bed59c7766b8ec834fad268578f2cfc62c763699480edfab90c81,2022-02,Gloucestershire Constabulary,Gloucestershire Constabulary,-2.231684,51.731308,On or near Orchard View,E01022393,Stroud 007A,Other theft,Investigation complete; no suspect identified,
ba12592ab91294d6a2cbd67c8b96bb834fe8c6fc6d6dd6e9ff35e0fcd2186904,2022-02,Gloucestershire Constabulary,Gloucestershire Constabulary,-2.227126,51.729150,On or near Bowl Hill,E01022393,Stroud 007A,Violence and sexual offences,Unable to prosecute suspect,
f5ca9659ef7982320fab2be5732fb4e8d7b0916ecd0e21c734fd265c1374a77f,2022-02,Gloucestershire Constabulary,Gloucestershire Constabulary,-2.227126,51.729150,On or near Bowl Hill,E01022393,Stroud 007A,Violence and sexual offences,Unable to prosecute suspect,
,2022-02,Gloucestershire Constabulary,Gloucestershire Constabulary,-2.227907,51.740459,On or near Spillman'S Pitch,E01022394,Stroud 007B,Anti-social behaviour,,
84455d4d8e8252e2ebc1767706909ef35e44f762d0ec3653cee2e4e06528d11b,2022-02,Gloucestershire Constabulary,Gloucestershire Constabulary,-2.222046,51.741351,On or near Oak Drive,E01022394,Stroud 007B,Criminal damage and arson,Investigation complete; no suspect identified,
bffb24a008108cd816933456b5e5f412f832b116a4464776422482dfe4212bf5,2022-02,Gloucestershire Constabulary,Gloucestershire Constabulary,-2.238483,51.738343,On or near Dudbridge Meadow,E01022394,Stroud 007B,Criminal damage and arson,Unable to prosecute suspect,
662a39b4ebede724aa3a1ef8967385b2a84abd44e1a8d41cc8e6b861472b7819,2022-02,Gloucestershire Constabulary,Gloucestershire Constabulary,-2.233724,51.733938,On or near Theatre/Concert Hall,E01022394,Stroud 007B,Other theft,Investigation complete; no suspect identified,
9769cad1b423c2ad101533e57f1a7795bcbc441ea1912cf2028ae7ca4cd23f37,2022-02,Gloucestershire Constabulary,Gloucestershire Constabulary,-2.227907,51.740459,On or near Spillman'S Pitch,E01022394,Stroud 007B,Other theft,Investigation complete; no suspect identified,
c4137bbcf268424ba59bda7039ba9506865aca605ae4427ccece7e36e7a1531f,2022-02,Gloucestershire Constabulary,Gloucestershire Constabulary,-2.232914,51.734074,On or near Bath Road,E01022394,Stroud 007B,Violence and sexual offences,Unable to prosecute suspect,
,2022-02,Gloucestershire Constabulary,Gloucestershire Constabulary,-2.230178,51.737065,On or near Court Way,E01022395,Stroud 007C,Anti-social behaviour,,
,2022-02,Gloucestershire Constabulary,Gloucestershire Constabulary,-2.230178,51.737065,On or near Court Way,E01022395,Stroud 007C,Anti-social behaviour,,
,2022-02,Gloucestershire Constabulary,Gloucestershire Constabulary,-2.230178,51.737065,On or near Court Way,E01022395,Stroud 007C,Anti-social behaviour,,
4e73958c5a999d724fc004d8b2ecef130b7e63c6cff8d81348b6d84247511f17,2022-02,Gloucestershire Constabulary,Gloucestershire Constabulary,-2.235178,51.737837,On or near Constance Close,E01022395,Stroud 007C,Burglary,Investigation complete; no suspect identified,
cd04defdb5f3b3b73f3b051a96cc715f97b1df8bf3cc0f7b94a5e64c145549e4,2022-02,Gloucestershire Constabulary,Gloucestershire Constabulary,-2.223086,51.740774,On or near Sports/Recreation Area,E01022395,Stroud 007C,Other theft,Investigation complete; no suspect identified,
c4631839e35f7f9fc6abc256209453308b14878cb2e55aa640b924bc1416b933,2022-02,Gloucestershire Constabulary,Gloucestershire Constabulary,-2.232006,51.734867,On or near Erin Park,E01022395,Stroud 007C,Robbery,Investigation complete; no suspect identified,
63a84b4a47a763e6bb43efa97c712035f8fd4d1a2822fc7c8f74d70720e2efe6,2022-02,Gloucestershire Constabulary,Gloucestershire Constabulary,-2.235178,51.737837,On or near Constance Close,E01022395,Stroud 007C,Shoplifting,Investigation complete; no suspect identified,
6ae5891280b48719ccdd86ff11a7f3e7b5f10525b39cf7a5fa40a58175d0c671,2022-02,Gloucestershire Constabulary,Gloucestershire Constabulary,-2.221129,51.740337,On or near Castlemead Road,E01022395,Stroud 007C,Violence and sexual offences,Action to be taken by another organisation,
af7beedd95159bbaa1bb9dad14ab41834753aa71d4b5f182fe2ecf01f38d57ea,2022-02,Gloucestershire Constabulary,Gloucestershire Constabulary,-2.184633,51.719163,On or near Golden Valley,E01022409,Stroud 007E,Criminal damage and arson,Investigation complete; no suspect identified,
b3b46a04d330c87812b649f655e026127433d953f82cbb08404a96ddc1e194c7,2022-02,Gloucestershire Constabulary,Gloucestershire Constabulary,-2.199254,51.725757,On or near Spring Lane,E01022409,Stroud 007E,Other theft,Investigation complete; no suspect identified,
79cac6424075b7b65f492000175a66becc9c52c4658282a60af125a7585e2b21,2022-02,Gloucestershire Constabulary,Gloucestershire Constabulary,-2.199254,51.725757,On or near Spring Lane,E01022409,Stroud 007E,Vehicle crime,Investigation complete; no suspect identified,
53fcfb10c8065667f093840b8be9acc53e239132540ec77d0aeaab9b3efaf324,2022-02,Gloucestershire Constabulary,Gloucestershire Constabulary,-2.201451,51.728288,On or near The Rope Walk,E01022409,Stroud 007E,Vehicle crime,Investigation complete; no suspect identified,
039f48bae1637922d156cbdc2ec249d38db4b3fe4672d98b0e384280f390c0a0,2022-02,Gloucestershire Constabulary,Gloucestershire Constabulary,-2.201451,51.728288,On or near The Rope Walk,E01022409,Stroud 007E,Vehicle crime,Investigation complete; no suspect identified,
ef12b4f5a9bde93ccc834d67be0165b5e122c292ab43c3bba7f49268455ac7eb,2022-02,Gloucestershire Constabulary,Gloucestershire Constabulary,-2.201451,51.728288,On or near The Rope Walk,E01022409,Stroud 007E,Vehicle crime,Investigation complete; no suspect identified,
bf2f03f2bbc0b2a1504305e2d6e9959c66f78cff6073d7816b37b2a6c53dc820,2022-02,Gloucestershire Constabulary,Gloucestershire Constabulary,-2.204449,51.734721,On or near Parking Area,E01022409,Stroud 007E,Violence and sexual offences,Unable to prosecute suspect,
3e7fa7e605ffcb2923afc6f1b0e7c61089ea762941fa31c8b0fb1c920d1b8ed4,2022-02,Gloucestershire Constabulary,Gloucestershire Constabulary,-2.183472,51.718284,On or near Nursery Drive,E01022409,Stroud 007E,Violence and sexual offences,Investigation complete; no suspect identified,
,2022-02,Gloucestershire Constabulary,Gloucestershire Constabulary,-2.165293,51.719057,On or near Pedestrian Subway,E01022366,Stroud 008A,Anti-social behaviour,,
8a09e4e8408c98e9eb6c27058d3e036fd6eb36f6cf0fe25e87d83aded890dec8,2022-02,Gloucestershire Constabulary,Gloucestershire Constabulary,-2.149651,51.720876,On or near Old Station Close,E01022366,Stroud 008A,Violence and sexual offences,Unable to prosecute suspect,
,2022-02,Gloucestershire Constabulary,Gloucestershire Constabulary,-2.151589,51.728912,On or near Middle Hill Crescent,E01022367,Stroud 008B,Anti-social behaviour,,
,2022-02,Gloucestershire Constabulary,Gloucestershire Constabulary,-2.179742,51.719530,On or near Churchhill Road,E01022368,Stroud 008C,Anti-social behaviour,,
794b770048162a09f54c6ae57951def0d06bdb65c80c84389f9a505da2fb2113,2022-02,Gloucestershire Constabulary,Gloucestershire Constabulary,-2.179742,51.719530,On or near Churchhill Road,E01022368,Stroud 008C,Burglary,Investigation complete; no suspect identified,
d72af3970df47b7daa1b3ba93b0bdddbce7ea24b91bc6f682689cd6aa8b41332,2022-02,Gloucestershire Constabulary,Gloucestershire Constabulary,-2.173298,51.733998,On or near Vatch Lane,E01022368,Stroud 008C,Other theft,Investigation complete; no suspect identified,
290ededb59273a48c4efba4d4ca25c56b8edde6ba3c41fc087b4f0f63a3b7ce9,2022-02,Gloucestershire Constabulary,Gloucestershire Constabulary,-2.162802,51.726721,On or near Frithwood Park,E01022369,Stroud 008D,Criminal damage and arson,Unable to prosecute suspect,
57716bb24cc460a4a5e5f8dd94f6ee6b1beb65101e97937e7c9f8e3cbd9b29e6,2022-02,Gloucestershire Constabulary,Gloucestershire Constabulary,-2.310258,51.681666,On or near Lampern View,E01022370,Stroud 009A,Burglary,Investigation complete; no suspect identified,
,2022-02,Gloucestershire Constabulary,Gloucestershire Constabulary,-2.363441,51.733959,On or near A38,E01022371,Stroud 009B,Anti-social behaviour,,
8f5c2d47148687fd51ce175baf2d1f5bd45754fa0a60c3cb70b99f9a4ef01b8d,2022-02,Gloucestershire Constabulary,Gloucestershire Constabulary,-2.332694,51.711698,On or near The Close,E01022371,Stroud 009B,Violence and sexual offences,Unable to prosecute suspect,
,2022-02,Gloucestershire Constabulary,Gloucestershire Constabulary,-2.282786,51.727338,On or near Marsh Lane,E01022405,Stroud 009C,Anti-social behaviour,,
d0bff4bfd779a3c355c24886f04ec84e876eaac5da9b2a8fa9d8f81c89ba2006,2022-02,Gloucestershire Constabulary,Gloucestershire Constabulary,-2.263479,51.726044,On or near Daffodil Leaze,E01022405,Stroud 009C,Criminal damage and arson,Unable to prosecute suspect,
cb849e4b44b6ba38aeb633365aeb3fc6e71a413c015688f2ef59ef1a4c38ff62,2022-02,Gloucestershire Constabulary,Gloucestershire Constabulary,-2.275384,51.733821,On or near St George'S Avenue,E01022405,Stroud 009C,Criminal damage and arson,Investigation complete; no suspect identified,
ba0da1de63df763d3a51813d643a2a269ea8c066fa9548bb7260f722405df0e9,2022-02,Gloucestershire Constabulary,Gloucestershire Constabulary,-2.282099,51.730847,On or near Mankley Road,E01022405,Stroud 009C,Criminal damage and arson,Unable to prosecute suspect,
248dc2c8b5f75e07bd50f7d0bb4a9eb06a51c07b8d6e085a31ac5fe6253c1a9c,2022-02,Gloucestershire Constabulary,Gloucestershire Constabulary,-2.273352,51.728305,On or near Shute Street,E01022405,Stroud 009C,Drugs,Court result unavailable,
e5c7f9429c9a5ad31b7174122f8784ad571ef5409d1e252e1170076a4f793062,2022-02,Gloucestershire Constabulary,Gloucestershire Constabulary,-2.278543,51.731844,On or near Brimley,E01022405,Stroud 009C,Possession of weapons,Investigation complete; no suspect identified,
9598a2e80801ef394de2a4a2603aac8b259cd40fb99a6076e627adb27e85eaa0,2022-02,Gloucestershire Constabulary,Gloucestershire Constabulary,-2.282099,51.730847,On or near Mankley Road,E01022405,Stroud 009C,Public order,Investigation complete; no suspect identified,
747750bc09bc8cfce03397ea10833f0fdd01c65f9ef958d7408d9cfff730e6e4,2022-02,Gloucestershire Constabulary,Gloucestershire Constabulary,-2.281664,51.730749,On or near Marsh Mews,E01022405,Stroud 009C,Public order,Unable to prosecute suspect,
b3377e6de56b9189d0293ddddc4f79f40b44a3eac6a60d382737f6484f86b87a,2022-02,Gloucestershire Constabulary,Gloucestershire Constabulary,-2.281664,51.730749,On or near Marsh Mews,E01022405,Stroud 009C,Violence and sexual offences,Unable to prosecute suspect,
a38c9b24d52ba83e750cb9abc4191e950caea9eaefc9daa451148d7f53dd8106,2022-02,Gloucestershire Constabulary,Gloucestershire Constabulary,-2.282786,51.727338,On or near Marsh Lane,E01022405,Stroud 009C,Violence and sexual offences,Investigation complete; no suspect identified,
bc76675ca03202168133d04e8428f606e2544bf09e311398e877253b547d0c39,2022-02,Gloucestershire Constabulary,Gloucestershire Constabulary,-2.275384,51.733821,On or near St George'S Avenue,E01022405,Stroud 009C,Violence and sexual offences,Unable to prosecute suspect,
,2022-02,Gloucestershire Constabulary,Gloucestershire Constabulary,-2.273271,51.731542,On or near The Nursery,E01022406,Stroud 009D,Anti-social behaviour,,
0d674d37d9183718461d7b62fe7a79a2c706c9ecbc88452abd8451b335c6ff7a,2022-02,Gloucestershire Constabulary,Gloucestershire Constabulary,-2.240785,51.732737,On or near Selsley Hill,E01022406,Stroud 009D,Other theft,Investigation complete; no suspect identified,
912e164b56fd74ec57387f4240b4e8cd4ebc13164b2694e8de9b6c4e32cca6ec,2022-02,Gloucestershire Constabulary,Gloucestershire Constabulary,-2.240785,51.732737,On or near Selsley Hill,E01022406,Stroud 009D,Violence and sexual offences,Unable to prosecute suspect,
de4fe33a5d73c4e4037f543b7a42acf22bf1a09aab116a6bc75a780d71469a00,2022-02,Gloucestershire Constabulary,Gloucestershire Constabulary,-2.245832,51.728977,On or near Park/Open Space,E01022406,Stroud 009D,Violence and sexual offences,Investigation complete; no suspect identified,
380e2085ef201ec8afb79158b49fa023e093291a336039d7b3b942535a20fc88,2022-02,Gloucestershire Constabulary,Gloucestershire Constabulary,-2.240785,51.732737,On or near Selsley Hill,E01022406,Stroud 009D,Other crime,Unable to prosecute suspect,
71d296b490be2a152f0e897aab265c674d72b4a019bc3a0cc590895987024add,2022-02,Gloucestershire Constabulary,Gloucestershire Constabulary,-2.315512,51.725843,On or near Frog Lane,E01022407,Stroud 009E,Other theft,Investigation complete; no suspect identified,
aba121bb681a43dae6f70ce5367ef4679b3fbdc1139067aeffc2b5de88c408ba,2022-02,Gloucestershire Constabulary,Gloucestershire Constabulary,-2.234821,51.710793,On or near Convent Lane,E01022350,Stroud 010A,Violence and sexual offences,Awaiting court outcome,
,2022-02,Gloucestershire Constabulary,Gloucestershire Constabulary,-2.230600,51.723263,On or near The Garden,E01022350,Stroud 010A,Anti-social behaviour,,
,2022-02,Gloucestershire Constabulary,Gloucestershire Constabulary,-2.224867,51.714417,On or near St Chloe Mead,E01022350,Stroud 010A,Anti-social behaviour,,
,2022-02,Gloucestershire Constabulary,Gloucestershire Constabulary,-2.230600,51.723263,On or near The Garden,E01022350,Stroud 010A,Anti-social behaviour,,
,2022-02,Gloucestershire Constabulary,Gloucestershire Constabulary,-2.231301,51.718811,On or near Station Road,E01022350,Stroud 010A,Anti-social behaviour,,
8646ecf603db147b3c36cbdc889e3cf8dd529773c21cf4eb172745a07eb9caa0,2022-02,Gloucestershire Constabulary,Gloucestershire Constabulary,-2.236584,51.724177,On or near Selsey Road,E01022350,Stroud 010A,Burglary,Investigation complete; no suspect identified,
65f5ad39b547022723df38180a153997710b3dba7989bef4b33cbdcdbd29d310,2022-02,Gloucestershire Constabulary,Gloucestershire Constabulary,-2.230914,51.725186,On or near Sports/Recreation Area,E01022350,Stroud 010A,Violence and sexual offences,Investigation complete; no suspect identified,
aee0c25a9843e14bf57bb9c599a485a4db279785b06a7b3704fd3f8688cc5909,2022-02,Gloucestershire Constabulary,Gloucestershire Constabulary,-2.230039,51.723929,On or near Beech Grove,E01022350,Stroud 010A,Violence and sexual offences,Unable to prosecute suspect,
2306586956252587700684561715c9480a9b118dcfd7e09d5fd62f5f809d5adf,2022-02,Gloucestershire Constabulary,Gloucestershire Constabulary,-2.234821,51.710793,On or near Convent Lane,E01022350,Stroud 010A,Violence and sexual offences,Unable to prosecute suspect,
94ce13198b23971723f6495b90ff33d521b4cfb121fc45e7a7aaeada17c3768e,2022-02,Gloucestershire Constabulary,Gloucestershire Constabulary,-2.230600,51.723263,On or near The Garden,E01022350,Stroud 010A,Violence and sexual offences,Investigation complete; no suspect identified,
,2022-02,Gloucestershire Constabulary,Gloucestershire Constabulary,-2.194272,51.718680,On or near Albert Road,E01022382,Stroud 010B,Anti-social behaviour,,
9104c599f8cfb02add20d0da8907176cf6b7c8ed7f6542d0d6a9b67a0bd2dd67,2022-02,Gloucestershire Constabulary,Gloucestershire Constabulary,-2.179139,51.706134,On or near The Bulwarks,E01022383,Stroud 010C,Violence and sexual offences,Investigation complete; no suspect identified,
80849bf5b1bdfca7dcf09f22d69f06586966920c2e803b59afc1217b9e4b3ff3,2022-02,Gloucestershire Constabulary,Gloucestershire Constabulary,-2.185690,51.705117,On or near Parsons Court,E01022383,Stroud 010C,Violence and sexual offences,Unable to prosecute suspect,
4d580664b317692bc5234729b50a567d53c802c0bc4070bd60d89ec0961ebc1f,2022-02,Gloucestershire Constabulary,Gloucestershire Constabulary,-2.179139,51.706134,On or near The Bulwarks,E01022383,Stroud 010C,Violence and sexual offences,Unable to prosecute suspect,
45c92d1be883597b5b7f77bbee61fb55f8c3d66891be9a5592bb98839f9de33f,2022-02,Gloucestershire Constabulary,Gloucestershire Constabulary,-2.178539,51.708212,On or near Old Common,E01022383,Stroud 010C,Violence and sexual offences,Unable to prosecute suspect,
e74b82c8f1353a4c0a7b5f390b276ca209364ff40c86a37c1fa1be8bb951b987,2022-02,Gloucestershire Constabulary,Gloucestershire Constabulary,-2.179268,51.709497,On or near The Tynings,E01022383,Stroud 010C,Violence and sexual offences,Unable to prosecute suspect,
275e09c354eb4cf57fea7c69b89e8c2edaad561cbd108de66bf57b534fb097ed,2022-02,Gloucestershire Constabulary,Gloucestershire Constabulary,-2.176986,51.706983,On or near Summersfield Close,E01022383,Stroud 010C,Other crime,Unable to prosecute suspect,
,2022-02,Gloucestershire Constabulary,Gloucestershire Constabulary,-2.186616,51.704999,On or near High Street,E01022384,Stroud 010D,Anti-social behaviour,,
,2022-02,Gloucestershire Constabulary,Gloucestershire Constabulary,-2.186039,51.705440,On or near Market Square,E01022384,Stroud 010D,Anti-social behaviour,,
30166b51dda989ee5214cc6530d76f1dec4105466d6aa08fc59d0dc939304513,2022-02,Gloucestershire Constabulary,Gloucestershire Constabulary,-2.205512,51.697837,On or near Scar Hill,E01022384,Stroud 010D,Violence and sexual offences,Unable to prosecute suspect,
3ecda73af5d80ac6a30a3d4eaa165a72a4114b5509d141b1f19d97240aee1cb2,2022-02,Gloucestershire Constabulary,Gloucestershire Constabulary,-2.363426,51.696061,On or near Nordown Close,E01022359,Stroud 011A,Violence and sexual offences,Unable to prosecute suspect,
47f9601c75934f94f6dd1768c670884df95ed4886a1a155cf1489ef27f3c1b96,2022-02,Gloucestershire Constabulary,Gloucestershire Constabulary,-2.367032,51.696454,On or near Hilltop View,E01022359,Stroud 011A,Violence and sexual offences,Unable to prosecute suspect,
,2022-02,Gloucestershire Constabulary,Gloucestershire Constabulary,-2.356854,51.695605,On or near Everlands,E01022360,Stroud 011B,Anti-social behaviour,,
0d0438aabafa78c18e084691d036081afb786c68583fc381fb0fd634f8c4cdd1,2022-02,Gloucestershire Constabulary,Gloucestershire Constabulary,-2.353161,51.691471,On or near Church Road,E01022360,Stroud 011B,Violence and sexual offences,Unable to prosecute suspect,
4545d06cb7b106b596825bb6f21d14e40ab892afc549e25c008aed9f63cc549a,2022-02,Gloucestershire Constabulary,Gloucestershire Constabulary,-2.353161,51.691471,On or near Church Road,E01022360,Stroud 011B,Violence and sexual offences,Unable to prosecute suspect,
c9020ce9862302e31ef4c3d99daf32612396b47af1d4ca9d0e565d1e92f99adc,2022-02,Gloucestershire Constabulary,Gloucestershire Constabulary,-2.353161,51.691471,On or near Church Road,E01022360,Stroud 011B,Violence and sexual offences,Unable to prosecute suspect,
d9a00e386d63ed4c85dfaa1fe0d37aff763a23449073a90a683fb687941283e6,2022-02,Gloucestershire Constabulary,Gloucestershire Constabulary,-2.357379,51.697932,On or near Millbank,E01022360,Stroud 011B,Violence and sexual offences,Investigation complete; no suspect identified,
ccf19dd56b5915238225fab049d6276d8eb2d0f9a3a2908af8fe79f64ce28ad2,2022-02,Gloucestershire Constabulary,Gloucestershire Constabulary,-2.364855,51.699230,On or near Fairmead,E01022361,Stroud 011C,Burglary,Investigation complete; no suspect identified,
,2022-02,Gloucestershire Constabulary,Gloucestershire Constabulary,-2.374544,51.695055,On or near Phillimore Road,E01022362,Stroud 011D,Anti-social behaviour,,
76b96a32e2d19238090e494e463fdf953c42dc824dedfdd1ed8f09a4417d7071,2022-02,Gloucestershire Constabulary,Gloucestershire Constabulary,-2.368802,51.705997,On or near Everside Close,E01022363,Stroud 011E,Burglary,Investigation complete; no suspect identified,
69f86d01c45227559344ebfb927af5e0f1ef90b97943da79b870fc865b11d8f6,2022-02,Gloucestershire Constabulary,Gloucestershire Constabulary,-2.366761,51.700501,On or near St Bartholomews Close,E01022363,Stroud 011E,Other theft,Investigation complete; no suspect identified,
be4ac09dac5f7cde932fe98245c4072ed704f02f62665052a38d41fb2e259ede,2022-02,Gloucestershire Constabulary,Gloucestershire Constabulary,-2.365865,51.709639,On or near Petrol Station,E01022363,Stroud 011E,Shoplifting,Unable to prosecute suspect,
30aed2fed5a00b84dfbf92f8cfb8987245b07c6e43c3c48c68a659400d1ea974,2022-02,Gloucestershire Constabulary,Gloucestershire Constabulary,-2.364106,51.701463,On or near Supermarket,E01022363,Stroud 011E,Shoplifting,Unable to prosecute suspect,
4febb5f3928ee99b14e1bcc01303076dd3d63cf947a0b7c650ad609bc4307306,2022-02,Gloucestershire Constabulary,Gloucestershire Constabulary,-2.365865,51.709639,On or near Petrol Station,E01022363,Stroud 011E,Violence and sexual offences,Investigation complete; no suspect identified,
84101cd555dfdd1e53b0494bed03d817a9d5f5b0e22782685fe21bda75d7dc0d,2022-02,Gloucestershire Constabulary,Gloucestershire Constabulary,-2.363074,51.715339,On or near Bus/Coach Station,E01022363,Stroud 011E,Violence and sexual offences,Unable to prosecute suspect,
0c850b8356cf52f8ed9919f35335337b94e084bbbeec0173d53609c1de17a4b1,2022-02,Gloucestershire Constabulary,Gloucestershire Constabulary,-2.471799,51.718747,On or near Oldminster Road,E01022351,Stroud 012A,Burglary,Unable to prosecute suspect,
b35f3e2e15e3bfb7792c18ee04ac3c1f9e42de0d7c4378b9f707fe59bc2aa24c,2022-02,Gloucestershire Constabulary,Gloucestershire Constabulary,-2.458609,51.718440,On or near Church Lane,E01022351,Stroud 012A,Violence and sexual offences,Unable to prosecute suspect,
86d311b8fbf7c0124477617bcc62b36899a0997717f94dee87dc5897de07bafc,2022-02,Gloucestershire Constabulary,Gloucestershire Constabulary,-2.458609,51.718440,On or near Church Lane,E01022351,Stroud 012A,Violence and sexual offences,Unable to prosecute suspect,
ad795540ec2a2f866a79e17196ea1d090b08598d2f69e22483f310bf73d46e37,2022-02,Gloucestershire Constabulary,Gloucestershire Constabulary,-2.471555,51.714747,On or near Jubilee Way,E01022351,Stroud 012A,Violence and sexual offences,Unable to prosecute suspect,
,2022-02,Gloucestershire Constabulary,Gloucestershire Constabulary,-2.448189,51.712896,On or near Halmore Lane,E01022352,Stroud 012B,Anti-social behaviour,,
5be940e55d9325b651d7c0fd58f3196b23207c3d32ea37258f44df6cc7a1e5f4,2022-02,Gloucestershire Constabulary,Gloucestershire Constabulary,-2.458493,51.691323,On or near Market Place,E01022353,Stroud 012C,Criminal damage and arson,Unable to prosecute suspect,
b10d4a784e1845a9ca4ca563ba5eacf53def1ff03b439188d9335b06fe8df99e,2022-02,Gloucestershire Constabulary,Gloucestershire Constabulary,-2.458493,51.691323,On or near Market Place,E01022353,Stroud 012C,Criminal damage and arson,Unable to prosecute suspect,
84662f0155de30d654833f9a7dee50b147e1a06c4d385528a15f1b7f329617be,2022-02,Gloucestershire Constabulary,Gloucestershire Constabulary,-2.460182,51.692305,On or near School Lane,E01022353,Stroud 012C,Public order,Unable to prosecute suspect,
d8aa8c60d2889ee4e0bad5056fce7e59b40f1ee23a816e1d83d2d970aff8337c,2022-02,Gloucestershire Constabulary,Gloucestershire Constabulary,-2.459331,51.691193,On or near Supermarket,E01022353,Stroud 012C,Violence and sexual offences,Unable to prosecute suspect,
97b5005cdd14a6f3fbb32cc10a04119fd19e421602fd6f7977b44c85fce2dd16,2022-02,Gloucestershire Constabulary,Gloucestershire Constabulary,-2.458493,51.691323,On or near Market Place,E01022353,Stroud 012C,Violence and sexual offences,Unable to prosecute suspect,
083827a9f0b41f7da611a42e75fa8468830f1cb39f471317f6e07bdc0d8a40b5,2022-02,Gloucestershire Constabulary,Gloucestershire Constabulary,-2.458493,51.691323,On or near Market Place,E01022353,Stroud 012C,Violence and sexual offences,Unable to prosecute suspect,
825707993341253c194138242370a7420aaa6d4eaf18126b58f39b7f69b71316,2022-02,Gloucestershire Constabulary,Gloucestershire Constabulary,-2.458493,51.691323,On or near Market Place,E01022353,Stroud 012C,Violence and sexual offences,Unable to prosecute suspect,
fb51c104bc790ebcc7aaba3c080aaaa9b329f584aff9dbd3dd13e0c2fa0a2794,2022-02,Gloucestershire Constabulary,Gloucestershire Constabulary,-2.457000,51.695329,On or near Canon Park,E01022353,Stroud 012C,Violence and sexual offences,Unable to prosecute suspect,
2a684194c6e8264596480151342123c65f7fd9d6619bc6082172ec0dc3008a5f,2022-02,Gloucestershire Constabulary,Gloucestershire Constabulary,-2.402355,51.698676,On or near Berkeley Road,E01022413,Stroud 012D,Drugs,Unable to prosecute suspect,
,2022-02,Gloucestershire Constabulary,Gloucestershire Constabulary,-2.430539,51.668015,On or near Haycroft Lane,E01022413,Stroud 012D,Anti-social behaviour,,
,2022-02,Gloucestershire Constabulary,Gloucestershire Constabulary,-2.457956,51.655306,On or near A38,E01022413,Stroud 012D,Anti-social behaviour,,
791a0ea6c1ff4fed5b01190a8823af521b1a07b307df55889c9ea883a0c2e65c,2022-02,Gloucestershire Constabulary,Gloucestershire Constabulary,-2.434803,51.678402,On or near Church View,E01022413,Stroud 012D,Burglary,Investigation complete; no suspect identified,
9df7240a221437e40c35dba6653b4d926fdca0acb4d60b2041d58f3c45c0f569,2022-02,Gloucestershire Constabulary,Gloucestershire Constabulary,-2.405372,51.673679,On or near Pedestrian Subway,E01022413,Stroud 012D,Other theft,Investigation complete; no suspect identified,
0e79ca215afb117c76bf0257ddfc55dff0440c8d52169c87df755ddebd961344,2022-02,Gloucestershire Constabulary,Gloucestershire Constabulary,-2.457956,51.655306,On or near A38,E01022413,Stroud 012D,Public order,Investigation complete; no suspect identified,
26afef89c63f779ffa00467bd81a09dbd89e7e79008c5713b69315b96ba52999,2022-02,Gloucestershire Constabulary,Gloucestershire Constabulary,-2.457956,51.655306,On or near A38,E01022413,Stroud 012D,Public order,Unable to prosecute suspect,
a46480fbf4210c0787a6a890bd7d5507a4fb2b91c51617909c5785ebda416b7a,2022-02,Gloucestershire Constabulary,Gloucestershire Constabulary,-2.457956,51.655306,On or near A38,E01022413,Stroud 012D,Violence and sexual offences,Unable to prosecute suspect,
43e90a77364b355c031625bc9c8b4b6d586d086cd6eb8711a0d060c5d55927ac,2022-02,Gloucestershire Constabulary,Gloucestershire Constabulary,-2.458882,51.652461,On or near Petrol Station,E01022413,Stroud 012D,Violence and sexual offences,Unable to prosecute suspect,
5d0ab56ea0740c000f926c8b2496acaf7ed3a7e615cf0dfb5d5c3a6a04802036,2022-02,Gloucestershire Constabulary,Gloucestershire Constabulary,-2.223156,51.678537,On or near Bath Road,E01022385,Stroud 013A,Other theft,Investigation complete; no suspect identified,
013468ce86f32385e7e4c0ca99aef42ce54aca5cc5455b9fe73ac438075e07d7,2022-02,Gloucestershire Constabulary,Gloucestershire Constabulary,-2.235897,51.681308,On or near The Street,E01022385,Stroud 013A,Possession of weapons,Court result unavailable,
8ceeca8d052ac881a78da938180cf843696a0ef12bb1b4f3361ae61084795951,2022-02,Gloucestershire Constabulary,Gloucestershire Constabulary,-2.230533,51.675879,On or near Hay Lane,E01022385,Stroud 013A,Possession of weapons,Court result unavailable,
d967738f43d8f01bcb7a8cd52b2346e3cb118cf8a84d4ec5ec285f084f9704f2,2022-02,Gloucestershire Constabulary,Gloucestershire Constabulary,-2.217506,51.694669,On or near Church Street,E01022385,Stroud 013A,Public order,Court result unavailable,
3baad379548ea90ca72e339eb521fcad1546922200462d2ca5648a777a1b3caa,2022-02,Gloucestershire Constabulary,Gloucestershire Constabulary,-2.235897,51.681308,On or near The Street,E01022385,Stroud 013A,Public order,Court result unavailable,
848b2c433a49a62bfaced8b9c2dc4c1aa7c9209c8ad3c33bee31930054463165,2022-02,Gloucestershire Constabulary,Gloucestershire Constabulary,-2.216583,51.692369,On or near Upper Park Road,E01022385,Stroud 013A,Violence and sexual offences,Unable to prosecute suspect,
3244867bc894810bdd3e2f81edb1b7f514aea8139abba3c0da0c9c6275fc89a0,2022-02,Gloucestershire Constabulary,Gloucestershire Constabulary,-2.232135,51.692222,On or near Homefield,E01022385,Stroud 013A,Violence and sexual offences,Investigation complete; no suspect identified,
22a8caddf501d91b65f0978ea83e5a896a1bd745008b0f15f61b4788a3ce2496,2022-02,Gloucestershire Constabulary,Gloucestershire Constabulary,-2.217506,51.694669,On or near Church Street,E01022385,Stroud 013A,Violence and sexual offences,Court result unavailable,
,2022-02,Gloucestershire Constabulary,Gloucestershire Constabulary,-2.218164,51.696160,On or near Bridge Street,E01022386,Stroud 013B,Anti-social behaviour,,
,2022-02,Gloucestershire Constabulary,Gloucestershire Constabulary,-2.218955,51.695080,On or near Bus/Coach Station,E01022386,Stroud 013B,Anti-social behaviour,,
dc580f6878b530c9daf648cc992d45b6f4f11cb4df68527b1b0e4b211066295b,2022-02,Gloucestershire Constabulary,Gloucestershire Constabulary,-2.221127,51.701468,On or near Whip Lane,E01022386,Stroud 013B,Criminal damage and arson,Status update unavailable,
6d747c19d90898a98775183caec45d00375ae0a5dccd275295b36613eb9767ad,2022-02,Gloucestershire Constabulary,Gloucestershire Constabulary,-2.218955,51.695080,On or near Bus/Coach Station,E01022386,Stroud 013B,Criminal damage and arson,Investigation complete; no suspect identified,
fe0d0b628424a267439a59c88418e64cf1f0a70b337246d21f18c6f1fd40dc64,2022-02,Gloucestershire Constabulary,Gloucestershire Constabulary,-2.220175,51.696102,On or near Spring Hill,E01022386,Stroud 013B,Drugs,Formal action is not in the public interest,
3a47e1cd7f29e3287f968a4f70ea3424c470169c8ef9296abddad5001bc5fc12,2022-02,Gloucestershire Constabulary,Gloucestershire Constabulary,-2.218955,51.695080,On or near Bus/Coach Station,E01022386,Stroud 013B,Shoplifting,Local resolution,
a9f1cb95fed6e453e5a350130647c9e3b737f6c28a20a035cb662d377867c5fe,2022-02,Gloucestershire Constabulary,Gloucestershire Constabulary,-2.219239,51.693955,On or near Market Street,E01022386,Stroud 013B,Violence and sexual offences,Unable to prosecute suspect,
99737e6bcea9c40ecb211e0ef60244df944eec616c6b34c1ab04be2d72641a91,2022-02,Gloucestershire Constabulary,Gloucestershire Constabulary,-2.219239,51.693955,On or near Market Street,E01022386,Stroud 013B,Violence and sexual offences,Unable to prosecute suspect,
0e7d0f79d9de342a656108445e15a11eda2af49fe4d999c7b70ee4fd738e8080,2022-02,Gloucestershire Constabulary,Gloucestershire Constabulary,-2.221127,51.701468,On or near Whip Lane,E01022386,Stroud 013B,Violence and sexual offences,Status update unavailable,
,2022-02,Gloucestershire Constabulary,Gloucestershire Constabulary,-2.232762,51.698811,On or near Sports/Recreation Area,E01022387,Stroud 013C,Anti-social behaviour,,
24e7f1a1f20adee56862e42c7fc0054f50abcdde99d63f11caca92bbe0d70689,2022-02,Gloucestershire Constabulary,Gloucestershire Constabulary,-2.229616,51.706163,On or near Cow Lane,E01022387,Stroud 013C,Public order,Investigation complete; no suspect identified,
7fddbf3bd2c37ed169ccfe85f63113ab3368aee1401d7d300077dc7964d4bb15,2022-02,Gloucestershire Constabulary,Gloucestershire Constabulary,-2.229616,51.706163,On or near Cow Lane,E01022387,Stroud 013C,Public order,Unable to prosecute suspect,
e20a2947d20facd30c82c5713150c50b0c58c3d9292aefab375884a3a433a72d,2022-02,Gloucestershire Constabulary,Gloucestershire Constabulary,-2.226562,51.703220,On or near Stroud Road,E01022387,Stroud 013C,Vehicle crime,Investigation complete; no suspect identified,
0003b2ab728f7bfef79eaeaccc37321e976628d01e85f3667cea07b124be48d1,2022-02,Gloucestershire Constabulary,Gloucestershire Constabulary,-2.235722,51.700433,On or near Carters Way,E01022387,Stroud 013C,Violence and sexual offences,Unable to prosecute suspect,
43c177437cbd6ae56f5918017026547ef3d14756eee68ee228dd3c9cb3983768,2022-02,Gloucestershire Constabulary,Gloucestershire Constabulary,-2.232762,51.698811,On or near Sports/Recreation Area,E01022387,Stroud 013C,Violence and sexual offences,Unable to prosecute suspect,
75b7386ecfb818c5e71e0b9b1b0166fa462e2ecf558a15ba27bfeb1c2388027f,2022-02,Gloucestershire Constabulary,Gloucestershire Constabulary,-2.232762,51.698811,On or near Sports/Recreation Area,E01022387,Stroud 013C,Violence and sexual offences,Unable to prosecute suspect,
31922d0b279a4bf417e31c3e5244538da29447c821e2a89d5bd520cefeb3df45,2022-02,Gloucestershire Constabulary,Gloucestershire Constabulary,-2.229616,51.706163,On or near Cow Lane,E01022387,Stroud 013C,Violence and sexual offences,Unable to prosecute suspect,
71531785848719cd3a3f4363a3d01d104cb5da86e74c77afb7b160f63b7cfc20,2022-02,Gloucestershire Constabulary,Gloucestershire Constabulary,-2.232762,51.698811,On or near Sports/Recreation Area,E01022387,Stroud 013C,Violence and sexual offences,Unable to prosecute suspect,
9bf052f8f00fb538bc548ceb4f02c4fcf75f532624d4f16da7030d3c4441a3ee,2022-02,Gloucestershire Constabulary,Gloucestershire Constabulary,-2.232762,51.698811,On or near Sports/Recreation Area,E01022387,Stroud 013C,Violence and sexual offences,Unable to prosecute suspect,
43913be7c4effe42c250c6d2b3e2e632af87e1244633e41922bfa4579218bf7e,2022-02,Gloucestershire Constabulary,Gloucestershire Constabulary,-2.231430,51.695838,On or near Seven Acres Road,E01022388,Stroud 013D,Violence and sexual offences,Unable to prosecute suspect,
,2022-02,Gloucestershire Constabulary,Gloucestershire Constabulary,-2.232466,51.697445,On or near Lawnside,E01022388,Stroud 013D,Anti-social behaviour,,
dceb4288070aee22925e2d2a8ef8935038a7190c2e4a5e76a922ea2969fa062d,2022-02,Gloucestershire Constabulary,Gloucestershire Constabulary,-2.234446,51.697127,On or near Bunting Way,E01022388,Stroud 013D,Criminal damage and arson,Unable to prosecute suspect,
f14d98d14636106b84eb646b181672f17200d3ef58ad7a53c2d78db9cd86743e,2022-02,Gloucestershire Constabulary,Gloucestershire Constabulary,-2.234446,51.697127,On or near Bunting Way,E01022388,Stroud 013D,Violence and sexual offences,Unable to prosecute suspect,
564d2edd2e9e46e47e853057252f2c89725f84b19633a3cf5b66c6c7ee7f4c90,2022-02,Gloucestershire Constabulary,Gloucestershire Constabulary,-2.232466,51.697445,On or near Lawnside,E01022388,Stroud 013D,Violence and sexual offences,Unable to prosecute suspect,
5df9d49fa8b491e6e74676d0bc3bedffee60de5f1e93ce6af8283e70050d1f0e,2022-02,Gloucestershire Constabulary,Gloucestershire Constabulary,-2.227223,51.696485,On or near West Tynings,E01022388,Stroud 013D,Violence and sexual offences,Unable to prosecute suspect,
042a074d19ebf5345d3ed417977148588a941fa9132a9f727f66e4178a4fb69e,2022-02,Gloucestershire Constabulary,Gloucestershire Constabulary,-2.228274,51.698416,On or near Moffatt Road,E01022388,Stroud 013D,Violence and sexual offences,Unable to prosecute suspect,
f0938b69b7cd73026cfd8c50424eb025b1b1460be56b72db1e7978fe98138d0c,2022-02,Gloucestershire Constabulary,Gloucestershire Constabulary,-2.234446,51.697127,On or near Bunting Way,E01022388,Stroud 013D,Violence and sexual offences,Unable to prosecute suspect,
62916bc059151fecbb4d250e2f53fe8fc9de76ba5ea6949a1f92088400752f54,2022-02,Gloucestershire Constabulary,Gloucestershire Constabulary,-2.228274,51.698416,On or near Moffatt Road,E01022388,Stroud 013D,Violence and sexual offences,Unable to prosecute suspect,
2e52e23feb9c9bbdcdcc77e0797ea5a9fc838e01f77caf4a28a7ef03a0e4d57e,2022-02,Gloucestershire Constabulary,Gloucestershire Constabulary,-2.231430,51.695838,On or near Seven Acres Road,E01022388,Stroud 013D,Violence and sexual offences,Status update unavailable,
c273280ce360e1a54ae5e3a3dd1fec62d4b7a54be726f216ffa1006f500caca5,2022-02,Gloucestershire Constabulary,Gloucestershire Constabulary,-2.231430,51.695838,On or near Seven Acres Road,E01022388,Stroud 013D,Violence and sexual offences,Status update unavailable,
7155b4c42013666599971c6b4e50b9497cb06d4f910dd1e5ff20fa425fa7f4bc,2022-02,Gloucestershire Constabulary,Gloucestershire Constabulary,-2.232466,51.697445,On or near Lawnside,E01022388,Stroud 013D,Other crime,Formal action is not in the public interest,
d08bf28e1e7e854bb4036aec557d4666ebd97cedfb1263996fd9262dee17d392,2022-02,Gloucestershire Constabulary,Gloucestershire Constabulary,-2.233352,51.698244,On or near Sports/Recreation Area,E01022388,Stroud 013D,Other crime,Unable to prosecute suspect,
,2022-02,Gloucestershire Constabulary,Gloucestershire Constabulary,-2.363277,51.686486,On or near St David'S Crescent,E01022372,Stroud 014A,Anti-social behaviour,,
,2022-02,Gloucestershire Constabulary,Gloucestershire Constabulary,-2.353035,51.680844,On or near Silver Street,E01022372,Stroud 014A,Anti-social behaviour,,
3a40f071afbbaf0831310d6df88d5a95354bf6ba35bd16c2f30ef7b3c495e2a2,2022-02,Gloucestershire Constabulary,Gloucestershire Constabulary,-2.356266,51.681544,On or near Supermarket,E01022372,Stroud 014A,Criminal damage and arson,Investigation complete; no suspect identified,
99db8830e308abeb9bc48adaedd4e742bb3d81046ca02e5bccf5debb84b5a98f,2022-02,Gloucestershire Constabulary,Gloucestershire Constabulary,-2.356647,51.685823,On or near Rednock Drive,E01022372,Stroud 014A,Other theft,Investigation complete; no suspect identified,
7bbbe0d53b8cde7e1720eae4ac60ff68eb6a85ab952ae018f0e8293d24db356c,2022-02,Gloucestershire Constabulary,Gloucestershire Constabulary,-2.356266,51.681544,On or near Supermarket,E01022372,Stroud 014A,Public order,Investigation complete; no suspect identified,
8f5f9cf0635b1ece962240f6d6f365c9bd1d4df409598b0af546fa144b451f2b,2022-02,Gloucestershire Constabulary,Gloucestershire Constabulary,-2.362006,51.686723,On or near Olive Grove,E01022372,Stroud 014A,Public order,Unable to prosecute suspect,
7c5fef1b1f8c9acbc6ddeb1d8b810897335540f189c391ef1247e1d13aba4a97,2022-02,Gloucestershire Constabulary,Gloucestershire Constabulary,-2.363217,51.679041,On or near The Broadway,E01022372,Stroud 014A,Public order,Investigation complete; no suspect identified,
ad90fd8e0a67fd3e78b57f6590245d1ac4109a4f251eef94e06b1c879d19c21d,2022-02,Gloucestershire Constabulary,Gloucestershire Constabulary,-2.354287,51.680004,On or near The Slade,E01022372,Stroud 014A,Violence and sexual offences,Investigation complete; no suspect identified,
18cdbfa0c4be4abed0d26e3d19ebdf6d3eec5a3f8acf75a7b4a7d46dd3d438c0,2022-02,Gloucestershire Constabulary,Gloucestershire Constabulary,-2.338022,51.678973,On or near Uley Road,E01022373,Stroud 014B,Criminal damage and arson,Investigation complete; no suspect identified,
,2022-02,Gloucestershire Constabulary,Gloucestershire Constabulary,-2.349305,51.677321,On or near Reine Barnes Close,E01022374,Stroud 014C,Anti-social behaviour,,
,2022-02,Gloucestershire Constabulary,Gloucestershire Constabulary,-2.349395,51.681430,On or near Townsend Close,E01022374,Stroud 014C,Anti-social behaviour,,
aa05d81af2daeef7445ae6f551029e8552c7fe387e648eecaf9508fa379dc81c,2022-02,Gloucestershire Constabulary,Gloucestershire Constabulary,-2.352198,51.681062,On or near Parking Area,E01022374,Stroud 014C,Burglary,Investigation complete; no suspect identified,
bad01fa0f7944083960ab93650cbc670de70a447c41b85062629e7cb7412157c,2022-02,Gloucestershire Constabulary,Gloucestershire Constabulary,-2.347815,51.681012,On or near Brownings Lane,E01022374,Stroud 014C,Public order,Unable to prosecute suspect,
097e252b2046b37f406e78ef365fbca338d1a81abf2a2b0c15c728f5a377dc5c,2022-02,Gloucestershire Constabulary,Gloucestershire Constabulary,-2.355098,51.682015,On or near Castle Street,E01022374,Stroud 014C,Public order,Investigation complete; no suspect identified,
a4a3e8e00af7596e2a8d2d28ad92c83baf83821ad7c63b5e0ead6e5c5dc97a76,2022-02,Gloucestershire Constabulary,Gloucestershire Constabulary,-2.349600,51.677977,On or near Vizard Close,E01022374,Stroud 014C,Violence and sexual offences,Unable to prosecute suspect,
906bacd17d368b6fd6ad080610d92b77706fba67d39bd2e656605ce221d6aee5,2022-02,Gloucestershire Constabulary,Gloucestershire Constabulary,-2.352767,51.679900,On or near Henlow Drive,E01022374,Stroud 014C,Violence and sexual offences,Unable to prosecute suspect,
e26710363626cb5fed6a4d0f12897b48aee218313263e6c441348340ba08cd64,2022-02,Gloucestershire Constabulary,Gloucestershire Constabulary,-2.350441,51.682110,On or near Victoria Close,E01022374,Stroud 014C,Violence and sexual offences,Investigation complete; no suspect identified,
d5415f2a62c2649da3e2f4ee651da4de24f22d5289ca8d7a9fd87cd5abd3e835,2022-02,Gloucestershire Constabulary,Gloucestershire Constabulary,-2.348134,51.675463,On or near Welling Close,E01022374,Stroud 014C,Violence and sexual offences,Unable to prosecute suspect,
,2022-02,Gloucestershire Constabulary,Gloucestershire Constabulary,-2.362633,51.690992,On or near Bramble Drive,E01022375,Stroud 014D,Anti-social behaviour,,
,2022-02,Gloucestershire Constabulary,Gloucestershire Constabulary,-2.361626,51.689809,On or near Blackboys,E01022375,Stroud 014D,Anti-social behaviour,,
5e8ecf17a85869209f264db96a36ff7e4ebe21060876713babd96d186285f481,2022-02,Gloucestershire Constabulary,Gloucestershire Constabulary,-2.360277,51.689408,On or near Kingshill Park,E01022375,Stroud 014D,Violence and sexual offences,Investigation complete; no suspect identified,
df53bcd471bf23b454854a87522a1d676ce966e485a75fd4251636ebc337fba1,2022-02,Gloucestershire Constabulary,Gloucestershire Constabulary,-2.358237,51.691258,On or near Oak Drive,E01022375,Stroud 014D,Violence and sexual offences,Investigation complete; no suspect identified,
c2b37939b859c335979dcf674fd42cada093e1be10758d15442ff6303cfcdac3,2022-02,Gloucestershire Constabulary,Gloucestershire Constabulary,-2.360277,51.689408,On or near Kingshill Park,E01022375,Stroud 014D,Violence and sexual offences,Unable to prosecute suspect,
4e283296e1a8645e19581ac4736e1be3356d55d60ce646b01986d4776197c705,2022-02,Gloucestershire Constabulary,Gloucestershire Constabulary,-2.360277,51.689408,On or near Kingshill Park,E01022375,Stroud 014D,Violence and sexual offences,Unable to prosecute suspect,
74d87d0eeb7a2ea57cbc29738bf1ee6784c8406779cf8dd2b46975b96d9826ed,2022-02,Gloucestershire Constabulary,Gloucestershire Constabulary,-2.360655,51.691412,On or near St George'S Road,E01022375,Stroud 014D,Violence and sexual offences,Unable to prosecute suspect,
b7084e3abe1b77d8f0230887255b7118d228f4b0bc545fb14708e22caffa2053,2022-02,Gloucestershire Constabulary,Gloucestershire Constabulary,-2.358237,51.691258,On or near Oak Drive,E01022375,Stroud 014D,Violence and sexual offences,Investigation complete; no suspect identified,
da7be4294c36f8fcef209408cd6f968b1f0ac62640ed3aa861aecf6be417361d,2022-02,Gloucestershire Constabulary,Gloucestershire Constabulary,-2.393479,51.631218,On or near Wotton Road,E01022381,Stroud 015A,Criminal damage and arson,Investigation complete; no suspect identified,
90ad78a9f5a9aed7cc04a096652886cd5be45a1b92feb8cd365f09f36ea46563,2022-02,Gloucestershire Constabulary,Gloucestershire Constabulary,-2.366046,51.624518,On or near Orchard Walk,E01022381,Stroud 015A,Vehicle crime,Investigation complete; no suspect identified,
165aab76e7b691a8681c79732218a6c1f240aa935610113de70d296c91abb21e,2022-02,Gloucestershire Constabulary,Gloucestershire Constabulary,-2.364885,51.625619,On or near Laxton Drive,E01022381,Stroud 015A,Violence and sexual offences,Investigation complete; no suspect identified,
,2022-02,Gloucestershire Constabulary,Gloucestershire Constabulary,-2.353445,51.638763,On or near Berkeley Close,E01022415,Stroud 015B,Anti-social behaviour,,
b107e937bc33c5dafa1e585ca5985af0e6c11e3e8f9685b39b65cc29b1ea2ef5,2022-02,Gloucestershire Constabulary,Gloucestershire Constabulary,-2.374352,51.661320,On or near Barrs Lane,E01022415,Stroud 015B,Burglary,Investigation complete; no suspect identified,
13c84b2746c3c06b4f76492017f81f2acd38401b6bedfa051c5756ea8a8984bd,2022-02,Gloucestershire Constabulary,Gloucestershire Constabulary,-2.363453,51.627251,On or near Vineyard Lane,E01022415,Stroud 015B,Public order,Investigation complete; no suspect identified,
7c39aed9d36db4eaca48f3f0e4eeb1622dc1ee852ce67051d565f68907110cba,2022-02,Gloucestershire Constabulary,Gloucestershire Constabulary,-2.374352,51.661320,On or near Barrs Lane,E01022415,Stroud 015B,Public order,Court result unavailable,
14b4ce41901cb26714915cbde4a2099a5d7c37db7346673f4e226bffe201cf95,2022-02,Gloucestershire Constabulary,Gloucestershire Constabulary,-2.374352,51.661320,On or near Barrs Lane,E01022415,Stroud 015B,Public order,Court result unavailable,
dcd4b58a34460f3ea8e52724c145ba943098ef122642ab39094db703f0c5f448,2022-02,Gloucestershire Constabulary,Gloucestershire Constabulary,-2.374352,51.661320,On or near Barrs Lane,E01022415,Stroud 015B,Public order,Court result unavailable,
5f52b00dff4a9917f8b7a4f11d2eb9f49cd5557bf9455762337d1e64abff0a66,2022-02,Gloucestershire Constabulary,Gloucestershire Constabulary,-2.374352,51.661320,On or near Barrs Lane,E01022415,Stroud 015B,Other crime,Court result unavailable,
fff19adc51a0b6e0567b5b5cf57c5e696a2f7cd335ddd86e17c858d2f67b040d,2022-02,Gloucestershire Constabulary,Gloucestershire Constabulary,-2.344060,51.632084,On or near Wortley Road,E01022416,Stroud 015C,Vehicle crime,Investigation complete; no suspect identified,
510693a825341992efbaabd1b48bd4c315b30a8dbb7676280ff4708ecde09702,2022-02,Gloucestershire Constabulary,Gloucestershire Constabulary,-2.343237,51.637966,On or near Synwell Lane,E01022416,Stroud 015C,Violence and sexual offences,Unable to prosecute suspect,
239bc72c000c8e6b2eaad5f785f5f50f1e7e5ae688da5ae01aae375defab2ead,2022-02,Gloucestershire Constabulary,Gloucestershire Constabulary,-2.345059,51.636217,On or near Mount Pleasant,E01022416,Stroud 015C,Violence and sexual offences,Unable to prosecute suspect,
5c12fde26cccd7cf398fba1564907bfd8183f45993f7b50faa3950b785a3ea3a,2022-02,Gloucestershire Constabulary,Gloucestershire Constabulary,-2.342820,51.634434,On or near Locombe Place,E01022416,Stroud 015C,Violence and sexual offences,Unable to prosecute suspect,
,2022-02,Gloucestershire Constabulary,Gloucestershire Constabulary,-2.349068,51.637041,On or near Dyersbrook,E01022417,Stroud 015D,Anti-social behaviour,,
b12cd34728c93a5f3d2aab66202928ed7b5e48aade8d1597667e21895d0d8ec6,2022-02,Gloucestershire Constabulary,Gloucestershire Constabulary,-2.343717,51.638352,On or near Cotswold Gardens,E01022417,Stroud 015D,Burglary,Investigation complete; no suspect identified,
a4fbce9f8a71c39203f49c0f992b16fafce829e95533800a51c753468008ebdf,2022-02,Gloucestershire Constabulary,Gloucestershire Constabulary,-2.345355,51.639093,On or near Court Orchard,E01022417,Stroud 015D,Public order,Unable to prosecute suspect,
6e30b37592b24701fd3ae3e1b6a21d3780b2a5c5282f1252afe2c14389eb611c,2022-02,Gloucestershire Constabulary,Gloucestershire Constabulary,-2.343717,51.638352,On or near Cotswold Gardens,E01022417,Stroud 015D,Vehicle crime,Investigation complete; no suspect identified,
ba00c582427fe8231ad32b26edaa5d059206fd5794db7c965376d655812d9f21,2022-02,Gloucestershire Constabulary,Gloucestershire Constabulary,-2.349127,51.639064,On or near Culverhay,E01022417,Stroud 015D,Violence and sexual offences,Unable to prosecute suspect,
28dd0378f4c80ecc6f6eff805648ec6c96a17c8322e11ce4e914f1d71bd7a155,2022-02,Gloucestershire Constabulary,Gloucestershire Constabulary,-2.349127,51.639064,On or near Culverhay,E01022417,Stroud 015D,Violence and sexual offences,Unable to prosecute suspect,
,2022-02,Gloucestershire Constabulary,Gloucestershire Constabulary,-2.359643,51.638601,On or near Dryleaze Court,E01022418,Stroud 015E,Anti-social behaviour,,
,2022-02,Gloucestershire Constabulary,Gloucestershire Constabulary,-2.352815,51.637623,On or near Supermarket,E01022418,Stroud 015E,Anti-social behaviour,,
537109504771ab0dd2d0f6a20a13f87bbb03ae51ca089303ed0511ec7f2949bf,2022-02,Gloucestershire Constabulary,Gloucestershire Constabulary,-2.353253,51.636354,On or near Police Station,E01022418,Stroud 015E,Criminal damage and arson,Investigation complete; no suspect identified,
d5d37120db46ae5ac25ab144a80b7cceecbbaa1288d3cdd667167b58d4a96861,2022-02,Gloucestershire Constabulary,Gloucestershire Constabulary,-2.353253,51.636354,On or near Police Station,E01022418,Stroud 015E,Criminal damage and arson,Court result unavailable,
ce931af8bcff979aeed5bfc1ab0d0f8022f0a0df53621fe2e3b7e1bf16eaa49a,2022-02,Gloucestershire Constabulary,Gloucestershire Constabulary,-2.354278,51.638122,On or near High Street,E01022418,Stroud 015E,Other theft,Unable to prosecute suspect,
f027eeab25c5f3caf514260f97a0a6871fc146ccf4dd485e217a4ec24c58105f,2022-02,Gloucestershire Constabulary,Gloucestershire Constabulary,-2.352122,51.637742,On or near Long Street,E01022418,Stroud 015E,Public order,Formal action is not in the public interest,
89d9627db2293b0fa82ef2cdf6b5fbea5e4636a6baf3a17167a375f7db0daff9,2022-02,Gloucestershire Constabulary,Gloucestershire Constabulary,-2.353253,51.636354,On or near Police Station,E01022418,Stroud 015E,Public order,Court result unavailable,
bd65416911c195f1deda7b3e26249df1c1f0aa4ab9e1fa2ed78b99398983b2ca,2022-02,Gloucestershire Constabulary,Gloucestershire Constabulary,-2.352677,51.636626,On or near Beaumont Square,E01022418,Stroud 015E,Public order,Unable to prosecute suspect,
1327885aa85c30930da3c6d51f4a48661a87457aaab1233a09e202176c48d03b,2022-02,Gloucestershire Constabulary,Gloucestershire Constabulary,-2.353897,51.637395,On or near Market Street,E01022418,Stroud 015E,Public order,Local resolution,
4befb455d03fbdff82b209d85f994e30fa10879350e6f60d4ac76cab2ffeb8c2,2022-02,Gloucestershire Constabulary,Gloucestershire Constabulary,-2.359643,51.638601,On or near Dryleaze Court,E01022418,Stroud 015E,Public order,Investigation complete; no suspect identified,
b288bfec75e136ef7176f5d9420e531ec9585e236d7167650ae8e96b7a222252,2022-02,Gloucestershire Constabulary,Gloucestershire Constabulary,-2.352815,51.637623,On or near Supermarket,E01022418,Stroud 015E,Shoplifting,Investigation complete; no suspect identified,
2e042b94ea52da151e1d391dcc11a98d574bf8132bf940c00204bd1352cae93e,2022-02,Gloucestershire Constabulary,Gloucestershire Constabulary,-2.352815,51.637623,On or near Supermarket,E01022418,Stroud 015E,Shoplifting,Unable to prosecute suspect,
c3be59bfd158a1f355c5be7b7238e8ea974a60727e13627bed732aaf4cbf9142,2022-02,Gloucestershire Constabulary,Gloucestershire Constabulary,-2.352122,51.637742,On or near Long Street,E01022418,Stroud 015E,Shoplifting,Formal action is not in the public interest,
64fcc34b64f96615f5e82986bda2cc379de0c1fd10f1163d6cc28b7556fc8cef,2022-02,Gloucestershire Constabulary,Gloucestershire Constabulary,-2.352815,51.637623,On or near Supermarket,E01022418,Stroud 015E,Violence and sexual offences,Unable to prosecute suspect,
e188a3cfa6b69f3b9c3ea901a45da6fd17660d73ec07c3989253f539014576ec,2022-02,Gloucestershire Constabulary,Gloucestershire Constabulary,-2.359643,51.638601,On or near Dryleaze Court,E01022418,Stroud 015E,Violence and sexual offences,Investigation complete; no suspect identified,
375a0c720b890a4700b28d491cffb96e96c80e8ececf10a40eeda2e3e00e5168,2022-02,Gloucestershire Constabulary,Gloucestershire Constabulary,-2.111364,52.003467,On or near Elm Road,E01022450,Tewkesbury 001B,Violence and sexual offences,Awaiting court outcome,
,2022-02,Gloucestershire Constabulary,Gloucestershire Constabulary,-2.111364,52.003467,On or near Elm Road,E01022450,Tewkesbury 001B,Anti-social behaviour,,
,2022-02,Gloucestershire Constabulary,Gloucestershire Constabulary,-2.114537,52.002232,On or near Ash Road,E01022450,Tewkesbury 001B,Anti-social behaviour,,
70378aadfee39c10b100e19aafed53cf36644df8ee29f873dc99589476030940,2022-02,Gloucestershire Constabulary,Gloucestershire Constabulary,-2.111114,52.002541,On or near Woodward Close,E01022450,Tewkesbury 001B,Burglary,Investigation complete; no suspect identified,
bf963d5e71af8e8e7a29090685d95e2b3df204447e6dd213d1a1f8e304074585,2022-02,Gloucestershire Constabulary,Gloucestershire Constabulary,-2.114584,52.003788,On or near Sycamore Road,E01022450,Tewkesbury 001B,Public order,Unable to prosecute suspect,
7f0fee168b36107a0e7d2006e66141bf736b67657d1d856f5a760ea2e0d52236,2022-02,Gloucestershire Constabulary,Gloucestershire Constabulary,-2.109897,52.005060,On or near Grange Court,E01022450,Tewkesbury 001B,Shoplifting,Investigation complete; no suspect identified,
830e0f20263c299e22e3837faed4fbde1170685049e420e71f30af088bde142f,2022-02,Gloucestershire Constabulary,Gloucestershire Constabulary,-2.114537,52.002232,On or near Ash Road,E01022450,Tewkesbury 001B,Violence and sexual offences,Unable to prosecute suspect,
f7beb9dd9bd67d130a7ebec9af31621a30d1982af36d89c750de6985a9dbcba4,2022-02,Gloucestershire Constabulary,Gloucestershire Constabulary,-2.114537,52.002232,On or near Ash Road,E01022450,Tewkesbury 001B,Violence and sexual offences,Unable to prosecute suspect,
715b9b1879e25e0a1b0836fbc284edb5d331fb40c300f98fb9b8099c9c18ff9b,2022-02,Gloucestershire Constabulary,Gloucestershire Constabulary,-2.114537,52.002232,On or near Ash Road,E01022450,Tewkesbury 001B,Violence and sexual offences,Unable to prosecute suspect,
643ce0526c1e9ee4650939b4c2d7b3dff7920ce595a5c5c6b938eb6f8828d3bf,2022-02,Gloucestershire Constabulary,Gloucestershire Constabulary,-2.114537,52.002232,On or near Ash Road,E01022450,Tewkesbury 001B,Violence and sexual offences,Court result unavailable,
4ecd27abdbaa995f570b8313902e4264e551d8ca3769db651ded1b5060c98849,2022-02,Gloucestershire Constabulary,Gloucestershire Constabulary,-2.114584,52.003788,On or near Sycamore Road,E01022450,Tewkesbury 001B,Violence and sexual offences,Unable to prosecute suspect,
2011ab2aad648e6e7c64bc8c5a350d4bbc4f4195e18e875a0d0bb17800a75c82,2022-02,Gloucestershire Constabulary,Gloucestershire Constabulary,-2.114584,52.003788,On or near Sycamore Road,E01022450,Tewkesbury 001B,Other crime,Unable to prosecute suspect,
388bf88015662c516442d0328f7268ca50840739a47a229deff0a4a3b68f5186,2022-02,Gloucestershire Constabulary,Gloucestershire Constabulary,-2.117366,52.009134,On or near Tug Wilson Close,E01022451,Tewkesbury 001C,Vehicle crime,Investigation complete; no suspect identified,
9fc97c8b433e9a03fe7a836a809fa22321d1f9ec21e0ab5c28462e1381f9ae50,2022-02,Gloucestershire Constabulary,Gloucestershire Constabulary,-2.113794,52.008194,On or near George Dowty Drive,E01022451,Tewkesbury 001C,Violence and sexual offences,Action to be taken by another organisation,
90477c1ef5617ac51db7e46714f78e4c398c37a841700ea5696ab0c04ad79128,2022-02,Gloucestershire Constabulary,Gloucestershire Constabulary,-2.113794,52.008194,On or near George Dowty Drive,E01022451,Tewkesbury 001C,Violence and sexual offences,Action to be taken by another organisation,
a1d46495722fc8da989bd07a648c2ffd570281a14e2d7357d24abfa2078d5e59,2022-02,Gloucestershire Constabulary,Gloucestershire Constabulary,-2.119521,52.003297,On or near Oak Drive,E01022452,Tewkesbury 001D,Criminal damage and arson,Investigation complete; no suspect identified,
31f1b23d4bcf4e75a9f33fc2fe712c6b0a1941caf07a489397401e0fde7e94ce,2022-02,Gloucestershire Constabulary,Gloucestershire Constabulary,-2.115644,52.002303,On or near Stanford Road,E01022452,Tewkesbury 001D,Criminal damage and arson,Investigation complete; no suspect identified,
89a68e87c0b7e36278d347086f77d06bf58c955201613a582d22d90609776d25,2022-02,Gloucestershire Constabulary,Gloucestershire Constabulary,-2.116461,52.002725,On or near Howard Close,E01022452,Tewkesbury 001D,Criminal damage and arson,Unable to prosecute suspect,
53031ed53ba57b96831420b9bf0bdb3588f148d87a2206dab6a3fc911d137675,2022-02,Gloucestershire Constabulary,Gloucestershire Constabulary,-2.120196,51.999772,On or near Alexandra Way,E01022452,Tewkesbury 001D,Drugs,Court result unavailable,
bec75356b3b613ce5bc1acb5b03e31f031b014f2de61d1d66620858b210e3463,2022-02,Gloucestershire Constabulary,Gloucestershire Constabulary,-2.115644,52.002303,On or near Stanford Road,E01022452,Tewkesbury 001D,Violence and sexual offences,Investigation complete; no suspect identified,
0ab3b1baa795ec0bd902fbbd3ed9d19aad644f7b253bf1eab751cb18687a0972,2022-02,Gloucestershire Constabulary,Gloucestershire Constabulary,-2.116059,52.005027,On or near Well Close,E01022452,Tewkesbury 001D,Violence and sexual offences,Court result unavailable,
bd62537f22bc51525b11dadfb2c5a68a8a423ea80b2b0c454d89daa917af10fb,2022-02,Gloucestershire Constabulary,Gloucestershire Constabulary,-2.128989,51.997785,On or near Furrowfield Park,E01022455,Tewkesbury 001E,Drugs,Court result unavailable,
,2022-02,Gloucestershire Constabulary,Gloucestershire Constabulary,-2.146851,51.995022,On or near Supermarket,E01022455,Tewkesbury 001E,Anti-social behaviour,,
,2022-02,Gloucestershire Constabulary,Gloucestershire Constabulary,-2.135831,51.996734,On or near Springfield,E01022455,Tewkesbury 001E,Anti-social behaviour,,
61b70023133f52b27a5409bd08b3c05c2f2e23ad6a3adfd18cc591da1ff0083c,2022-02,Gloucestershire Constabulary,Gloucestershire Constabulary,-2.146851,51.995022,On or near Supermarket,E01022455,Tewkesbury 001E,Bicycle theft,Court result unavailable,
1d7b13f05daee701cc7a5c10e78ebbf60f84278cf5792867a13aeab81fe3a8d5,2022-02,Gloucestershire Constabulary,Gloucestershire Constabulary,-2.127613,52.000798,On or near Beta Close,E01022455,Tewkesbury 001E,Burglary,Investigation complete; no suspect identified,
456b7d6ac791f0fa5724a302c85ff47f392a764df8ffc0f0247c245cd0c4c6ff,2022-02,Gloucestershire Constabulary,Gloucestershire Constabulary,-2.132916,51.995992,On or near Walton Close,E01022455,Tewkesbury 001E,Criminal damage and arson,Investigation complete; no suspect identified,
337dbc9d752e04badce886891a88b34d8923fc8dd131e3b5d08255aeca7876d0,2022-02,Gloucestershire Constabulary,Gloucestershire Constabulary,-2.146851,51.995022,On or near Supermarket,E01022455,Tewkesbury 001E,Other theft,Investigation complete; no suspect identified,
0b7fe18b51a11f02919629d3fc59d440b34fd1f2446cec3254bfdbd531c9a621,2022-02,Gloucestershire Constabulary,Gloucestershire Constabulary,-2.137297,51.995186,On or near Spa Gardens,E01022455,Tewkesbury 001E,Other theft,Investigation complete; no suspect identified,
d606b366ad13efea7d24e3dff1f625223e2d82a1ee7d7cbf81401537e830cb0e,2022-02,Gloucestershire Constabulary,Gloucestershire Constabulary,-2.132916,51.995992,On or near Walton Close,E01022455,Tewkesbury 001E,Other theft,Investigation complete; no suspect identified,
834690feed6117d636fe4d582406b71f0eb1b04f2fe59f5deef69ebd152bee80,2022-02,Gloucestershire Constabulary,Gloucestershire Constabulary,-2.138195,51.993423,On or near Tretawn Gardens,E01022455,Tewkesbury 001E,Violence and sexual offences,Unable to prosecute suspect,
2525bd6bbd0e43326324bfd10e94ede2db5c9a67d1536bc91c07643f40404de9,2022-02,Gloucestershire Constabulary,Gloucestershire Constabulary,-2.132916,51.995992,On or near Walton Close,E01022455,Tewkesbury 001E,Violence and sexual offences,Investigation complete; no suspect identified,
f002ad178c40f890948c7a247016ffee79ee1c2d4c14b4272864a0e6083da09e,2022-02,Gloucestershire Constabulary,Gloucestershire Constabulary,-2.138195,51.993423,On or near Tretawn Gardens,E01022455,Tewkesbury 001E,Violence and sexual offences,Unable to prosecute suspect,
,2022-02,Gloucestershire Constabulary,Gloucestershire Constabulary,-2.140789,51.980114,On or near Cornflower Close,E01032938,Tewkesbury 001F,Anti-social behaviour,,
c46993983a4f16307c4be17097d96ecc66c74d605828d035275ac749a6a5b4b7,2022-02,Gloucestershire Constabulary,Gloucestershire Constabulary,-2.085334,51.996692,On or near Ellendene Drive,E01032938,Tewkesbury 001F,Criminal damage and arson,Investigation complete; no suspect identified,
de6b12c3ed4c0c7247613b5c81a8a68fc1759fa093ccacf21f27bc6424f57f2f,2022-02,Gloucestershire Constabulary,Gloucestershire Constabulary,-2.085334,51.996692,On or near Ellendene Drive,E01032938,Tewkesbury 001F,Public order,Investigation complete; no suspect identified,
9124eab313020a4bf31651e4ef4482fe02bb352d53c8baad559c9561d689e513,2022-02,Gloucestershire Constabulary,Gloucestershire Constabulary,-2.116488,51.996620,On or near Petrol Station,E01032938,Tewkesbury 001F,Shoplifting,Unable to prosecute suspect,
04bed41b8e65eb41c7cd5b7b5ac431c010f7b60e06744a2011732224a3211c44,2022-02,Gloucestershire Constabulary,Gloucestershire Constabulary,-2.094293,51.997584,On or near Sports/Recreation Area,E01032938,Tewkesbury 001F,Violence and sexual offences,Formal action is not in the public interest,
46e2a30cea0caaf44dbcf942f188903ecb8b256df0917c374cdc7561b3fda25e,2022-02,Gloucestershire Constabulary,Gloucestershire Constabulary,-2.103587,51.998116,On or near St Patricks Road,E01032938,Tewkesbury 001F,Violence and sexual offences,Status update unavailable,
213b15b40281f423f546be34c5616c07a19e16a9507c955e7e9d4563896833df,2022-02,Gloucestershire Constabulary,Gloucestershire Constabulary,-2.101693,51.997713,On or near Tirlebrook Grange,E01032938,Tewkesbury 001F,Violence and sexual offences,Formal action is not in the public interest,
407de5cfdbda67962b73794d83009e42cc22bc553a01c0fecdd2853d5df25434,2022-02,Gloucestershire Constabulary,Gloucestershire Constabulary,-2.084537,51.999093,On or near B4079,E01032938,Tewkesbury 001F,Violence and sexual offences,Investigation complete; no suspect identified,
b11e2d24176f679089d83c61d4af30cfed84ba5431a4568fd0bc5e465faa982d,2022-02,Gloucestershire Constabulary,Gloucestershire Constabulary,-2.103587,51.998116,On or near St Patricks Road,E01032938,Tewkesbury 001F,Violence and sexual offences,Unable to prosecute suspect,
,2022-02,Gloucestershire Constabulary,Gloucestershire Constabulary,-2.144458,51.979902,On or near Half Acre Close,E01032939,Tewkesbury 001G,Anti-social behaviour,,
97d5322c53371eb651a6193ac3992a46ed7364a8386710cecd22cb0ce1b04e15,2022-02,Gloucestershire Constabulary,Gloucestershire Constabulary,-2.145391,51.985026,On or near Millennium Close,E01032939,Tewkesbury 001G,Vehicle crime,Investigation complete; no suspect identified,
7179bd3f8d26c0a7e61ae08e4b528fafab58da607798b85b772a8aa6457bce94,2022-02,Gloucestershire Constabulary,Gloucestershire Constabulary,-2.142219,51.981155,On or near Monterey Road,E01032939,Tewkesbury 001G,Violence and sexual offences,Unable to prosecute suspect,
e2efa1662fbb09da1f89216f93ed15de951f4c4647edd367ddf51ea44d2f47ee,2022-02,Gloucestershire Constabulary,Gloucestershire Constabulary,-2.143865,51.985846,On or near Snowdonia Road,E01032939,Tewkesbury 001G,Violence and sexual offences,Formal action is not in the public interest,
,2022-02,Gloucestershire Constabulary,Gloucestershire Constabulary,-2.137402,51.981853,On or near Foxglove Walk,E01032940,Tewkesbury 001H,Anti-social behaviour,,
1257a69682104a119a0a44cc735d5673f13f9e746bf47ba8f6c67c589a9f416d,2022-02,Gloucestershire Constabulary,Gloucestershire Constabulary,-2.162963,51.984014,On or near Battle Road,E01022456,Tewkesbury 002A,Vehicle crime,Investigation complete; no suspect identified,
0b255f187095c09e36d5108db4d3b2017f7a9aedff3379cdcdd197f8441119eb,2022-02,Gloucestershire Constabulary,Gloucestershire Constabulary,-2.151057,51.981117,On or near Edward Place,E01022456,Tewkesbury 002A,Vehicle crime,Investigation complete; no suspect identified,
31829b6e6f6ee7258e8608f3299a4fc25e4f910dee4cafb7b9500229da81b221,2022-02,Gloucestershire Constabulary,Gloucestershire Constabulary,-2.156354,51.984311,On or near Abbot'S Road,E01022457,Tewkesbury 002B,Burglary,Investigation complete; no suspect identified,
d0a5281c2acf8cc090a32cc56bc35ef71660e3a171cb41428632bc68a91a948a,2022-02,Gloucestershire Constabulary,Gloucestershire Constabulary,-2.154791,51.983054,On or near York Road,E01022457,Tewkesbury 002B,Criminal damage and arson,Unable to prosecute suspect,
2003f32944b861e4d28cae865dbc589005c123c592b2dbdb835890ce7deff05e,2022-02,Gloucestershire Constabulary,Gloucestershire Constabulary,-2.152771,51.984064,On or near Devonshire Place,E01022457,Tewkesbury 002B,Criminal damage and arson,Unable to prosecute suspect,
cb0fc41d6ae82fb1b667abda4b9677a78ca77589fd63f3d873f858545aabccf7,2022-02,Gloucestershire Constabulary,Gloucestershire Constabulary,-2.152258,51.983138,On or near Coventry Close,E01022457,Tewkesbury 002B,Other theft,Investigation complete; no suspect identified,
a306e1e08187e688273d14cd6391c092c5ab6dacba2bebc4726b8515e660a321,2022-02,Gloucestershire Constabulary,Gloucestershire Constabulary,-2.159119,51.983965,On or near Gloucester Road,E01022457,Tewkesbury 002B,Violence and sexual offences,Investigation complete; no suspect identified,
,2022-02,Gloucestershire Constabulary,Gloucestershire Constabulary,-2.152966,51.985907,On or near Warwick Place,E01022458,Tewkesbury 002C,Anti-social behaviour,,
93c239ca5bb995a371252ec7f8dbdf8a3a2d0ee9b20336a458c7f3807e9ff253,2022-02,Gloucestershire Constabulary,Gloucestershire Constabulary,-2.156054,51.986154,On or near St Benedicts Close,E01022458,Tewkesbury 002C,Burglary,Investigation complete; no suspect identified,
ee1ef034ac5808191e4625007a773e334eca810a205a7e727adc94b599968b94,2022-02,Gloucestershire Constabulary,Gloucestershire Constabulary,-2.156054,51.986154,On or near St Benedicts Close,E01022458,Tewkesbury 002C,Criminal damage and arson,Unable to prosecute suspect,
fa5ea0afbf711b97281b0acc6ffe2cbcea8d6c4e32f285f7884b98f37a9468c8,2022-02,Gloucestershire Constabulary,Gloucestershire Constabulary,-2.156054,51.986154,On or near St Benedicts Close,E01022458,Tewkesbury 002C,Criminal damage and arson,Unable to prosecute suspect,
0a9be1f63fbff6d8489edd19f557a9017b7e00ef1ff5fa3a2e73cf0c71449717,2022-02,Gloucestershire Constabulary,Gloucestershire Constabulary,-2.157889,51.986134,On or near Foresters Road,E01022458,Tewkesbury 002C,Criminal damage and arson,Unable to prosecute suspect,
5c380242f78f9b18defdae3224cea5328f643b6658cbcd4e90fce3dcfa07ad47,2022-02,Gloucestershire Constabulary,Gloucestershire Constabulary,-2.152124,51.986573,On or near Queens Road,E01022458,Tewkesbury 002C,Criminal damage and arson,Investigation complete; no suspect identified,
dad6bc0fe8cf7dcc02747bdee6a26709bb341721cde75de7cb5212823b33c7f5,2022-02,Gloucestershire Constabulary,Gloucestershire Constabulary,-2.157889,51.986134,On or near Foresters Road,E01022458,Tewkesbury 002C,Other theft,Investigation complete; no suspect identified,
7ba21bfed3a4147b29c2889a222994cc16a137a5d440bd24a774b5535693a513,2022-02,Gloucestershire Constabulary,Gloucestershire Constabulary,-2.153915,51.990733,On or near Lanescourt,E01022458,Tewkesbury 002C,Possession of weapons,Offender given a caution,
889c1056af5a2c9b26c289b4b0e26e987fa12a385c6e896cfcc2188b553c5bba,2022-02,Gloucestershire Constabulary,Gloucestershire Constabulary,-2.157193,51.987016,On or near Abbey View,E01022458,Tewkesbury 002C,Public order,Unable to prosecute suspect,
95daad16313faed249ea3d1cf596f2ce282a8b52a8f0a066d344a44b83631cef,2022-02,Gloucestershire Constabulary,Gloucestershire Constabulary,-2.156054,51.986154,On or near St Benedicts Close,E01022458,Tewkesbury 002C,Violence and sexual offences,Investigation complete; no suspect identified,
8e6c63438791814b1404ee6c26bdf558ce353f72933bfb816b5afe9bfb11afac,2022-02,Gloucestershire Constabulary,Gloucestershire Constabulary,-2.156054,51.986154,On or near St Benedicts Close,E01022458,Tewkesbury 002C,Violence and sexual offences,Formal action is not in the public interest,
62be5964476d6b07b1d641b4867b882ca9ef641323c3c320a398d928457671f2,2022-02,Gloucestershire Constabulary,Gloucestershire Constabulary,-2.157889,51.986134,On or near Foresters Road,E01022458,Tewkesbury 002C,Violence and sexual offences,Unable to prosecute suspect,
2589fb5a3423aa0e305cb5809862c4ba675dcf950e48628fb0f795774616ed5c,2022-02,Gloucestershire Constabulary,Gloucestershire Constabulary,-2.154084,51.989016,On or near Wenlock Road,E01022458,Tewkesbury 002C,Violence and sexual offences,Unable to prosecute suspect,
8894876fba28fa8862c5052b9f0c9cf64c2601155d596f43d29ebacddf91910b,2022-02,Gloucestershire Constabulary,Gloucestershire Constabulary,-2.154084,51.989016,On or near Wenlock Road,E01022458,Tewkesbury 002C,Violence and sexual offences,Unable to prosecute suspect,
28e4262dd976b7f0fb1628b2668b7eb2cc40617d01009d36bd5982a462c263cb,2022-02,Gloucestershire Constabulary,Gloucestershire Constabulary,-2.154084,51.989016,On or near Wenlock Road,E01022458,Tewkesbury 002C,Violence and sexual offences,Unable to prosecute suspect,
91ea075c21fb4a773785ac1f6fca1e79955044070ac466db9fb2802ab99ce012,2022-02,Gloucestershire Constabulary,Gloucestershire Constabulary,-2.154084,51.989016,On or near Wenlock Road,E01022458,Tewkesbury 002C,Violence and sexual offences,Unable to prosecute suspect,
fd6d46f2ce17dd6ae57154e8bc1c190b4fb21b2c432d7166d7921d72a306aacb,2022-02,Gloucestershire Constabulary,Gloucestershire Constabulary,-2.152124,51.986573,On or near Queens Road,E01022458,Tewkesbury 002C,Violence and sexual offences,Formal action is not in the public interest,
bd99b3b822fe759a6e92a101bc39004bfadc356612f1401d8c72222a04b03c85,2022-02,Gloucestershire Constabulary,Gloucestershire Constabulary,-2.157889,51.986134,On or near Foresters Road,E01022458,Tewkesbury 002C,Violence and sexual offences,Unable to prosecute suspect,
5e02e5a74ba4c1436156972ecc5b652a59dcc89c3934c6945eac9240854e350a,2022-02,Gloucestershire Constabulary,Gloucestershire Constabulary,-2.152124,51.986573,On or near Queens Road,E01022458,Tewkesbury 002C,Violence and sexual offences,Formal action is not in the public interest,
9c469907417235514535ad1053d000258fb238e71333e9c9c97f0b0eccb77fd5,2022-02,Gloucestershire Constabulary,Gloucestershire Constabulary,-2.155022,51.986767,On or near Despenser Road,E01022458,Tewkesbury 002C,Violence and sexual offences,Unable to prosecute suspect,
5852151f3f198ecda6fc22342837824ff903ab0fc2f827dcfea89027c90a0230,2022-02,Gloucestershire Constabulary,Gloucestershire Constabulary,-2.152966,51.985907,On or near Warwick Place,E01022458,Tewkesbury 002C,Violence and sexual offences,Investigation complete; no suspect identified,
fca51ee2786d9e14e7ad26c7de1a9caca8f743918c32aaa0411475b0099240aa,2022-02,Gloucestershire Constabulary,Gloucestershire Constabulary,-2.154084,51.989016,On or near Wenlock Road,E01022458,Tewkesbury 002C,Violence and sexual offences,Unable to prosecute suspect,
ed42eef991f43361e473dbd6203a3548a67610ca9c5a3871f2b40e69fb37fb30,2022-02,Gloucestershire Constabulary,Gloucestershire Constabulary,-2.156972,51.986270,On or near Belfry Drive,E01022458,Tewkesbury 002C,Violence and sexual offences,Court result unavailable,
88cc16912a174646fd41f81e9db668c72f84278edcf3e5864f4f2c06ed8a7b7c,2022-02,Gloucestershire Constabulary,Gloucestershire Constabulary,-2.156054,51.986154,On or near St Benedicts Close,E01022458,Tewkesbury 002C,Violence and sexual offences,Unable to prosecute suspect,
685d85bc2e83403510f39458d1d64ab683c3854f0c6f63cbfcf4e82ef15d7855,2022-02,Gloucestershire Constabulary,Gloucestershire Constabulary,-2.157889,51.986134,On or near Foresters Road,E01022458,Tewkesbury 002C,Violence and sexual offences,Unable to prosecute suspect,
c2d1d35f6970768e8c9d181237841404011ab72e9795217baf2813f3fcd4469e,2022-02,Gloucestershire Constabulary,Gloucestershire Constabulary,-2.156054,51.986154,On or near St Benedicts Close,E01022458,Tewkesbury 002C,Violence and sexual offences,Unable to prosecute suspect,
,2022-02,Gloucestershire Constabulary,Gloucestershire Constabulary,-2.160094,51.991939,On or near St Mary'S Lane,E01022459,Tewkesbury 002D,Anti-social behaviour,,
,2022-02,Gloucestershire Constabulary,Gloucestershire Constabulary,-2.157355,51.991547,On or near Swilgate Road,E01022459,Tewkesbury 002D,Anti-social behaviour,,
,2022-02,Gloucestershire Constabulary,Gloucestershire Constabulary,-2.155518,51.995227,On or near Parking Area,E01022459,Tewkesbury 002D,Anti-social behaviour,,
,2022-02,Gloucestershire Constabulary,Gloucestershire Constabulary,-2.157535,51.993228,On or near Supermarket,E01022459,Tewkesbury 002D,Anti-social behaviour,,
,2022-02,Gloucestershire Constabulary,Gloucestershire Constabulary,-2.154353,51.995426,On or near Parking Area,E01022459,Tewkesbury 002D,Anti-social behaviour,,
,2022-02,Gloucestershire Constabulary,Gloucestershire Constabulary,-2.155233,51.992880,On or near Police Station,E01022459,Tewkesbury 002D,Anti-social behaviour,,
,2022-02,Gloucestershire Constabulary,Gloucestershire Constabulary,-2.156696,51.994731,On or near High Street,E01022459,Tewkesbury 002D,Anti-social behaviour,,
,2022-02,Gloucestershire Constabulary,Gloucestershire Constabulary,-2.155111,51.995560,On or near Supermarket,E01022459,Tewkesbury 002D,Anti-social behaviour,,
,2022-02,Gloucestershire Constabulary,Gloucestershire Constabulary,-2.157535,51.993228,On or near Supermarket,E01022459,Tewkesbury 002D,Anti-social behaviour,,
,2022-02,Gloucestershire Constabulary,Gloucestershire Constabulary,-2.156696,51.994731,On or near High Street,E01022459,Tewkesbury 002D,Anti-social behaviour,,
e7c873e374df90be5be4b97ca2211f75d30d1cc907889c0c42d5de26ce8f7973,2022-02,Gloucestershire Constabulary,Gloucestershire Constabulary,-2.154353,51.995426,On or near Parking Area,E01022459,Tewkesbury 002D,Bicycle theft,Unable to prosecute suspect,
996f4abce2a5b93097565e28931f26dee1a818804e92f0fcc43af4146acce88c,2022-02,Gloucestershire Constabulary,Gloucestershire Constabulary,-2.157535,51.993228,On or near Supermarket,E01022459,Tewkesbury 002D,Burglary,Investigation complete; no suspect identified,
9830103be07c25e2b613f2ea7fc2f1132a35df60c1b4d310ff9e27cd3a7267e2,2022-02,Gloucestershire Constabulary,Gloucestershire Constabulary,-2.155518,51.995227,On or near Parking Area,E01022459,Tewkesbury 002D,Burglary,Investigation complete; no suspect identified,
869f26dd8b6fcb229ee1b909da66f569ebbfd9227252591303a7c69dbab75b12,2022-02,Gloucestershire Constabulary,Gloucestershire Constabulary,-2.157120,51.995197,On or near Quay Street,E01022459,Tewkesbury 002D,Drugs,Local resolution,
e2dde9f3f14f566061950534e037841052a7c0ab865e5ced8fca78f3123b55bf,2022-02,Gloucestershire Constabulary,Gloucestershire Constabulary,-2.160210,51.991687,On or near Smiths Court,E01022459,Tewkesbury 002D,Other theft,Investigation complete; no suspect identified,
c13fb4d8208d018a8e2031738411504f742d5488cf006c43e4c05b2b712b5c78,2022-02,Gloucestershire Constabulary,Gloucestershire Constabulary,-2.158362,51.992310,On or near Post Office Lane,E01022459,Tewkesbury 002D,Other theft,Investigation complete; no suspect identified,
880a78d9bdfc345bf1dc1d3ef7c08c6781990f9d2d60fca1cc2bcf4b207f76e8,2022-02,Gloucestershire Constabulary,Gloucestershire Constabulary,-2.157535,51.993228,On or near Supermarket,E01022459,Tewkesbury 002D,Public order,Investigation complete; no suspect identified,
dffc56eaa742e649a50996874f8b5f9216e1a4bb16850fe5bed45bace26167a0,2022-02,Gloucestershire Constabulary,Gloucestershire Constabulary,-2.158362,51.992310,On or near Post Office Lane,E01022459,Tewkesbury 002D,Public order,Unable to prosecute suspect,
b5506628d603b2d99dda0013649244be35b6d20edbd69502bfb82bf20b9e486d,2022-02,Gloucestershire Constabulary,Gloucestershire Constabulary,-2.157120,51.995197,On or near Quay Street,E01022459,Tewkesbury 002D,Violence and sexual offences,Unable to prosecute suspect,
d77d35411aa3d7f7a93687e14f7660023310a2b3b64daac16e69e5923b77cd87,2022-02,Gloucestershire Constabulary,Gloucestershire Constabulary,-2.156643,51.992015,On or near Compton'S Alley,E01022459,Tewkesbury 002D,Violence and sexual offences,Investigation complete; no suspect identified,
0a6a2685c639e658c14a6795cde481b8246265f4347d2e7b0f1e8dbd00b31a7e,2022-02,Gloucestershire Constabulary,Gloucestershire Constabulary,-2.158833,51.993550,On or near Shakespeare Court,E01022459,Tewkesbury 002D,Violence and sexual offences,Unable to prosecute suspect,
375ad9d5753a95845a02812a7fc2157e5daf2212d26fb6596e08ffe1164c3828,2022-02,Gloucestershire Constabulary,Gloucestershire Constabulary,-2.157612,51.994451,On or near Smith'S Lane,E01022459,Tewkesbury 002D,Violence and sexual offences,Investigation complete; no suspect identified,
4f34f62b8d0ccb66ae625ed6ba17b221cc27101b8e325c5099b485e18988d297,2022-02,Gloucestershire Constabulary,Gloucestershire Constabulary,-2.155433,51.996072,On or near Theatre/Concert Hall,E01022459,Tewkesbury 002D,Violence and sexual offences,Unable to prosecute suspect,
da73111a96b67e26dc1e31073de570ca724add94f6e51ec799325f56ea00c19b,2022-02,Gloucestershire Constabulary,Gloucestershire Constabulary,-2.158833,51.993550,On or near Shakespeare Court,E01022459,Tewkesbury 002D,Violence and sexual offences,Formal action is not in the public interest,
a907989f4958b7e4e4c6106fbed558adb57d55089869b64d6869a6dc898c3d24,2022-02,Gloucestershire Constabulary,Gloucestershire Constabulary,-2.155932,51.992978,On or near Nelson Street,E01022459,Tewkesbury 002D,Violence and sexual offences,Unable to prosecute suspect,
95794a608b3376b0a459affcb381a98107f555f8ffd6e22b4bd4f9b6ad4a43fb,2022-02,Gloucestershire Constabulary,Gloucestershire Constabulary,-2.161967,51.990417,On or near Parking Area,E01022459,Tewkesbury 002D,Violence and sexual offences,Unable to prosecute suspect,
1093b3ef34ac61f4e37c8b82a55a7fdc905a9e25a05937fd77aeeaf7652f393a,2022-02,Gloucestershire Constabulary,Gloucestershire Constabulary,-2.155433,51.996072,On or near Theatre/Concert Hall,E01022459,Tewkesbury 002D,Violence and sexual offences,Unable to prosecute suspect,
937b4c71402de9a44a9099e9989c240269a5dbe8df36c09877f8d4dc4c2d8c51,2022-02,Gloucestershire Constabulary,Gloucestershire Constabulary,-2.150483,51.996564,On or near Station Lane,E01022460,Tewkesbury 002E,Burglary,Formal action is not in the public interest,
bd2ffa48f24525b88b56bd623aa239555975e49d4cc324df77c60d7b5e4dec31,2022-02,Gloucestershire Constabulary,Gloucestershire Constabulary,-2.152129,51.996678,On or near Walkley Road,E01022460,Tewkesbury 002E,Criminal damage and arson,Investigation complete; no suspect identified,
1c78d2b9ec940f117c1101bad9dba406ac8f017527eaad71379b0c8b052d9ec2,2022-02,Gloucestershire Constabulary,Gloucestershire Constabulary,-2.152129,51.996678,On or near Walkley Road,E01022460,Tewkesbury 002E,Criminal damage and arson,Investigation complete; no suspect identified,
71d2d9b94fbbf7ac9c731b9ac1f0cf6756fa966928bdc2ebdebe9e1a52359dd0,2022-02,Gloucestershire Constabulary,Gloucestershire Constabulary,-2.151617,51.996104,On or near Cotteswold Road,E01022460,Tewkesbury 002E,Other theft,Formal action is not in the public interest,
644ba4c0f7bd92359210830ffe63f53fb4ae700868da54ca4dc7ff05a3ad73f6,2022-02,Gloucestershire Constabulary,Gloucestershire Constabulary,-2.153716,51.996488,On or near Old Hospital Lane,E01022460,Tewkesbury 002E,Public order,Unable to prosecute suspect,
bfaaf529c9eb870b32ce80ab9c3c3989396fd2c04210ba38abc9de7f0ed247d3,2022-02,Gloucestershire Constabulary,Gloucestershire Constabulary,-2.153716,51.996488,On or near Old Hospital Lane,E01022460,Tewkesbury 002E,Theft from the person,Unable to prosecute suspect,
b8d9d42b3b1cbae3b8743b41b6f6c6c3b90dd4025303b7d896cca8dc67602281,2022-02,Gloucestershire Constabulary,Gloucestershire Constabulary,-2.151617,51.996104,On or near Cotteswold Road,E01022460,Tewkesbury 002E,Vehicle crime,Investigation complete; no suspect identified,
b0e078617a080a3145de3c34547496c6add808df33a68d05f5a15efd6bc80410,2022-02,Gloucestershire Constabulary,Gloucestershire Constabulary,-2.149425,51.993724,On or near Wynyards Close,E01022460,Tewkesbury 002E,Violence and sexual offences,Unable to prosecute suspect,
715affcff03353cede881963aecf550f2d4afaf4dd9f8af0c5e912d6de10911b,2022-02,Gloucestershire Constabulary,Gloucestershire Constabulary,-2.150483,51.996564,On or near Station Lane,E01022460,Tewkesbury 002E,Violence and sexual offences,Unable to prosecute suspect,
2cb0faf8c282f2757aaf7a0ae56794bf2f5aa0f2b62cf5b2fd290cb81db02d40,2022-02,Gloucestershire Constabulary,Gloucestershire Constabulary,-2.152129,51.996678,On or near Walkley Road,E01022460,Tewkesbury 002E,Violence and sexual offences,Formal action is not in the public interest,
7118cdd7721625c867efdd3aa76297a83b2d43e41fae6c23cc40893a0ca9a778,2022-02,Gloucestershire Constabulary,Gloucestershire Constabulary,-2.148642,51.994957,On or near Parking Area,E01022460,Tewkesbury 002E,Violence and sexual offences,Investigation complete; no suspect identified,
6335e64dac8c31e5153c6406a61cc8de61ccc1520d31f74560c3901ea19511ba,2022-02,Gloucestershire Constabulary,Gloucestershire Constabulary,-2.153716,51.996488,On or near Old Hospital Lane,E01022460,Tewkesbury 002E,Violence and sexual offences,Court result unavailable,
17fcea09f61b9361e68a583973c9b570d1b0930c6c4d8ee5349084c2056c1a2b,2022-02,Gloucestershire Constabulary,Gloucestershire Constabulary,-2.153716,51.996488,On or near Old Hospital Lane,E01022460,Tewkesbury 002E,Violence and sexual offences,Unable to prosecute suspect,
2bb2006dbc61537fb6bd1184a0467dc3fb5973fdeb1d1d8ea4be121808519b38,2022-02,Gloucestershire Constabulary,Gloucestershire Constabulary,-2.153716,51.996488,On or near Old Hospital Lane,E01022460,Tewkesbury 002E,Violence and sexual offences,Court result unavailable,
ed07c4401ffbdba37502252c42f5d7dde9f6926d49d054dcd8d89831f98e20f5,2022-02,Gloucestershire Constabulary,Gloucestershire Constabulary,-2.154666,51.997466,On or near High Street,E01022460,Tewkesbury 002E,Violence and sexual offences,Court result unavailable,
a40eba9b54ddaa93d194ad846226f040aebef2f8dde2b08ce5ed0af9b076056e,2022-02,Gloucestershire Constabulary,Gloucestershire Constabulary,-2.150483,51.996564,On or near Station Lane,E01022460,Tewkesbury 002E,Other crime,Action to be taken by another organisation,
06f2487c445aa353c00d74d4746c897ffff17b951abf9e9ac7d831bb925be760,2022-02,Gloucestershire Constabulary,Gloucestershire Constabulary,-2.146785,52.001540,On or near Digby Drive,E01022461,Tewkesbury 002F,Violence and sexual offences,Unable to prosecute suspect,
0c7ac3bd538ba081b1c9f1d1688cd3c188055dee4f03be79544f32ae5457ab27,2022-02,Gloucestershire Constabulary,Gloucestershire Constabulary,-1.960095,52.022924,On or near B4078,E01022449,Tewkesbury 003A,Burglary,Investigation complete; no suspect identified,
f19ff84bf62c75f0c554ffab0f788e546285180c5f5661955de9ab271c3d9602,2022-02,Gloucestershire Constabulary,Gloucestershire Constabulary,-2.050945,51.996056,On or near Walnut Bank Drive,E01022449,Tewkesbury 003A,Other theft,Investigation complete; no suspect identified,
2f2ae112383ef39b75478d785a22059e3e560470f4660e92c83c51b649fc5f9c,2022-02,Gloucestershire Constabulary,Gloucestershire Constabulary,-2.050801,51.997512,On or near Sports/Recreation Area,E01022449,Tewkesbury 003A,Public order,Unable to prosecute suspect,
f0317dd543415b13b3d21eca6b30ceb237641b73c63390aeadb709cccf98590e,2022-02,Gloucestershire Constabulary,Gloucestershire Constabulary,-1.949316,51.992855,On or near Church Lane,E01022449,Tewkesbury 003A,Public order,Unable to prosecute suspect,
6f63bf565c764a5ffb76b6cea5e42f1eb02f601a9e19bd04dcb9f57e62da9760,2022-02,Gloucestershire Constabulary,Gloucestershire Constabulary,-2.054849,51.996081,On or near Gander Lane,E01022449,Tewkesbury 003A,Public order,Investigation complete; no suspect identified,
274f47fa736b3235859daacf90df83bbfdc6b37a857925c9a85d4fc509c3f864,2022-02,Gloucestershire Constabulary,Gloucestershire Constabulary,-1.860527,52.004813,On or near Parking Area,E01022449,Tewkesbury 003A,Violence and sexual offences,Unable to prosecute suspect,
159d8e5731c49f930a3847de62fe28d21182332de8f101ecd8065e2c164c891b,2022-02,Gloucestershire Constabulary,Gloucestershire Constabulary,-2.050801,51.997512,On or near Sports/Recreation Area,E01022449,Tewkesbury 003A,Violence and sexual offences,Unable to prosecute suspect,
,2022-02,Gloucestershire Constabulary,Gloucestershire Constabulary,-1.963286,51.952591,On or near Castle Street,E01022463,Tewkesbury 003B,Anti-social behaviour,,
64389231502aa96574accf2e701c71e525ee4485dfd8e96eb61a7540beb0a643,2022-02,Gloucestershire Constabulary,Gloucestershire Constabulary,-1.974433,51.949348,On or near Cheltenham Road,E01022463,Tewkesbury 003B,Burglary,Investigation complete; no suspect identified,
ca4baad4bf932daa83de6642f58994047a89a80706038fd1a40f08b7a5e45f05,2022-02,Gloucestershire Constabulary,Gloucestershire Constabulary,-1.917258,51.922709,On or near Campden Lane,E01022463,Tewkesbury 003B,Criminal damage and arson,Court result unavailable,
72a39f058d8e81b57d856af624a41e37cb4e218bcb213dae8a21f7fd81efacd2,2022-02,Gloucestershire Constabulary,Gloucestershire Constabulary,-1.966908,51.954399,On or near Parking Area,E01022463,Tewkesbury 003B,Violence and sexual offences,Investigation complete; no suspect identified,
,2022-02,Gloucestershire Constabulary,Gloucestershire Constabulary,-1.975350,51.949438,On or near Brook Close,E01022464,Tewkesbury 003C,Anti-social behaviour,,
a86d6e7e510bc37b3ac1a16252afc941c1cbd3edd6039e745002264dc0f0e548,2022-02,Gloucestershire Constabulary,Gloucestershire Constabulary,-2.002983,51.995788,On or near Willow Bank Road,E01022465,Tewkesbury 003D,Criminal damage and arson,Court result unavailable,
a7b4dd1a72b816316638f654fd0da9d51367452d7a8932c4d439084dc75685b7,2022-02,Gloucestershire Constabulary,Gloucestershire Constabulary,-2.002983,51.995788,On or near Willow Bank Road,E01022465,Tewkesbury 003D,Criminal damage and arson,Court result unavailable,
7f111233cde278b33311e72f4fe81ef84ecacec356d835c74441190b28c412bf,2022-02,Gloucestershire Constabulary,Gloucestershire Constabulary,-2.002983,51.995788,On or near Willow Bank Road,E01022465,Tewkesbury 003D,Criminal damage and arson,Court result unavailable,
620df2894d5b777e687f97f29d6da33307dec2edfa42575f57fdf799fe9f47a4,2022-02,Gloucestershire Constabulary,Gloucestershire Constabulary,-1.972816,51.978037,On or near B4078,E01022465,Tewkesbury 003D,Vehicle crime,Investigation complete; no suspect identified,
b1fb04f47beeae433af526453bf5d64807f0840d91b29d75b202d9def13e4a6d,2022-02,Gloucestershire Constabulary,Gloucestershire Constabulary,-1.996433,51.947939,On or near Parking Area,E01022465,Tewkesbury 003D,Violence and sexual offences,Court result unavailable,
c12f7c9da290a4432aefda964a13163a25d389bdfbf47613e979d148a69b0664,2022-02,Gloucestershire Constabulary,Gloucestershire Constabulary,-1.990302,51.972349,On or near Barn Close,E01022465,Tewkesbury 003D,Violence and sexual offences,Unable to prosecute suspect,
65a32656cd59bfd4aa2cecc120d504d2ceb581ea57c7f3d513547f7c58189bdc,2022-02,Gloucestershire Constabulary,Gloucestershire Constabulary,-1.963579,51.967336,On or near The Pines,E01022466,Tewkesbury 003E,Violence and sexual offences,Unable to prosecute suspect,
03058288cc77b4d86d0a220a9eb735d69e243c4481627fdb3aba192eaaa59813,2022-02,Gloucestershire Constabulary,Gloucestershire Constabulary,-1.931520,51.992019,On or near Broadway Road,E01022466,Tewkesbury 003E,Violence and sexual offences,Unable to prosecute suspect,
,2022-02,Gloucestershire Constabulary,Gloucestershire Constabulary,-2.066806,51.937536,On or near A435,E01022434,Tewkesbury 004A,Anti-social behaviour,,
,2022-02,Gloucestershire Constabulary,Gloucestershire Constabulary,-2.028202,51.938253,On or near Rising Sun Lane,E01022434,Tewkesbury 004A,Anti-social behaviour,,
,2022-02,Gloucestershire Constabulary,Gloucestershire Constabulary,-2.039305,51.943527,On or near Hillside Close,E01022434,Tewkesbury 004A,Anti-social behaviour,,
,2022-02,Gloucestershire Constabulary,Gloucestershire Constabulary,-2.028202,51.938253,On or near Rising Sun Lane,E01022434,Tewkesbury 004A,Anti-social behaviour,,
,2022-02,Gloucestershire Constabulary,Gloucestershire Constabulary,-2.064547,51.934139,On or near Sports/Recreation Area,E01022434,Tewkesbury 004A,Anti-social behaviour,,
b526366a5b7c92896aae2709370cbd9d4c1baa3a71ca77cfae4c54068bcb97e1,2022-02,Gloucestershire Constabulary,Gloucestershire Constabulary,-2.032198,51.912394,On or near Tremblant Close,E01022434,Tewkesbury 004A,Criminal damage and arson,Investigation complete; no suspect identified,
89dedb3c98fa796e241a2ad531de6c5b7fb9f0995d62ce63c1ee7086bc571dda,2022-02,Gloucestershire Constabulary,Gloucestershire Constabulary,-2.066806,51.937536,On or near A435,E01022434,Tewkesbury 004A,Public order,Formal action is not in the public interest,
a845a3e3f7325468952fedbda1a23548241d1f28b10b9a6ede4fb47816713633,2022-02,Gloucestershire Constabulary,Gloucestershire Constabulary,-2.033796,51.949427,On or near Bushcombe Lane,E01022434,Tewkesbury 004A,Vehicle crime,Investigation complete; no suspect identified,
21c685ff8a0a7086c3e747030347b7c2f31f76749cf6971a853cc34c09eac529,2022-02,Gloucestershire Constabulary,Gloucestershire Constabulary,-2.028202,51.938253,On or near Rising Sun Lane,E01022434,Tewkesbury 004A,Violence and sexual offences,Unable to prosecute suspect,
,2022-02,Gloucestershire Constabulary,Gloucestershire Constabulary,-2.113977,51.919860,On or near Sandpiper Drive,E01022441,Tewkesbury 004B,Anti-social behaviour,,
,2022-02,Gloucestershire Constabulary,Gloucestershire Constabulary,-2.117019,51.920998,On or near Tewkesbury Road,E01022441,Tewkesbury 004B,Anti-social behaviour,,
d6ad28cc10855630745add41a783bece9bff79036a55481a03f5cd000d59d54c,2022-02,Gloucestershire Constabulary,Gloucestershire Constabulary,-2.123869,51.921612,On or near Moat Lane,E01022441,Tewkesbury 004B,Public order,Unable to prosecute suspect,
238f0ed71109f281d85f89722a945cc5d4e88ef0bd291d950272ebef050b8ec3,2022-02,Gloucestershire Constabulary,Gloucestershire Constabulary,-2.165134,51.964690,On or near Hoo Lane,E01022441,Tewkesbury 004B,Violence and sexual offences,Investigation complete; no suspect identified,
6aad8fecd534dc8f1ba2520a5ac46c72bc7ccd86809ce5e64fb862916b471420,2022-02,Gloucestershire Constabulary,Gloucestershire Constabulary,-2.198363,51.954902,On or near Apperley Park,E01022441,Tewkesbury 004B,Violence and sexual offences,Court result unavailable,
0f94c42a0d2f6c944b4e2f125fe08a2ee2489f6a385da39e838118f2462d341a,2022-02,Gloucestershire Constabulary,Gloucestershire Constabulary,-2.123869,51.921612,On or near Moat Lane,E01022441,Tewkesbury 004B,Violence and sexual offences,Unable to prosecute suspect,
,2022-02,Gloucestershire Constabulary,Gloucestershire Constabulary,-2.218615,51.992950,On or near Bishops Walk,E01022445,Tewkesbury 004C,Anti-social behaviour,,
9d6c1e2163e05e6c932610e8b125bf1e673f96684ef82fbe8bc935ac22399d8f,2022-02,Gloucestershire Constabulary,Gloucestershire Constabulary,-2.273623,51.928452,On or near Bloxhams Orchard,E01022445,Tewkesbury 004C,Criminal damage and arson,Investigation complete; no suspect identified,
159c7f4270c2431787c1e38302e3f9ded272fa1e332b52926e51105d37086081,2022-02,Gloucestershire Constabulary,Gloucestershire Constabulary,-2.256177,51.944891,On or near Park/Open Space,E01022445,Tewkesbury 004C,Violence and sexual offences,Unable to prosecute suspect,
f627917c05e78fbe4e37f2a1fd830229f036eb2d6f95d870cefcfaf66768592e,2022-02,Gloucestershire Constabulary,Gloucestershire Constabulary,-2.054575,51.963220,On or near The Cobbler'S Close,E01022453,Tewkesbury 004D,Burglary,Unable to prosecute suspect,
c483bc72cc3b256080f2d54bbcdc7796c8e5216c6f037fa930cd35fab4dab1c4,2022-02,Gloucestershire Constabulary,Gloucestershire Constabulary,-2.054575,51.963220,On or near The Cobbler'S Close,E01022453,Tewkesbury 004D,Other theft,Investigation complete; no suspect identified,
d36c3cd4032baa89c836669bbbc63e47bfa54f0e7351496dcf79620a7eca331b,2022-02,Gloucestershire Constabulary,Gloucestershire Constabulary,-2.140579,51.964209,On or near St John'S Court,E01022453,Tewkesbury 004D,Other theft,Investigation complete; no suspect identified,
736dca0f1dddd178d35024a63b4da19c448373555fda30574cd43b3f3a25171f,2022-02,Gloucestershire Constabulary,Gloucestershire Constabulary,-2.070033,51.964003,On or near Petrol Station,E01022453,Tewkesbury 004D,Shoplifting,Investigation complete; no suspect identified,
8b85a278643943dc442a0fa3e3412a65c7b2c31f2348f9794805cd941f0a5715,2022-02,Gloucestershire Constabulary,Gloucestershire Constabulary,-2.061201,51.965914,On or near Malleson Road,E01022453,Tewkesbury 004D,Vehicle crime,Investigation complete; no suspect identified,
361ce22569b336bee6a7b9101324c7dc6c5502042c76d6f1d9622b97cf1d2b8c,2022-02,Gloucestershire Constabulary,Gloucestershire Constabulary,-2.114469,51.952855,On or near Banady Lane,E01022453,Tewkesbury 004D,Violence and sexual offences,Unable to prosecute suspect,
10d5c1be04a61592c7a6e9d7e7a33b2f7f65cb9fef03d083bc450c5f94050518,2022-02,Gloucestershire Constabulary,Gloucestershire Constabulary,-2.114469,51.952855,On or near Banady Lane,E01022453,Tewkesbury 004D,Violence and sexual offences,Suspect charged as part of another case,
88fc3b304b9331357d759e7c9827d31ec6edc9d0db4be31931a0fc5e841b96fc,2022-02,Gloucestershire Constabulary,Gloucestershire Constabulary,-2.114469,51.952855,On or near Banady Lane,E01022453,Tewkesbury 004D,Violence and sexual offences,Court result unavailable,
3501d6af0d4afde4d5a003476fab319ec812304a3608ef7167ac80ff7a0e445b,2022-02,Gloucestershire Constabulary,Gloucestershire Constabulary,-2.114469,51.952855,On or near Banady Lane,E01022453,Tewkesbury 004D,Violence and sexual offences,Court result unavailable,
dd1bdf4f6496763c7b7534e37999c03bd65acb11836e4a0a85cfa8b374abac21,2022-02,Gloucestershire Constabulary,Gloucestershire Constabulary,-2.061201,51.965914,On or near Malleson Road,E01022453,Tewkesbury 004D,Violence and sexual offences,Unable to prosecute suspect,
,2022-02,Gloucestershire Constabulary,Gloucestershire Constabulary,-2.058215,51.941272,On or near Sunnycroft Close,E01022432,Tewkesbury 005A,Anti-social behaviour,,
101ebcf102fef0ff0445ba38839d507f9722a45396720fdcc3d368efaf8d68b1,2022-02,Gloucestershire Constabulary,Gloucestershire Constabulary,-2.059464,51.940210,On or near Gilder Road,E01022432,Tewkesbury 005A,Criminal damage and arson,Investigation complete; no suspect identified,
d99e0035847a80cdd3229a561963cfd83f5a28533a37a83096973e7ac4d4ac78,2022-02,Gloucestershire Constabulary,Gloucestershire Constabulary,-2.068410,51.940061,On or near Meadoway,E01022432,Tewkesbury 005A,Criminal damage and arson,Unable to prosecute suspect,
4b76feb5f1e690133abaa3aa0d065a587f2f1563f633ffbeb513984730aa3cc9,2022-02,Gloucestershire Constabulary,Gloucestershire Constabulary,-2.060265,51.940857,On or near Kayte Close,E01022432,Tewkesbury 005A,Other theft,Unable to prosecute suspect,
24d103c3e800ff3a3bcd867252feeff4040a482bfbccd11ca9a4d12db19c2761,2022-02,Gloucestershire Constabulary,Gloucestershire Constabulary,-2.061925,51.941764,On or near Crown Close,E01022432,Tewkesbury 005A,Violence and sexual offences,Court result unavailable,
838f3e7c7a9391ca72a1819fe517d5544cc53617ac95a77da4081dae0acd7df0,2022-02,Gloucestershire Constabulary,Gloucestershire Constabulary,-2.061925,51.941764,On or near Crown Close,E01022432,Tewkesbury 005A,Violence and sexual offences,Court result unavailable,
47b51c9e384df4ee4ba1f4e5a3ba01aa166618bf3ad9e9a82176e457671c28b2,2022-02,Gloucestershire Constabulary,Gloucestershire Constabulary,-2.061925,51.941764,On or near Crown Close,E01022432,Tewkesbury 005A,Violence and sexual offences,Unable to prosecute suspect,
0fed0b33ceeb18bbac5a4a9f2a721b7f42d5cb21b7c0c78d0b7ab477d96df4c0,2022-02,Gloucestershire Constabulary,Gloucestershire Constabulary,-2.061925,51.941764,On or near Crown Close,E01022432,Tewkesbury 005A,Violence and sexual offences,Unable to prosecute suspect,
4060b35b17b93dddd7d78ddb8d4303f9595716e19a9093d7bd4a4da514f8b12d,2022-02,Gloucestershire Constabulary,Gloucestershire Constabulary,-2.067084,51.938210,On or near Deacons Place,E01022432,Tewkesbury 005A,Violence and sexual offences,Investigation complete; no suspect identified,
8723b06fa4746c5f3f8547c574bdf86b74ca56258d4b33dd417fa98989d7dc26,2022-02,Gloucestershire Constabulary,Gloucestershire Constabulary,-2.061925,51.941764,On or near Crown Close,E01022432,Tewkesbury 005A,Violence and sexual offences,Unable to prosecute suspect,
e3007d7dcc01d15bd1b7e744acc3a3a7ca55b885b7a9af1aa8de8342dcd1f86a,2022-02,Gloucestershire Constabulary,Gloucestershire Constabulary,-2.061925,51.941764,On or near Crown Close,E01022432,Tewkesbury 005A,Violence and sexual offences,Unable to prosecute suspect,
ed8defe14a1011190b175882fc38812aa0c42118b72220b9ee8908f97504e2d1,2022-02,Gloucestershire Constabulary,Gloucestershire Constabulary,-2.068410,51.940061,On or near Meadoway,E01022432,Tewkesbury 005A,Violence and sexual offences,Unable to prosecute suspect,
9af722588b82cde76f3db01d1aae5b42391d8bcdd78bc28fb57c6323c9dbdf3e,2022-02,Gloucestershire Constabulary,Gloucestershire Constabulary,-2.041621,51.945909,On or near Aesops Orchard,E01022433,Tewkesbury 005B,Burglary,Investigation complete; no suspect identified,
5c5fbe3918c40d58b1cb164ed5d26fb9974eed648f4a8c5f2d770fcef16b373c,2022-02,Gloucestershire Constabulary,Gloucestershire Constabulary,-2.044528,51.943696,On or near Chapel Lane,E01022433,Tewkesbury 005B,Criminal damage and arson,Investigation complete; no suspect identified,
152908c44a5ce0d0f61544f047757ba6923e92878b30cfff8c6c5a42f1c6c13b,2022-02,Gloucestershire Constabulary,Gloucestershire Constabulary,-2.047210,51.948002,On or near Collyberry Road,E01022433,Tewkesbury 005B,Violence and sexual offences,Unable to prosecute suspect,
d764108c6bc89b9d2f4a3b47b3a71b84a35335074dde52be59ab8e7000b1a32e,2022-02,Gloucestershire Constabulary,Gloucestershire Constabulary,-2.047210,51.948002,On or near Collyberry Road,E01022433,Tewkesbury 005B,Violence and sexual offences,Unable to prosecute suspect,
c9cf8c94cf6f172480be518f3b73fca3986f7b68de9eb07478992a3e5f841372,2022-02,Gloucestershire Constabulary,Gloucestershire Constabulary,-2.048150,51.943038,On or near Thatchers End,E01022433,Tewkesbury 005B,Violence and sexual offences,Investigation complete; no suspect identified,
,2022-02,Gloucestershire Constabulary,Gloucestershire Constabulary,-2.057505,51.943637,On or near Courtiers Drive,E01022435,Tewkesbury 005C,Anti-social behaviour,,
,2022-02,Gloucestershire Constabulary,Gloucestershire Constabulary,-2.057505,51.943637,On or near Courtiers Drive,E01022435,Tewkesbury 005C,Anti-social behaviour,,
,2022-02,Gloucestershire Constabulary,Gloucestershire Constabulary,-2.054604,51.950723,On or near Oldacre Drive,E01022435,Tewkesbury 005C,Anti-social behaviour,,
,2022-02,Gloucestershire Constabulary,Gloucestershire Constabulary,-2.052158,51.949456,On or near Barker'S Leys,E01022435,Tewkesbury 005C,Anti-social behaviour,,
55cf0db7f78fc20f4594c65492e9f14113e88933d804a3ae0d5c2f71fe3213e1,2022-02,Gloucestershire Constabulary,Gloucestershire Constabulary,-2.055963,51.943538,On or near St Michaels Avenue,E01022435,Tewkesbury 005C,Public order,Unable to prosecute suspect,
19afce646914595f5ee53bd322bf96ecb226f93dbc50cdd858be1b0466c11593,2022-02,Gloucestershire Constabulary,Gloucestershire Constabulary,-2.059019,51.944859,On or near Tobyfield Road,E01022435,Tewkesbury 005C,Shoplifting,Local resolution,
744d4cc40fe6d3d32178f0592ce649ed7bc14541a122cfa7c797ad16552f9625,2022-02,Gloucestershire Constabulary,Gloucestershire Constabulary,-2.059019,51.944859,On or near Tobyfield Road,E01022435,Tewkesbury 005C,Shoplifting,Investigation complete; no suspect identified,
0542bb05552357de5ceb1263726b0bbfa40a14845c99c965c339bad0c5587dcb,2022-02,Gloucestershire Constabulary,Gloucestershire Constabulary,-2.052158,51.949456,On or near Barker'S Leys,E01022435,Tewkesbury 005C,Violence and sexual offences,Unable to prosecute suspect,
0abfc7dc1e40e11146276baed67c14258750c76e62337333b4b8b5672197a741,2022-02,Gloucestershire Constabulary,Gloucestershire Constabulary,-2.057505,51.943637,On or near Courtiers Drive,E01022435,Tewkesbury 005C,Violence and sexual offences,Unable to prosecute suspect,
9029680be224a447aaa2201de14fd91d53a8d0fe4307ba6f764b3340ea21ba55,2022-02,Gloucestershire Constabulary,Gloucestershire Constabulary,-2.052158,51.949456,On or near Barker'S Leys,E01022435,Tewkesbury 005C,Violence and sexual offences,Unable to prosecute suspect,
f9627d1d50f01f3ed4756f196d28084185330cc465b92158948cff4a8010bb82,2022-02,Gloucestershire Constabulary,Gloucestershire Constabulary,-2.056416,51.945058,On or near Cleevecroft Avenue,E01022435,Tewkesbury 005C,Violence and sexual offences,Unable to prosecute suspect,
0ab65946a7457081a02b4ee9df68fd61bfb11fbc1d17f299238333fddf87f540,2022-02,Gloucestershire Constabulary,Gloucestershire Constabulary,-2.054717,51.948250,On or near Priory Lane,E01022435,Tewkesbury 005C,Violence and sexual offences,Unable to prosecute suspect,
a6298234e8f772e4e89d615b6154b4c5d3a67b7b023a6201f39391e17c77f4c1,2022-02,Gloucestershire Constabulary,Gloucestershire Constabulary,-2.053424,51.949474,On or near Owls End Road,E01022435,Tewkesbury 005C,Violence and sexual offences,Court result unavailable,
,2022-02,Gloucestershire Constabulary,Gloucestershire Constabulary,-2.065884,51.953117,On or near Greenacre Way,E01022436,Tewkesbury 005D,Anti-social behaviour,,
f71ac0a30ac3f76bba077e84d8546c803cdfd5b91ed265333d3e9bc315c16546,2022-02,Gloucestershire Constabulary,Gloucestershire Constabulary,-2.059997,51.946980,On or near Parking Area,E01022436,Tewkesbury 005D,Criminal damage and arson,Investigation complete; no suspect identified,
5db638d6da034639bae8936d23c97d850f8d618dfc52a3ea7fc4e016220239db,2022-02,Gloucestershire Constabulary,Gloucestershire Constabulary,-2.059997,51.946980,On or near Parking Area,E01022436,Tewkesbury 005D,Shoplifting,Investigation complete; no suspect identified,
85864abacde71a8bffcefa9d6609bb8072ca5c6fee40fb2d98f1df080fd16dfa,2022-02,Gloucestershire Constabulary,Gloucestershire Constabulary,-2.065419,51.953621,On or near Bluebell Court,E01022436,Tewkesbury 005D,Violence and sexual offences,Unable to prosecute suspect,
2be30332c72675afd51efa3cd8d91d5d3d2d4df26163eaee526446f88c3442c7,2022-02,Gloucestershire Constabulary,Gloucestershire Constabulary,-2.053988,51.946839,On or near Birchfield Road,E01022436,Tewkesbury 005D,Violence and sexual offences,Unable to prosecute suspect,
6a5137cfe2a0d9009fbe29ebde7af5d9b875646e8dabf0c5b269f9d9e6c24dd2,2022-02,Gloucestershire Constabulary,Gloucestershire Constabulary,-2.060361,51.947357,On or near Church Road,E01022436,Tewkesbury 005D,Violence and sexual offences,Unable to prosecute suspect,
5fabf3425c4b86c871c5534bc5170a85502e7f3a3969923ea7f90a3c177cd8aa,2022-02,Gloucestershire Constabulary,Gloucestershire Constabulary,-2.061742,51.946494,On or near Supermarket,E01022436,Tewkesbury 005D,Violence and sexual offences,Unable to prosecute suspect,
c61c724ff9d3752bd2a4e7a8f4e54ad447ccd7e695a73a72715d4a37aa8d2b85,2022-02,Gloucestershire Constabulary,Gloucestershire Constabulary,-2.055953,51.947126,On or near Fieldgate Road,E01022436,Tewkesbury 005D,Violence and sexual offences,Investigation complete; no suspect identified,
2976dbcf098017819536f9317bb756eeddd95d6d952ba6303f26f92332dc074b,2022-02,Gloucestershire Constabulary,Gloucestershire Constabulary,-2.055953,51.947126,On or near Fieldgate Road,E01022436,Tewkesbury 005D,Violence and sexual offences,Investigation complete; no suspect identified,
577c037dc0717ddd104ce6d8baf99bbb661d87d97e7e6ff994538251e5c30841,2022-02,Gloucestershire Constabulary,Gloucestershire Constabulary,-2.059916,51.951520,On or near Wellbrook Road,E01022436,Tewkesbury 005D,Violence and sexual offences,Unable to prosecute suspect,
2cdb2a7e2f8dc476513b9a1275a40fa08c2a28800f78ae8568758292c3271262,2022-02,Gloucestershire Constabulary,Gloucestershire Constabulary,-2.065631,51.949665,On or near St John'S Close,E01022436,Tewkesbury 005D,Violence and sexual offences,Unable to prosecute suspect,
14ff0bc4b06d3da5e82a3cc76ec2441018adc0e569f4a5f146e8cf09a7e86659,2022-02,Gloucestershire Constabulary,Gloucestershire Constabulary,-2.065631,51.949665,On or near St John'S Close,E01022436,Tewkesbury 005D,Violence and sexual offences,Unable to prosecute suspect,
2030bc23c1e2be6e64412d3ba4e25fb24e8053989a85d2512a895c18adb4e72c,2022-02,Gloucestershire Constabulary,Gloucestershire Constabulary,-2.059916,51.951520,On or near Wellbrook Road,E01022436,Tewkesbury 005D,Violence and sexual offences,Unable to prosecute suspect,
d4966dfe6e1fcc4a44aab752a53269555b02000913a25f9b6510d8f00724cc4f,2022-02,Gloucestershire Constabulary,Gloucestershire Constabulary,-2.065631,51.949665,On or near St John'S Close,E01022436,Tewkesbury 005D,Other crime,Formal action is not in the public interest,
d716be9034766bd1bf35dd6ec1f8ee35020543b9da38baaae17da31debd1f78f,2022-02,Gloucestershire Constabulary,Gloucestershire Constabulary,-2.059889,51.942287,On or near Cleeve Court,E01022437,Tewkesbury 005E,Criminal damage and arson,Investigation complete; no suspect identified,
4c8dc0967acccc83af3c4b83dfe7669b856aa284cd702bdbfc0b1984d3003e19,2022-02,Gloucestershire Constabulary,Gloucestershire Constabulary,-2.062700,51.944533,On or near Woodmans Way,E01022437,Tewkesbury 005E,Public order,Unable to prosecute suspect,
03d37e4c6eb90a87f4574eb8f4efd29048135f18a3ade3d47c9eaf7c9fe15c5e,2022-02,Gloucestershire Constabulary,Gloucestershire Constabulary,-2.060240,51.943815,On or near Hemming Way,E01022437,Tewkesbury 005E,Violence and sexual offences,Unable to prosecute suspect,
46d4e5fe9aa30c0a4f1430bb7f8e429baac0729efdd2e715a69e12335aa9bdfc,2022-02,Gloucestershire Constabulary,Gloucestershire Constabulary,-2.060240,51.943815,On or near Hemming Way,E01022437,Tewkesbury 005E,Violence and sexual offences,Investigation complete; no suspect identified,
3603086ae11ed5590fec949c5c175d06e7f0a6da2b0db522a69268e33cbe5c3c,2022-02,Gloucestershire Constabulary,Gloucestershire Constabulary,-2.075825,51.946440,On or near Farriers Reach,E01022438,Tewkesbury 005F,Violence and sexual offences,Unable to prosecute suspect,
,2022-02,Gloucestershire Constabulary,Gloucestershire Constabulary,-2.068964,51.949843,On or near Blackberry Grove,E01022439,Tewkesbury 005G,Anti-social behaviour,,
f7b26e4f5a9ac551a0fa3125296c5cf24ee0018226f0a05f05f4b6c13aeed114,2022-02,Gloucestershire Constabulary,Gloucestershire Constabulary,-2.073766,51.950568,On or near Hayfield Way,E01022439,Tewkesbury 005G,Public order,Unable to prosecute suspect,
3c05cd2db516a9ead49a36ab6e0f0f3c0ef59284cf2c3262818b7f5834733e59,2022-02,Gloucestershire Constabulary,Gloucestershire Constabulary,-2.073766,51.950568,On or near Hayfield Way,E01022439,Tewkesbury 005G,Violence and sexual offences,Unable to prosecute suspect,
de5e7436347fb416c45e3af58cabd1bf562c8037f5cf35fd4929b4aa68dd13a9,2022-02,Gloucestershire Constabulary,Gloucestershire Constabulary,-2.073766,51.950568,On or near Hayfield Way,E01022439,Tewkesbury 005G,Violence and sexual offences,Unable to prosecute suspect,
9588c1fcd567896aa7303ddf9b42810d07ffc9b3ebd5b3e229753472ddbb5ed7,2022-02,Gloucestershire Constabulary,Gloucestershire Constabulary,-2.069281,51.948090,On or near Chiltern Avenue,E01022439,Tewkesbury 005G,Violence and sexual offences,Unable to prosecute suspect,
686b29a12f6a7a5c86958ee4645c1a690d8512f567f29e414207c010dd3160fb,2022-02,Gloucestershire Constabulary,Gloucestershire Constabulary,-2.073766,51.950568,On or near Hayfield Way,E01022439,Tewkesbury 005G,Violence and sexual offences,Unable to prosecute suspect,
dec7a9bb64d434093924aac2704e93b65d4baaa471078fa405e3e952ae4ab890,2022-02,Gloucestershire Constabulary,Gloucestershire Constabulary,-2.073766,51.950568,On or near Hayfield Way,E01022439,Tewkesbury 005G,Violence and sexual offences,Unable to prosecute suspect,
,2022-02,Gloucestershire Constabulary,Gloucestershire Constabulary,-2.230679,51.883491,On or near Parking Area,E01022440,Tewkesbury 006A,Anti-social behaviour,,
,2022-02,Gloucestershire Constabulary,Gloucestershire Constabulary,-2.249061,51.884110,On or near Sandhurst Lane,E01022440,Tewkesbury 006A,Anti-social behaviour,,
,2022-02,Gloucestershire Constabulary,Gloucestershire Constabulary,-2.226544,51.896069,On or near Parking Area,E01022440,Tewkesbury 006A,Anti-social behaviour,,
,2022-02,Gloucestershire Constabulary,Gloucestershire Constabulary,-2.230679,51.883491,On or near Parking Area,E01022440,Tewkesbury 006A,Anti-social behaviour,,
03a18bde37e99700aa65a9a4e849aa4b98b96296ff5221c0cc3b89b18bbcd201,2022-02,Gloucestershire Constabulary,Gloucestershire Constabulary,-2.232994,51.884422,On or near Longford Lane,E01022440,Tewkesbury 006A,Other theft,Investigation complete; no suspect identified,
9202bb23f2aaca8ba3bbb13aef1881e84d84f4b7522548ea17bcdeecb641ece4,2022-02,Gloucestershire Constabulary,Gloucestershire Constabulary,-2.229479,51.881812,On or near A40,E01022440,Tewkesbury 006A,Other theft,Unable to prosecute suspect,
d74a635c847202df6969de9bf925783067eac90b2880ed85c2d3532ee58f24fe,2022-02,Gloucestershire Constabulary,Gloucestershire Constabulary,-2.249061,51.884110,On or near Sandhurst Lane,E01022440,Tewkesbury 006A,Other theft,Investigation complete; no suspect identified,
fbeea8e2441dd8f2b70ede6fccd601d372a6569797676fd2da6ba108b4cbf0dc,2022-02,Gloucestershire Constabulary,Gloucestershire Constabulary,-2.226544,51.896069,On or near Parking Area,E01022440,Tewkesbury 006A,Other theft,Investigation complete; no suspect identified,
31bfef08dc9551808f63977f173e1914c8b7f144a29072974c762c78ce891b10,2022-02,Gloucestershire Constabulary,Gloucestershire Constabulary,-2.220099,51.900558,On or near A38,E01022440,Tewkesbury 006A,Public order,Unable to prosecute suspect,
cc752deaa1c6cb83a99cffb043e991139edb1f9b23be4db09bfacbc27c9ed72a,2022-02,Gloucestershire Constabulary,Gloucestershire Constabulary,-2.226544,51.896069,On or near Parking Area,E01022440,Tewkesbury 006A,Violence and sexual offences,Court result unavailable,
cfb30f3b5cdd7cb63c95e8f2b76532c302f38bad63a55a5e4e465957110b1a77,2022-02,Gloucestershire Constabulary,Gloucestershire Constabulary,-2.234716,51.885821,On or near Sherwood Green,E01022440,Tewkesbury 006A,Violence and sexual offences,Unable to prosecute suspect,
a84d75860e3511419aa567a6a0ee485d867030475bd85a6a3b025884c14e38b9,2022-02,Gloucestershire Constabulary,Gloucestershire Constabulary,-2.220099,51.900558,On or near A38,E01022440,Tewkesbury 006A,Violence and sexual offences,Unable to prosecute suspect,
16860c16a99e738d765f44faf467c111b3ce7b02fd18d87ff837c3a566ed0d91,2022-02,Gloucestershire Constabulary,Gloucestershire Constabulary,-2.236046,51.884578,On or near Longford Mews,E01022440,Tewkesbury 006A,Violence and sexual offences,Unable to prosecute suspect,
eecd5b03f5f40ae1f674d67097fa2fc52516f4c5a18a8b034ca498e888b9489a,2022-02,Gloucestershire Constabulary,Gloucestershire Constabulary,-2.226544,51.896069,On or near Parking Area,E01022440,Tewkesbury 006A,Violence and sexual offences,Court result unavailable,
f9d3056756eb5d804d62b84265d8d5d5e723137acfbf013e0408f65287cc3458,2022-02,Gloucestershire Constabulary,Gloucestershire Constabulary,-2.232994,51.884422,On or near Longford Lane,E01022440,Tewkesbury 006A,Violence and sexual offences,Unable to prosecute suspect,
244fdd95c7c1e592079a1aadd59c8386ab8a8bf2dae43560a109704744a81f98,2022-02,Gloucestershire Constabulary,Gloucestershire Constabulary,-2.234716,51.885821,On or near Sherwood Green,E01022440,Tewkesbury 006A,Violence and sexual offences,Unable to prosecute suspect,
bb99bd0ac857914f409c445fb4cb8f183ed872010e012b46177d83d923396f8c,2022-02,Gloucestershire Constabulary,Gloucestershire Constabulary,-2.230679,51.883491,On or near Parking Area,E01022440,Tewkesbury 006A,Violence and sexual offences,Unable to prosecute suspect,
,2022-02,Gloucestershire Constabulary,Gloucestershire Constabulary,-2.246611,51.906350,On or near St Lawrence Close,E01022442,Tewkesbury 006B,Anti-social behaviour,,
,2022-02,Gloucestershire Constabulary,Gloucestershire Constabulary,-2.246611,51.906350,On or near St Lawrence Close,E01022442,Tewkesbury 006B,Anti-social behaviour,,
2846a07cd6b8013de883247aadc968dcedfdb9a68e4ddf3d3090c6639dc02194,2022-02,Gloucestershire Constabulary,Gloucestershire Constabulary,-2.190558,51.929524,On or near Church Lane,E01022442,Tewkesbury 006B,Burglary,Investigation complete; no suspect identified,
8ae7369a78dc70bd0853eb12b34307aa5a49152e57909acc8f407db8ae20ad49,2022-02,Gloucestershire Constabulary,Gloucestershire Constabulary,-2.173553,51.936069,On or near Pancake Lane,E01022442,Tewkesbury 006B,Burglary,Investigation complete; no suspect identified,
7e71707eb447667bab1dc6940c81c7880a86da5b849f5bce918c4c36a04684a8,2022-02,Gloucestershire Constabulary,Gloucestershire Constabulary,-2.218461,51.910460,On or near Park/Open Space,E01022442,Tewkesbury 006B,Violence and sexual offences,Unable to prosecute suspect,
ad2f5496c7cb46e5d11eb38f9bac380ca0adfb353cec656e82fe98a77cb0d090,2022-02,Gloucestershire Constabulary,Gloucestershire Constabulary,-2.247796,51.904999,On or near Sandhurst Lane,E01022442,Tewkesbury 006B,Violence and sexual offences,Unable to prosecute suspect,
a23f5072a8b6d96230e4e2cfd2eb5797ec9971c47bd02aa2bdecd99aad6308a1,2022-02,Gloucestershire Constabulary,Gloucestershire Constabulary,-2.218461,51.910460,On or near Park/Open Space,E01022442,Tewkesbury 006B,Violence and sexual offences,Unable to prosecute suspect,
f0cb261b71654f9d6b7ca828ecea1da127136596f872d3461b8af20548429c90,2022-02,Gloucestershire Constabulary,Gloucestershire Constabulary,-2.191890,51.914553,On or near Marlpit Lane,E01022442,Tewkesbury 006B,Violence and sexual offences,Unable to prosecute suspect,
,2022-02,Gloucestershire Constabulary,Gloucestershire Constabulary,-2.278495,51.890994,On or near A417,E01022443,Tewkesbury 006C,Anti-social behaviour,,
,2022-02,Gloucestershire Constabulary,Gloucestershire Constabulary,-2.278495,51.890994,On or near A417,E01022443,Tewkesbury 006C,Anti-social behaviour,,
57388863fe5646fc4dfd778ea344967b7fdb73433f92767e5d1d6a360bf176a9,2022-02,Gloucestershire Constabulary,Gloucestershire Constabulary,-2.278495,51.890994,On or near A417,E01022443,Tewkesbury 006C,Burglary,Investigation complete; no suspect identified,
70941b515399f6186eb64c3530891d20c3d54c6e380d5c6c9b8d1733192b30aa,2022-02,Gloucestershire Constabulary,Gloucestershire Constabulary,-2.270406,51.891813,On or near Park/Open Space,E01022443,Tewkesbury 006C,Criminal damage and arson,Investigation complete; no suspect identified,
0ab60707e57b76919b9c32b24209de6457fe45252242016327eb8264a912ec51,2022-02,Gloucestershire Constabulary,Gloucestershire Constabulary,-2.272847,51.889281,On or near Stanleigh Terrace,E01022443,Tewkesbury 006C,Public order,Unable to prosecute suspect,
971845258beb10e39444ae36bb13a1e8f8ccce339ac7c4f6e561943aabffcd20,2022-02,Gloucestershire Constabulary,Gloucestershire Constabulary,-2.300582,51.880106,On or near Lassington Grove,E01022443,Tewkesbury 006C,Violence and sexual offences,Unable to prosecute suspect,
e699909802d5ae42e4842dba52be5fca319757c2f2368cf1b37c27f700ffd82b,2022-02,Gloucestershire Constabulary,Gloucestershire Constabulary,-2.305294,51.859432,On or near Petrol Station,E01022444,Tewkesbury 006D,Criminal damage and arson,Investigation complete; no suspect identified,
5a7d48bfc01f111ac35d0b35cddf5410044b690bfb2d4f293018625a961680bc,2022-02,Gloucestershire Constabulary,Gloucestershire Constabulary,-2.280111,51.870527,On or near Pedestrian Subway,E01022444,Tewkesbury 006D,Criminal damage and arson,Investigation complete; no suspect identified,
3c9550e825efa90dec1ca238cc94cdbb30c7d7130832d06a222877a15f5b8076,2022-02,Gloucestershire Constabulary,Gloucestershire Constabulary,-2.300983,51.870493,On or near Park/Open Space,E01022444,Tewkesbury 006D,Drugs,Court result unavailable,
a75b4db3908c5a618fd48d93a9714b261a58bc9143bfff7639527bebacc1491d,2022-02,Gloucestershire Constabulary,Gloucestershire Constabulary,-2.295344,51.876720,On or near Turners Close,E01022444,Tewkesbury 006D,Drugs,Unable to prosecute suspect,
458d60d5dc7cf1e982220ceeb6e964d74cae4d03511fe8ef1a499a55758ab02a,2022-02,Gloucestershire Constabulary,Gloucestershire Constabulary,-2.305294,51.859432,On or near Petrol Station,E01022444,Tewkesbury 006D,Public order,Investigation complete; no suspect identified,
700a748662c406ffbe251c47d79bb848b604884437eead691e3e6ff64ba8df70,2022-02,Gloucestershire Constabulary,Gloucestershire Constabulary,-2.270135,51.875702,On or near Horseshoe Drive,E01022444,Tewkesbury 006D,Public order,Unable to prosecute suspect,
28b68f6ceae34a542dbe3d0e20d90103d2567826524adbd617763427f18446e3,2022-02,Gloucestershire Constabulary,Gloucestershire Constabulary,-2.305294,51.859432,On or near Petrol Station,E01022444,Tewkesbury 006D,Violence and sexual offences,Unable to prosecute suspect,
,2022-02,Gloucestershire Constabulary,Gloucestershire Constabulary,-2.178396,51.880921,On or near Melville Road,E01022425,Tewkesbury 007A,Anti-social behaviour,,
,2022-02,Gloucestershire Constabulary,Gloucestershire Constabulary,-2.175358,51.880638,On or near Shackleton Close,E01022425,Tewkesbury 007A,Anti-social behaviour,,
fdd4aa4b2062f7419b2914cd10bbb8476a965f5fda4f061cbd28c099986f5332,2022-02,Gloucestershire Constabulary,Gloucestershire Constabulary,-2.178396,51.880921,On or near Melville Road,E01022425,Tewkesbury 007A,Burglary,Investigation complete; no suspect identified,
b7bbf7ba52f4dd02e6b6811c017f89bb41ed5e95520623de35820d98699da72c,2022-02,Gloucestershire Constabulary,Gloucestershire Constabulary,-2.178874,51.880731,On or near Winston Road,E01022425,Tewkesbury 007A,Burglary,Investigation complete; no suspect identified,
389429c4c2e3f24385b39231b04b28b29d9bde6f1be040c398625cd19abb1b3e,2022-02,Gloucestershire Constabulary,Gloucestershire Constabulary,-2.180559,51.880504,On or near Alms Close,E01022425,Tewkesbury 007A,Public order,Investigation complete; no suspect identified,
b57c4324cd3a9f473c2a294d4bbe349156e750656ce008ca91c20e7064ff080d,2022-02,Gloucestershire Constabulary,Gloucestershire Constabulary,-2.180335,51.878985,On or near Chosen Drive,E01022425,Tewkesbury 007A,Violence and sexual offences,Unable to prosecute suspect,
,2022-02,Gloucestershire Constabulary,Gloucestershire Constabulary,-2.161230,51.878572,On or near Brookfield Road,E01022426,Tewkesbury 007B,Anti-social behaviour,,
,2022-02,Gloucestershire Constabulary,Gloucestershire Constabulary,-2.163763,51.876051,On or near Oldbury Orchard,E01022426,Tewkesbury 007B,Anti-social behaviour,,
9fd2fd192656041ce25e5ae152009c9f604327950d6fc6210c9d94d0539cbd12,2022-02,Gloucestershire Constabulary,Gloucestershire Constabulary,-2.169767,51.873408,On or near Criftycraft Lane,E01022426,Tewkesbury 007B,Other theft,Unable to prosecute suspect,
ee30fdd244918d6b6004adaf297381c1e0916dd670181b40f1db876c919a22ff,2022-02,Gloucestershire Constabulary,Gloucestershire Constabulary,-2.163455,51.879306,On or near Kaybourne Crescent,E01022426,Tewkesbury 007B,Violence and sexual offences,Unable to prosecute suspect,
e590d9df31ed7af1932976ead8214127ddc60a89b220824a4543cdf740cda6e3,2022-02,Gloucestershire Constabulary,Gloucestershire Constabulary,-2.171538,51.877011,On or near Howcroft,E01022427,Tewkesbury 007C,Burglary,Investigation complete; no suspect identified,
c24bd32c24f967f62a50035f6bfcf6531fe0b5ade93fd986c36ae180969036cc,2022-02,Gloucestershire Constabulary,Gloucestershire Constabulary,-2.167049,51.876910,On or near Blacksmith Lane,E01022427,Tewkesbury 007C,Criminal damage and arson,Unable to prosecute suspect,
0bb7da057660d789c82a8ba5a22fd2000e050e42bdd57c773bc79f4684c7185b,2022-02,Gloucestershire Constabulary,Gloucestershire Constabulary,-2.167049,51.876910,On or near Blacksmith Lane,E01022427,Tewkesbury 007C,Violence and sexual offences,Unable to prosecute suspect,
5f7d85615b1083bd5bf59d7f4c3d1a7992d079af6881b6db47c60d52222684a4,2022-02,Gloucestershire Constabulary,Gloucestershire Constabulary,-2.167049,51.876910,On or near Blacksmith Lane,E01022427,Tewkesbury 007C,Violence and sexual offences,Unable to prosecute suspect,
,2022-02,Gloucestershire Constabulary,Gloucestershire Constabulary,-2.193578,51.884583,On or near Parkside Drive,E01022428,Tewkesbury 007D,Anti-social behaviour,,
,2022-02,Gloucestershire Constabulary,Gloucestershire Constabulary,-2.189130,51.887414,On or near Forsythia Close,E01022428,Tewkesbury 007D,Anti-social behaviour,,
d08389491aeb1fb00aa28f33fe93717121a25feee6796a861399106c59264bca,2022-02,Gloucestershire Constabulary,Gloucestershire Constabulary,-2.190667,51.886701,On or near Salvia Close,E01022428,Tewkesbury 007D,Burglary,Investigation complete; no suspect identified,
249d7089796d42ffbab9b50809eaadc67a51ac149e6d7dd7f0a60bf5ade8c37d,2022-02,Gloucestershire Constabulary,Gloucestershire Constabulary,-2.193578,51.884583,On or near Parkside Drive,E01022428,Tewkesbury 007D,Burglary,Investigation complete; no suspect identified,
4948113ef5342af90f44fc606c50d0b5ced51c21962c0978c8e1752548725ac4,2022-02,Gloucestershire Constabulary,Gloucestershire Constabulary,-2.193578,51.884583,On or near Parkside Drive,E01022428,Tewkesbury 007D,Burglary,Investigation complete; no suspect identified,
38cec3d66bdb995edc7c238b30899bbd4d63eb232326c42fc4875c1e69c3b7a5,2022-02,Gloucestershire Constabulary,Gloucestershire Constabulary,-2.193578,51.884583,On or near Parkside Drive,E01022428,Tewkesbury 007D,Burglary,Investigation complete; no suspect identified,
1a61dac2f9b6cb74c5f2392c1b87c85b1af71aff1c6c78360536c9cca901252b,2022-02,Gloucestershire Constabulary,Gloucestershire Constabulary,-2.190654,51.883608,On or near Lime Court,E01022428,Tewkesbury 007D,Burglary,Investigation complete; no suspect identified,
94a2207522d0b6fdc5ff4d2c3f1909d1cd1ad64c71376b9bdcfe400dd9b218a7,2022-02,Gloucestershire Constabulary,Gloucestershire Constabulary,-2.192617,51.884036,On or near Dancey Road,E01022428,Tewkesbury 007D,Criminal damage and arson,Investigation complete; no suspect identified,
9005fcf0f95f76911312f118490bdaec2e35cdd16c4286a19b77f48121877d36,2022-02,Gloucestershire Constabulary,Gloucestershire Constabulary,-2.191484,51.887410,On or near Shamrock Close,E01022428,Tewkesbury 007D,Criminal damage and arson,Investigation complete; no suspect identified,
3a0ac8249861ee242833244d0c62a0213bff0233b5d147c685ca87d8f5342964,2022-02,Gloucestershire Constabulary,Gloucestershire Constabulary,-2.191508,51.886421,On or near Sage Close,E01022428,Tewkesbury 007D,Drugs,Court result unavailable,
0c755dc3e93ef440aec8c37e8c5859ea29461484ad7c46007362ec2ed40e9505,2022-02,Gloucestershire Constabulary,Gloucestershire Constabulary,-2.193578,51.884583,On or near Parkside Drive,E01022428,Tewkesbury 007D,Public order,Investigation complete; no suspect identified,
076ef380653fd9de1de5d1b7370633aeb5cb3c7f20bbf15a20c0085588e72a34,2022-02,Gloucestershire Constabulary,Gloucestershire Constabulary,-2.188531,51.886794,On or near Cheltenham Road East,E01022428,Tewkesbury 007D,Public order,Investigation complete; no suspect identified,
e51a4c9eb35cb889719d4152e611f4d68b91ec0d60736fafe97ac30912c2b3f8,2022-02,Gloucestershire Constabulary,Gloucestershire Constabulary,-2.191484,51.887410,On or near Shamrock Close,E01022428,Tewkesbury 007D,Robbery,Unable to prosecute suspect,
844ba42fd483ee581cc35ec4a3531302b4a18c347805e5f60d93fcefafdbfee5,2022-02,Gloucestershire Constabulary,Gloucestershire Constabulary,-2.188531,51.886794,On or near Cheltenham Road East,E01022428,Tewkesbury 007D,Shoplifting,Investigation complete; no suspect identified,
fc5057bb59e69747ca582efdbdf48571542921dc80fe2b59c1102c020d551b0c,2022-02,Gloucestershire Constabulary,Gloucestershire Constabulary,-2.191484,51.887410,On or near Shamrock Close,E01022428,Tewkesbury 007D,Violence and sexual offences,Unable to prosecute suspect,
4c9444f8e84afec8726a51989ab71d82fa88531785f8d3269ef0c884311f139e,2022-02,Gloucestershire Constabulary,Gloucestershire Constabulary,-2.189336,51.888034,On or near Japonica Close,E01022428,Tewkesbury 007D,Violence and sexual offences,Unable to prosecute suspect,
f9e9458217a49f91c92773a047e28bb42ba6f04fb607630fc7375a3696e806ee,2022-02,Gloucestershire Constabulary,Gloucestershire Constabulary,-2.190827,51.883284,On or near Grove Road,E01022428,Tewkesbury 007D,Violence and sexual offences,Unable to prosecute suspect,
093c9a583afa3a06d849c93a1b031c516ff6ca28a2526c2a005708d8f94e75b3,2022-02,Gloucestershire Constabulary,Gloucestershire Constabulary,-2.189674,51.882126,On or near Oakhurst Close,E01022428,Tewkesbury 007D,Violence and sexual offences,Unable to prosecute suspect,
,2022-02,Gloucestershire Constabulary,Gloucestershire Constabulary,-2.157794,51.892908,On or near Airport/Airfield,E01022429,Tewkesbury 007E,Anti-social behaviour,,
,2022-02,Gloucestershire Constabulary,Gloucestershire Constabulary,-2.182300,51.890787,On or near Westover Court,E01022429,Tewkesbury 007E,Anti-social behaviour,,
00b7cc813c4ab45996630c39c0943ce8563174050b7709bc0115e3fff30d2e96,2022-02,Gloucestershire Constabulary,Gloucestershire Constabulary,-2.183034,51.885382,On or near Craven Drive,E01022430,Tewkesbury 007F,Burglary,Investigation complete; no suspect identified,
ffbc9a19ecb372ba1d85f11a8cf1ca61a2bc67698355b2c7f6c11c85f969a40e,2022-02,Gloucestershire Constabulary,Gloucestershire Constabulary,-2.189138,51.882370,On or near Yew Tree Way,E01022430,Tewkesbury 007F,Other theft,Investigation complete; no suspect identified,
5827e9f45ec8a5b9cf83310b35e08a43d50cfc578d9970471f87e0b39ff2feb4,2022-02,Gloucestershire Constabulary,Gloucestershire Constabulary,-2.189138,51.882370,On or near Yew Tree Way,E01022430,Tewkesbury 007F,Other theft,Investigation complete; no suspect identified,
59e99f8d691dc10bda88d5aa9359c74d1d79251b4e7505958531e293acbc386a,2022-02,Gloucestershire Constabulary,Gloucestershire Constabulary,-2.190630,51.884750,On or near Petrol Station,E01022430,Tewkesbury 007F,Vehicle crime,Investigation complete; no suspect identified,
fc6dc829faa85243d3784cfe3d59f0b4505cfbe847486efaa3145ca66e7988e6,2022-02,Gloucestershire Constabulary,Gloucestershire Constabulary,-2.183034,51.885382,On or near Craven Drive,E01022430,Tewkesbury 007F,Violence and sexual offences,Unable to prosecute suspect,
418f6c7aed7ea59fbbc2a8867d7d63c04f4bd754457f8bb9c0858b515a7e72ff,2022-02,Gloucestershire Constabulary,Gloucestershire Constabulary,-2.187226,51.883847,On or near Morley Avenue,E01022430,Tewkesbury 007F,Violence and sexual offences,Unable to prosecute suspect,
243cfa9b658fafb9b461bbb1b6bdf1fe2e0d392cba3f1da7d13a7ca30ce68c97,2022-02,Gloucestershire Constabulary,Gloucestershire Constabulary,-2.187226,51.883847,On or near Morley Avenue,E01022430,Tewkesbury 007F,Violence and sexual offences,Unable to prosecute suspect,
32308e9171a2ebe42282db7494784a2fbe635f205ff29d0212e34276d49495e2,2022-02,Gloucestershire Constabulary,Gloucestershire Constabulary,-2.187226,51.883847,On or near Morley Avenue,E01022430,Tewkesbury 007F,Violence and sexual offences,Unable to prosecute suspect,
efaa3006baaaaccbd03565c5e78f76339b0eb572de50125776d4c0f63324594c,2022-02,Gloucestershire Constabulary,Gloucestershire Constabulary,-2.187226,51.883847,On or near Morley Avenue,E01022430,Tewkesbury 007F,Violence and sexual offences,Unable to prosecute suspect,
b85d49f8a1271e247eebc6be4858a468808f6dd14c11d58c525033fb0aa06f94,2022-02,Gloucestershire Constabulary,Gloucestershire Constabulary,-2.173545,51.896393,On or near Vernon Court,E01022431,Tewkesbury 007G,Other theft,Unable to prosecute suspect,
,2022-02,Gloucestershire Constabulary,Gloucestershire Constabulary,-2.207651,51.886465,On or near Blackbird Avenue,E01022447,Tewkesbury 007H,Anti-social behaviour,,
,2022-02,Gloucestershire Constabulary,Gloucestershire Constabulary,-2.197652,51.889225,On or near Roberts Road,E01022447,Tewkesbury 007H,Anti-social behaviour,,
,2022-02,Gloucestershire Constabulary,Gloucestershire Constabulary,-2.200245,51.887368,On or near Cheshire Road,E01022447,Tewkesbury 007H,Anti-social behaviour,,
f67d53527f5e7719db11b65794bc511ae97c4fdd32183d479191b598e142e3db,2022-02,Gloucestershire Constabulary,Gloucestershire Constabulary,-2.206089,51.884958,On or near Penrose Road,E01022447,Tewkesbury 007H,Criminal damage and arson,Unable to prosecute suspect,
802a1ed7629bc5cd4b5f28d4895cef272e3dabaffe9e85fb2dea24f577b0c84a,2022-02,Gloucestershire Constabulary,Gloucestershire Constabulary,-2.207651,51.886465,On or near Blackbird Avenue,E01022447,Tewkesbury 007H,Other theft,Investigation complete; no suspect identified,
9ec81360c57b5d04d2d392514f156606a12e1d0cb7f5040d1bfb0c1df1fe7c8d,2022-02,Gloucestershire Constabulary,Gloucestershire Constabulary,-2.198349,51.879262,On or near A40,E01022447,Tewkesbury 007H,Public order,Investigation complete; no suspect identified,
288dd3b439afc8630ab201b317105d6431f797eb0a5cc37eaef583fb9aa61f6b,2022-02,Gloucestershire Constabulary,Gloucestershire Constabulary,-2.207651,51.886465,On or near Blackbird Avenue,E01022447,Tewkesbury 007H,Violence and sexual offences,Unable to prosecute suspect,
,2022-02,Gloucestershire Constabulary,Gloucestershire Constabulary,-2.148485,51.894539,On or near Bamfurlong Lane,E01022420,Tewkesbury 008A,Anti-social behaviour,,
b2b9d703d28681ad67e6f9c2aee00fe394ad88f893ce3d2344631eaaa481f3d0,2022-02,Gloucestershire Constabulary,Gloucestershire Constabulary,-2.141091,51.839955,On or near Cirencester Road,E01022420,Tewkesbury 008A,Burglary,Investigation complete; no suspect identified,
8a30a4563739fa4520d686fed2009c3d86e34ae4cae284981fbae6e4c47ad3a5,2022-02,Gloucestershire Constabulary,Gloucestershire Constabulary,-2.140198,51.842240,On or near Pillcroft Road,E01022420,Tewkesbury 008A,Burglary,Investigation complete; no suspect identified,
da33d626a84c0080eea35f94f136b807ea3613615931d4d88698b49e8de976a3,2022-02,Gloucestershire Constabulary,Gloucestershire Constabulary,-2.122880,51.841540,On or near A417,E01022420,Tewkesbury 008A,Burglary,Investigation complete; no suspect identified,
dd85d3a619dea753f5f5b67fb920fdc71a7f0d392628de307a4e6301dcd9974e,2022-02,Gloucestershire Constabulary,Gloucestershire Constabulary,-2.159375,51.900414,On or near Old Gloucester Road,E01022420,Tewkesbury 008A,Other theft,Investigation complete; no suspect identified,
a664f851d96c1496d02fb9fa8f19ff48e692e613f494e8b12bc9ee2af8e6267f,2022-02,Gloucestershire Constabulary,Gloucestershire Constabulary,-2.159375,51.900414,On or near Old Gloucester Road,E01022420,Tewkesbury 008A,Violence and sexual offences,Unable to prosecute suspect,
df018b6e4f146adf3c428fc288ab838edd058da18baab63dc73b18f8cab6985d,2022-02,Gloucestershire Constabulary,Gloucestershire Constabulary,-2.151558,51.900918,On or near B4063,E01022420,Tewkesbury 008A,Violence and sexual offences,Investigation complete; no suspect identified,
701dfb1ef08649b1be3874ab94af78d19582ee0dbbd2f020bf895997289e0f01,2022-02,Gloucestershire Constabulary,Gloucestershire Constabulary,-2.154044,51.905375,On or near Old Gloucester Road,E01022420,Tewkesbury 008A,Violence and sexual offences,Court result unavailable,
5b60c1b8c8a5b96a9b48794783f90f402915b3253c4a235e40ab5b916d296752,2022-02,Gloucestershire Constabulary,Gloucestershire Constabulary,-2.159375,51.900414,On or near Old Gloucester Road,E01022420,Tewkesbury 008A,Violence and sexual offences,Unable to prosecute suspect,
,2022-02,Gloucestershire Constabulary,Gloucestershire Constabulary,-2.212920,51.907000,On or near A38,E01022448,Tewkesbury 008B,Anti-social behaviour,,
0ba1ff01646550218dcdc770bfae900a45f217071c8a4f037924cfd2e872e333,2022-02,Gloucestershire Constabulary,Gloucestershire Constabulary,-2.210768,51.888249,On or near Bullfinch Way,E01022448,Tewkesbury 008B,Other theft,Unable to prosecute suspect,
047f8471ae5324366634f3d1c52218a84a99c7950a89bb9e6394da61388c75c1,2022-02,Gloucestershire Constabulary,Gloucestershire Constabulary,-2.204040,51.887946,On or near Gray Close,E01022448,Tewkesbury 008B,Violence and sexual offences,Unable to prosecute suspect,
daf1213ceb23c1b53fcea3ebcd9bbc06b65118880b90f1b4f5af61bd1f6e044c,2022-02,Gloucestershire Constabulary,Gloucestershire Constabulary,-2.212920,51.907000,On or near A38,E01022448,Tewkesbury 008B,Violence and sexual offences,Unable to prosecute suspect,
b787d54eaa071eead55e039b03119d3e1b952d60c399247d1583c1234c4b7fb3,2022-02,Gloucestershire Constabulary,Gloucestershire Constabulary,-2.204177,51.886121,On or near Shearwater Grove,E01022448,Tewkesbury 008B,Violence and sexual offences,Unable to prosecute suspect,
f65b600d69ffcbe898ce02ed8a1808466492b8b5e9aa7c9704bb44ac471b327b,2022-02,Gloucestershire Constabulary,Gloucestershire Constabulary,-2.077897,51.857636,On or near Hartley Lane,E01022454,Tewkesbury 008C,Criminal damage and arson,Investigation complete; no suspect identified,
82706140517f1dda7076bf82d5f9e921d6100df709439c0c9e7e28ca0bc8f708,2022-02,Gloucestershire Constabulary,Gloucestershire Constabulary,-2.119647,51.864956,On or near Wilson Road,E01022454,Tewkesbury 008C,Criminal damage and arson,Investigation complete; no suspect identified,
31b710a90e39c20aae45ea8e82f5db05545eada422cbf52c9e17b28b167fb493,2022-02,Gloucestershire Constabulary,Gloucestershire Constabulary,-2.120113,51.865513,On or near Atherton Close,E01022454,Tewkesbury 008C,Criminal damage and arson,Court result unavailable,
af4e871ee2d56ec2959de3d3a4ebbebde3b504f8c1fec2f5a79090a2ae8eee02,2022-02,Gloucestershire Constabulary,Gloucestershire Constabulary,-2.104895,51.872387,On or near Sports/Recreation Area,E01022454,Tewkesbury 008C,Criminal damage and arson,Investigation complete; no suspect identified,
2b0294837feac176637d658302b2fa94192aab40a001c2ca6a09703ff9f63a0c,2022-02,Gloucestershire Constabulary,Gloucestershire Constabulary,-2.118477,51.867465,On or near Marsh Terrace,E01022454,Tewkesbury 008C,Public order,Investigation complete; no suspect identified,
4a4cfe8bc19358a18ca65c9eda5adca1e6a140db5e7891c02b0a3aebb251f6ea,2022-02,Gloucestershire Constabulary,Gloucestershire Constabulary,-2.120113,51.865513,On or near Atherton Close,E01022454,Tewkesbury 008C,Violence and sexual offences,Court result unavailable,
c3658df3928ea4a065249ff8d11a0aaa0399746270bd608227882c85d39fab62,2022-02,Gloucestershire Constabulary,Gloucestershire Constabulary,-2.118477,51.867465,On or near Marsh Terrace,E01022454,Tewkesbury 008C,Violence and sexual offences,Investigation complete; no suspect identified,
146b534d5b325d3760815d659044f169dc0dd3575a129b442a1b269b8e46c2a3,2022-02,Gloucestershire Constabulary,Gloucestershire Constabulary,-2.120113,51.865513,On or near Atherton Close,E01022454,Tewkesbury 008C,Violence and sexual offences,Unable to prosecute suspect,
880cac1c80f74f43e6100fb9b33cf0bd492aa605d536c60ea3f83b51967738ba,2022-02,Gloucestershire Constabulary,Gloucestershire Constabulary,-2.158548,51.847234,On or near Supermarket,E01022421,Tewkesbury 009A,Drugs,Awaiting court outcome,
,2022-02,Gloucestershire Constabulary,Gloucestershire Constabulary,-2.158875,51.845075,On or near St Patrick'S Court,E01022421,Tewkesbury 009A,Anti-social behaviour,,
,2022-02,Gloucestershire Constabulary,Gloucestershire Constabulary,-2.158875,51.845075,On or near St Patrick'S Court,E01022421,Tewkesbury 009A,Anti-social behaviour,,
,2022-02,Gloucestershire Constabulary,Gloucestershire Constabulary,-2.154932,51.842626,On or near Buckholt Way,E01022421,Tewkesbury 009A,Anti-social behaviour,,
,2022-02,Gloucestershire Constabulary,Gloucestershire Constabulary,-2.158875,51.845075,On or near St Patrick'S Court,E01022421,Tewkesbury 009A,Anti-social behaviour,,
,2022-02,Gloucestershire Constabulary,Gloucestershire Constabulary,-2.155399,51.843210,On or near Chandos Drive,E01022421,Tewkesbury 009A,Anti-social behaviour,,
5b6597b66cea76f3e8673b155ceb88038e2dc8c3f49085bd72b6e82ab781b745,2022-02,Gloucestershire Constabulary,Gloucestershire Constabulary,-2.158376,51.847674,On or near Parking Area,E01022421,Tewkesbury 009A,Drugs,Court result unavailable,
ed6c64affaaf0ef2a9034c7a7f6442e1383cad6f5c5b4e35fd6f8a4491603c0d,2022-02,Gloucestershire Constabulary,Gloucestershire Constabulary,-2.157965,51.842190,On or near Green Acre,E01022421,Tewkesbury 009A,Public order,Court result unavailable,
183a499e07200b0552d4473d40d097da0161b591420c94cf72682aab78a66f0b,2022-02,Gloucestershire Constabulary,Gloucestershire Constabulary,-2.154932,51.842626,On or near Buckholt Way,E01022421,Tewkesbury 009A,Public order,Investigation complete; no suspect identified,
45ffe8a5afaffd0ff822f859be60953d04508f6ccb754c5c5e4427e6357a4446,2022-02,Gloucestershire Constabulary,Gloucestershire Constabulary,-2.160658,51.844444,On or near Seabrook Road,E01022421,Tewkesbury 009A,Violence and sexual offences,Unable to prosecute suspect,
24f22c7d067e96a1848ad475768d7c1711ff9ac6c6cd440dc68f6f19b00ea649,2022-02,Gloucestershire Constabulary,Gloucestershire Constabulary,-2.149942,51.843550,On or near Tone Drive,E01022422,Tewkesbury 009B,Public order,Investigation complete; no suspect identified,
,2022-02,Gloucestershire Constabulary,Gloucestershire Constabulary,-2.160589,51.849541,On or near Fairhaven Avenue,E01022423,Tewkesbury 009C,Anti-social behaviour,,
4800d1026e96ed104d2e359430334883d91a1b552146592cb5b097679c50b47f,2022-02,Gloucestershire Constabulary,Gloucestershire Constabulary,-2.145092,51.847323,On or near Goldfinch Walk,E01022423,Tewkesbury 009C,Public order,Unable to prosecute suspect,
c306a7f91da11b878e0919fa23195b309e7c30be726b0b48bd7e78e66244593d,2022-02,Gloucestershire Constabulary,Gloucestershire Constabulary,-2.146401,51.848050,On or near Sports/Recreation Area,E01022423,Tewkesbury 009C,Public order,Investigation complete; no suspect identified,
84f2032d59d0bd3add639b4f7ac2c4420a39e2a568854085f9e9a5d472c75d13,2022-02,Gloucestershire Constabulary,Gloucestershire Constabulary,-2.160851,51.849604,On or near St Annes Close,E01022423,Tewkesbury 009C,Violence and sexual offences,Unable to prosecute suspect,
08d4b5d7c82c847215209a91acfc0486e17f446d6bba7616c2bbf884c9064a89,2022-02,Gloucestershire Constabulary,Gloucestershire Constabulary,-2.163434,51.849367,On or near Ermin Park,E01022423,Tewkesbury 009C,Violence and sexual offences,Unable to prosecute suspect,
180cfd9c76f5c0e8daa29263745c4e71248555ce45d7d398aa118587acd00556,2022-02,Gloucestershire Constabulary,Gloucestershire Constabulary,-2.160589,51.849541,On or near Fairhaven Avenue,E01022423,Tewkesbury 009C,Violence and sexual offences,Formal action is not in the public interest,
86dacf3972cdded8dafb00d83468336730d7578bead1b08cabedea1d02752d1a,2022-02,Gloucestershire Constabulary,Gloucestershire Constabulary,-2.160655,51.847671,On or near Boverton Avenue,E01022423,Tewkesbury 009C,Violence and sexual offences,Unable to prosecute suspect,
029be1aa9c30b570b115950b69e81fc4a7e49406ed7bf1d6b375ead26b8ff220,2022-02,Gloucestershire Constabulary,Gloucestershire Constabulary,-2.163434,51.849367,On or near Ermin Park,E01022423,Tewkesbury 009C,Violence and sexual offences,Unable to prosecute suspect,
5a4a298b3e3a1cc5887b52a9157735bbbe07e0c07128b5a6f26cce7bd8874aec,2022-02,Gloucestershire Constabulary,Gloucestershire Constabulary,-2.163631,51.851587,On or near Elm Drive,E01022423,Tewkesbury 009C,Violence and sexual offences,Unable to prosecute suspect,
fb8fc1b668d0215a56e8a4b9232fbc4f9e16dcd7db0de37135671d3dcef51cd2,2022-02,Gloucestershire Constabulary,Gloucestershire Constabulary,-2.163631,51.851587,On or near Elm Drive,E01022423,Tewkesbury 009C,Other crime,Formal action is not in the public interest,
19416195e087a4ef0d9a5a8b34d929ff5037cac76dd436f5ba99ec1966e00b0f,2022-02,Gloucestershire Constabulary,Gloucestershire Constabulary,-2.145331,51.845084,On or near Shurdington Road,E01022424,Tewkesbury 009D,Other theft,Investigation complete; no suspect identified,
f803d8d431a8aea0f9c93b1d41dbda0e4abcebd0d31026ac7c0fab83e6ce0e67,2022-02,Gloucestershire Constabulary,Gloucestershire Constabulary,-2.154347,51.845477,On or near Moorfield Road,E01022424,Tewkesbury 009D,Other theft,Local resolution,
96508ee1c76079cd1581c863ef6350b48a5a4a374b96e03c20d4675357d133fc,2022-02,Gloucestershire Constabulary,Gloucestershire Constabulary,-2.158545,51.850389,On or near Court Road,E01022424,Tewkesbury 009D,Violence and sexual offences,Unable to prosecute suspect,
0fa9106dfb6abc7475446afc63cfb328a0ad00280720223694aa5de86d2b17cc,2022-02,Gloucestershire Constabulary,Gloucestershire Constabulary,-2.158545,51.850389,On or near Court Road,E01022424,Tewkesbury 009D,Violence and sexual offences,Unable to prosecute suspect,
daad0cec05adc81f29dfa693754608afff57aa293d933bbd9c76792e6595b9ec,2022-02,Gloucestershire Constabulary,Gloucestershire Constabulary,-2.151435,51.847018,On or near Tamar Road,E01022424,Tewkesbury 009D,Violence and sexual offences,Investigation complete; no suspect identified,
59d6b01f2db09a87cc082bec747d80ea4538ebef2f55ea57136e4b11c2da21db,2022-02,Gloucestershire Constabulary,Gloucestershire Constabulary,-2.153525,51.846926,On or near Sports/Recreation Area,E01022424,Tewkesbury 009D,Violence and sexual offences,Investigation complete; no suspect identified,
87fd34160c4991f482e12fb9049fe5f7b2d39885e8a26285438dc434f8eaf1db,2022-02,Gloucestershire Constabulary,Gloucestershire Constabulary,-2.158545,51.850389,On or near Court Road,E01022424,Tewkesbury 009D,Violence and sexual offences,Unable to prosecute suspect,
,2022-02,Gloucestershire Constabulary,Gloucestershire Constabulary,-2.180531,51.848362,On or near Dryland Mews,E01022446,Tewkesbury 009E,Anti-social behaviour,,
,2022-02,Gloucestershire Constabulary,Gloucestershire Constabulary,-2.170405,51.850049,On or near Bulford Close,E01022446,Tewkesbury 009E,Anti-social behaviour,,
481756f91c762057397241cf5f93fc1bfe81b1b67e0fa4e54367b19c3a97938e,2022-02,Gloucestershire Constabulary,Gloucestershire Constabulary,-2.170405,51.850049,On or near Bulford Close,E01022446,Tewkesbury 009E,Criminal damage and arson,Investigation complete; no suspect identified,
8d1bcb6a8fc53f3f6f2cdee035d729ceb9667fc24f30c2031e0866b639363676,2022-02,Gloucestershire Constabulary,Gloucestershire Constabulary,-2.177523,51.847557,On or near Pioneer Avenue,E01022446,Tewkesbury 009E,Criminal damage and arson,Investigation complete; no suspect identified,
592931979cb8600a963f02d4ca4a19664ddc51d75122264febe03ff65a924f10,2022-02,Gloucestershire Constabulary,Gloucestershire Constabulary,-2.180071,51.842249,On or near Beamont Walk,E01022446,Tewkesbury 009E,Criminal damage and arson,Unable to prosecute suspect,
40e9245c5c80aac9fb8136058e8aa580b8157961c17a46654e538fdab60dcd14,2022-02,Gloucestershire Constabulary,Gloucestershire Constabulary,-2.173079,51.847087,On or near Petrol Station,E01022446,Tewkesbury 009E,Public order,Investigation complete; no suspect identified,
37e665cf0b4728e2856c83907d30b900df9b81864b575932a95ba146e29b5cfa,2022-02,Gloucestershire Constabulary,Gloucestershire Constabulary,-2.170405,51.850049,On or near Bulford Close,E01022446,Tewkesbury 009E,Shoplifting,Investigation complete; no suspect identified,
7760ebb863e4a2838a65ff3141887a8807e3b9e9ba64e81b507daae5d038739e,2022-02,Gloucestershire Constabulary,Gloucestershire Constabulary,-2.173079,51.847087,On or near Petrol Station,E01022446,Tewkesbury 009E,Shoplifting,Investigation complete; no suspect identified,
8c75df10a7b31c37c9bfd7863bb3f0c5d2806b01657e627290e2cdb56530f60d,2022-02,Gloucestershire Constabulary,Gloucestershire Constabulary,-2.173079,51.847087,On or near Petrol Station,E01022446,Tewkesbury 009E,Shoplifting,Investigation complete; no suspect identified,
ae17a93523546994a70196c198a720cf01ad90834e0f0a52db5d66d3574f07d0,2022-02,Gloucestershire Constabulary,Gloucestershire Constabulary,-2.180071,51.842249,On or near Beamont Walk,E01022446,Tewkesbury 009E,Violence and sexual offences,Unable to prosecute suspect,
8f56c1e1b3894a8fa17c0b7607779f6d298b008b8b54a1183ecb5c390667fb64,2022-02,Gloucestershire Constabulary,Gloucestershire Constabulary,-2.170218,51.850589,On or near Cowsley Drive,E01022446,Tewkesbury 009E,Violence and sexual offences,Unable to prosecute suspect,
b8917f79c5500830abb172543c9cb9dc1f50e282cc752ba592df678ddbd60b8c,2022-02,Gloucestershire Constabulary,Gloucestershire Constabulary,-2.181339,51.843514,On or near Sentinel Way,E01022446,Tewkesbury 009E,Violence and sexual offences,Unable to prosecute suspect,
68cbe911bb5adf5b35ba8f39abd8db6ecd9262274622df91b5ec357f709c7b7e,2022-02,Gloucestershire Constabulary,Gloucestershire Constabulary,-2.181339,51.843514,On or near Sentinel Way,E01022446,Tewkesbury 009E,Violence and sexual offences,Unable to prosecute suspect,
e4f688362b0354fc0864563196f692689cc1cf62f372a976e8602dba6813cee0,2022-02,Gloucestershire Constabulary,Gloucestershire Constabulary,-2.168651,51.850789,On or near Prince Albert Court,E01022446,Tewkesbury 009E,Violence and sexual offences,Unable to prosecute suspect,
1dfe38850f85ac5ffb7cbc4fb9c65eb47c7bb5573e4112dbb460e3a404fad035,2022-02,Gloucestershire Constabulary,Gloucestershire Constabulary,-2.176237,51.852711,On or near Colerne Drive,E01022446,Tewkesbury 009E,Violence and sexual offences,Action to be taken by another organisation,
4fba1c63ba4aa973c960d3b9770262c3270bcf931b5437320e15e503ace22a3d,2022-02,Gloucestershire Constabulary,Gloucestershire Constabulary,-2.183447,51.844230,On or near Lobleys Drive,E01034808,Tewkesbury 009G,Violence and sexual offences,Court result unavailable,
7efdc1aaf46df81543f2d89bbcdd7cf683f725a35e14feab31486f4f9124b9d5,2022-02,Gloucestershire Constabulary,Gloucestershire Constabulary,-2.065784,51.944630,On or near Furlong Lane,E01022438,Tewkesbury 010E,Drugs,Unable to prosecute suspect,
,2022-02,Gloucestershire Constabulary,Gloucestershire Constabulary,-3.050104,51.660989,On or near Cam Court,W01001536,Torfaen 009C,Anti-social behaviour,,
ce47d5c5a8d6468cfa42347e8420f952910d2c2c42af1817ecd8e025462708d4,2022-02,Gloucestershire Constabulary,Gloucestershire Constabulary,-1.549571,51.934411,On or near Hill Close,E01028781,West Oxfordshire 001B,Violence and sexual offences,Unable to prosecute suspect,
7c5dc7a93bd35c6731ebb47c0b1f2080360e40f99b4d52fe68adc748193d5065,2022-02,Gloucestershire Constabulary,Gloucestershire Constabulary,-1.549571,51.934411,On or near Hill Close,E01028781,West Oxfordshire 001B,Violence and sexual offences,Unable to prosecute suspect,
069a86fb0f9fb93e078eeaad5e9edad56997c96325ee45c7c73873bc24e7d6c1,2022-02,Gloucestershire Constabulary,Gloucestershire Constabulary,-1.886310,51.670495,On or near Cirencester Road,E01031935,Wiltshire 001C,Public order,Investigation complete; no suspect identified,
,2022-02,Gloucestershire Constabulary,Gloucestershire Constabulary,-1.925833,51.320569,On or near A342,E01031883,Wiltshire 034D,Anti-social behaviour,,
,2022-02,Gloucestershire Constabulary,Gloucestershire Constabulary,-1.925833,51.320569,On or near A342,E01031883,Wiltshire 034D,Anti-social behaviour,,
18b413c215afe6762179729b238e3268ec4428927ba517038b9eff49fada1ac8,2022-02,Gloucestershire Constabulary,Gloucestershire Constabulary,-2.138273,52.047115,On or near M50,E01032372,Wychavon 019C,Other crime,Unable to prosecute suspect,
,2022-02,Gloucestershire Constabulary,Gloucestershire Constabulary,,,No Location,,,Anti-social behaviour,,
,2022-02,Gloucestershire Constabulary,Gloucestershire Constabulary,,,No Location,,,Anti-social behaviour,,
,2022-02,Gloucestershire Constabulary,Gloucestershire Constabulary,,,No Location,,,Anti-social behaviour,,
,2022-02,Gloucestershire Constabulary,Gloucestershire Constabulary,,,No Location,,,Anti-social behaviour,,
,2022-02,Gloucestershire Constabulary,Gloucestershire Constabulary,,,No Location,,,Anti-social behaviour,,
,2022-02,Gloucestershire Constabulary,Gloucestershire Constabulary,,,No Location,,,Anti-social behaviour,,
,2022-02,Gloucestershire Constabulary,Gloucestershire Constabulary,,,No Location,,,Anti-social behaviour,,
,2022-02,Gloucestershire Constabulary,Gloucestershire Constabulary,,,No Location,,,Anti-social behaviour,,
,2022-02,Gloucestershire Constabulary,Gloucestershire Constabulary,,,No Location,,,Anti-social behaviour,,
,2022-02,Gloucestershire Constabulary,Gloucestershire Constabulary,,,No Location,,,Anti-social behaviour,,
,2022-02,Gloucestershire Constabulary,Gloucestershire Constabulary,,,No Location,,,Anti-social behaviour,,
,2022-02,Gloucestershire Constabulary,Gloucestershire Constabulary,,,No Location,,,Anti-social behaviour,,
,2022-02,Gloucestershire Constabulary,Gloucestershire Constabulary,,,No Location,,,Anti-social behaviour,,
,2022-02,Gloucestershire Constabulary,Gloucestershire Constabulary,,,No Location,,,Anti-social behaviour,,
,2022-02,Gloucestershire Constabulary,Gloucestershire Constabulary,,,No Location,,,Anti-social behaviour,,
,2022-02,Gloucestershire Constabulary,Gloucestershire Constabulary,,,No Location,,,Anti-social behaviour,,
,2022-02,Gloucestershire Constabulary,Gloucestershire Constabulary,,,No Location,,,Anti-social behaviour,,
,2022-02,Gloucestershire Constabulary,Gloucestershire Constabulary,,,No Location,,,Anti-social behaviour,,
,2022-02,Gloucestershire Constabulary,Gloucestershire Constabulary,,,No Location,,,Anti-social behaviour,,
,2022-02,Gloucestershire Constabulary,Gloucestershire Constabulary,,,No Location,,,Anti-social behaviour,,
,2022-02,Gloucestershire Constabulary,Gloucestershire Constabulary,,,No Location,,,Anti-social behaviour,,
,2022-02,Gloucestershire Constabulary,Gloucestershire Constabulary,,,No Location,,,Anti-social behaviour,,
,2022-02,Gloucestershire Constabulary,Gloucestershire Constabulary,,,No Location,,,Anti-social behaviour,,
,2022-02,Gloucestershire Constabulary,Gloucestershire Constabulary,,,No Location,,,Anti-social behaviour,,
,2022-02,Gloucestershire Constabulary,Gloucestershire Constabulary,,,No Location,,,Anti-social behaviour,,
,2022-02,Gloucestershire Constabulary,Gloucestershire Constabulary,,,No Location,,,Anti-social behaviour,,
,2022-02,Gloucestershire Constabulary,Gloucestershire Constabulary,,,No Location,,,Anti-social behaviour,,
,2022-02,Gloucestershire Constabulary,Gloucestershire Constabulary,,,No Location,,,Anti-social behaviour,,
,2022-02,Gloucestershire Constabulary,Gloucestershire Constabulary,,,No Location,,,Anti-social behaviour,,
,2022-02,Gloucestershire Constabulary,Gloucestershire Constabulary,,,No Location,,,Anti-social behaviour,,
,2022-02,Gloucestershire Constabulary,Gloucestershire Constabulary,,,No Location,,,Anti-social behaviour,,
,2022-02,Gloucestershire Constabulary,Gloucestershire Constabulary,,,No Location,,,Anti-social behaviour,,
,2022-02,Gloucestershire Constabulary,Gloucestershire Constabulary,,,No Location,,,Anti-social behaviour,,
,2022-02,Gloucestershire Constabulary,Gloucestershire Constabulary,,,No Location,,,Anti-social behaviour,,
,2022-02,Gloucestershire Constabulary,Gloucestershire Constabulary,,,No Location,,,Anti-social behaviour,,
,2022-02,Gloucestershire Constabulary,Gloucestershire Constabulary,,,No Location,,,Anti-social behaviour,,
,2022-02,Gloucestershire Constabulary,Gloucestershire Constabulary,,,No Location,,,Anti-social behaviour,,
,2022-02,Gloucestershire Constabulary,Gloucestershire Constabulary,,,No Location,,,Anti-social behaviour,,
,2022-02,Gloucestershire Constabulary,Gloucestershire Constabulary,,,No Location,,,Anti-social behaviour,,
,2022-02,Gloucestershire Constabulary,Gloucestershire Constabulary,,,No Location,,,Anti-social behaviour,,
,2022-02,Gloucestershire Constabulary,Gloucestershire Constabulary,,,No Location,,,Anti-social behaviour,,
,2022-02,Gloucestershire Constabulary,Gloucestershire Constabulary,,,No Location,,,Anti-social behaviour,,
,2022-02,Gloucestershire Constabulary,Gloucestershire Constabulary,,,No Location,,,Anti-social behaviour,,
,2022-02,Gloucestershire Constabulary,Gloucestershire Constabulary,,,No Location,,,Anti-social behaviour,,
,2022-02,Gloucestershire Constabulary,Gloucestershire Constabulary,,,No Location,,,Anti-social behaviour,,
,2022-02,Gloucestershire Constabulary,Gloucestershire Constabulary,,,No Location,,,Anti-social behaviour,,
,2022-02,Gloucestershire Constabulary,Gloucestershire Constabulary,,,No Location,,,Anti-social behaviour,,
,2022-02,Gloucestershire Constabulary,Gloucestershire Constabulary,,,No Location,,,Anti-social behaviour,,
,2022-02,Gloucestershire Constabulary,Gloucestershire Constabulary,,,No Location,,,Anti-social behaviour,,
,2022-02,Gloucestershire Constabulary,Gloucestershire Constabulary,,,No Location,,,Anti-social behaviour,,
,2022-02,Gloucestershire Constabulary,Gloucestershire Constabulary,,,No Location,,,Anti-social behaviour,,
,2022-02,Gloucestershire Constabulary,Gloucestershire Constabulary,,,No Location,,,Anti-social behaviour,,
,2022-02,Gloucestershire Constabulary,Gloucestershire Constabulary,,,No Location,,,Anti-social behaviour,,
,2022-02,Gloucestershire Constabulary,Gloucestershire Constabulary,,,No Location,,,Anti-social behaviour,,
,2022-02,Gloucestershire Constabulary,Gloucestershire Constabulary,,,No Location,,,Anti-social behaviour,,
,2022-02,Gloucestershire Constabulary,Gloucestershire Constabulary,,,No Location,,,Anti-social behaviour,,
,2022-02,Gloucestershire Constabulary,Gloucestershire Constabulary,,,No Location,,,Anti-social behaviour,,
,2022-02,Gloucestershire Constabulary,Gloucestershire Constabulary,,,No Location,,,Anti-social behaviour,,
,2022-02,Gloucestershire Constabulary,Gloucestershire Constabulary,,,No Location,,,Anti-social behaviour,,
,2022-02,Gloucestershire Constabulary,Gloucestershire Constabulary,,,No Location,,,Anti-social behaviour,,
,2022-02,Gloucestershire Constabulary,Gloucestershire Constabulary,,,No Location,,,Anti-social behaviour,,
,2022-02,Gloucestershire Constabulary,Gloucestershire Constabulary,,,No Location,,,Anti-social behaviour,,
,2022-02,Gloucestershire Constabulary,Gloucestershire Constabulary,,,No Location,,,Anti-social behaviour,,
,2022-02,Gloucestershire Constabulary,Gloucestershire Constabulary,,,No Location,,,Anti-social behaviour,,
,2022-02,Gloucestershire Constabulary,Gloucestershire Constabulary,,,No Location,,,Anti-social behaviour,,
,2022-02,Gloucestershire Constabulary,Gloucestershire Constabulary,,,No Location,,,Anti-social behaviour,,
,2022-02,Gloucestershire Constabulary,Gloucestershire Constabulary,,,No Location,,,Anti-social behaviour,,
,2022-02,Gloucestershire Constabulary,Gloucestershire Constabulary,,,No Location,,,Anti-social behaviour,,
,2022-02,Gloucestershire Constabulary,Gloucestershire Constabulary,,,No Location,,,Anti-social behaviour,,
,2022-02,Gloucestershire Constabulary,Gloucestershire Constabulary,,,No Location,,,Anti-social behaviour,,
,2022-02,Gloucestershire Constabulary,Gloucestershire Constabulary,,,No Location,,,Anti-social behaviour,,
,2022-02,Gloucestershire Constabulary,Gloucestershire Constabulary,,,No Location,,,Anti-social behaviour,,
,2022-02,Gloucestershire Constabulary,Gloucestershire Constabulary,,,No Location,,,Anti-social behaviour,,
,2022-02,Gloucestershire Constabulary,Gloucestershire Constabulary,,,No Location,,,Anti-social behaviour,,
,2022-02,Gloucestershire Constabulary,Gloucestershire Constabulary,,,No Location,,,Anti-social behaviour,,
,2022-02,Gloucestershire Constabulary,Gloucestershire Constabulary,,,No Location,,,Anti-social behaviour,,
,2022-02,Gloucestershire Constabulary,Gloucestershire Constabulary,,,No Location,,,Anti-social behaviour,,
,2022-02,Gloucestershire Constabulary,Gloucestershire Constabulary,,,No Location,,,Anti-social behaviour,,
,2022-02,Gloucestershire Constabulary,Gloucestershire Constabulary,,,No Location,,,Anti-social behaviour,,
,2022-02,Gloucestershire Constabulary,Gloucestershire Constabulary,,,No Location,,,Anti-social behaviour,,
4ae46e89d4a8370d24cdd01dcb6d252fd09ffd1027008cfca875c169c078cacf,2022-02,Gloucestershire Constabulary,Gloucestershire Constabulary,,,No Location,,,Bicycle theft,Investigation complete; no suspect identified,
42daa8ab9e27d8994952f9babd4266c9658650cce56c71071601cc4af1236a07,2022-02,Gloucestershire Constabulary,Gloucestershire Constabulary,,,No Location,,,Bicycle theft,Unable to prosecute suspect,
370eb848d5baa9dea845f1b3cc02246c5d477f64e31d7097fe449c0b353e24a2,2022-02,Gloucestershire Constabulary,Gloucestershire Constabulary,,,No Location,,,Bicycle theft,Unable to prosecute suspect,
81613ece1321fdf1b17940a400f8b8ff43cb595ae9644855427b961af37e458f,2022-02,Gloucestershire Constabulary,Gloucestershire Constabulary,,,No Location,,,Bicycle theft,Investigation complete; no suspect identified,
1d69c30938abc992489f5630e8fbf2865f416602fdc75e2db58f577a73c5b985,2022-02,Gloucestershire Constabulary,Gloucestershire Constabulary,,,No Location,,,Bicycle theft,Investigation complete; no suspect identified,
3d9113e63ecddf0facf379fd80cf98013d51f97e72dc74e7b1172bab98e2a365,2022-02,Gloucestershire Constabulary,Gloucestershire Constabulary,,,No Location,,,Bicycle theft,Investigation complete; no suspect identified,
fd1fd51e4af39107c4c538c3e2a6e86516b8d17e70a7f4435e25407445fa9683,2022-02,Gloucestershire Constabulary,Gloucestershire Constabulary,,,No Location,,,Bicycle theft,Investigation complete; no suspect identified,
6c63ab554f3e3257a0dfb063e99c8165a00caf8db19667990f70027e18174395,2022-02,Gloucestershire Constabulary,Gloucestershire Constabulary,,,No Location,,,Bicycle theft,Unable to prosecute suspect,
355bc2462fc659266e9273d72b49832c1063473f3682b51ac0167d54571bd7d3,2022-02,Gloucestershire Constabulary,Gloucestershire Constabulary,,,No Location,,,Bicycle theft,Investigation complete; no suspect identified,
d3e04e21669934025583a7d31f2648bb6d1432b7df52298d6e936255ba52ea15,2022-02,Gloucestershire Constabulary,Gloucestershire Constabulary,,,No Location,,,Bicycle theft,Unable to prosecute suspect,
ec714ea75886fd887830420ca38f4650fa33bff66a9e28ffdfa13ad32ea12677,2022-02,Gloucestershire Constabulary,Gloucestershire Constabulary,,,No Location,,,Bicycle theft,Investigation complete; no suspect identified,
50d1e21d74f3522c232c7baf770afa12584a1f4767da4caac19451afc83e6edc,2022-02,Gloucestershire Constabulary,Gloucestershire Constabulary,,,No Location,,,Bicycle theft,Investigation complete; no suspect identified,
1249ac6e26fec8469e14f417dc452e86c9d1e5ae2b9600530a43f5edd8abb261,2022-02,Gloucestershire Constabulary,Gloucestershire Constabulary,,,No Location,,,Bicycle theft,Investigation complete; no suspect identified,
7f58a57afe0be4e38a8f1a5a0637253756398879db396f51f20b9116852d9fc7,2022-02,Gloucestershire Constabulary,Gloucestershire Constabulary,,,No Location,,,Bicycle theft,Investigation complete; no suspect identified,
00a25a9d7a7e95c83851cd9a6e98b7245c008d8164bffff5c55a2550498901a8,2022-02,Gloucestershire Constabulary,Gloucestershire Constabulary,,,No Location,,,Burglary,Unable to prosecute suspect,
45425c83bf5bdb7a6c154d315fcc07393b1aa068786a467a8ea6b9c415870151,2022-02,Gloucestershire Constabulary,Gloucestershire Constabulary,,,No Location,,,Burglary,Investigation complete; no suspect identified,
6efeb2c6792c2d86cdcd4cb156f723c8bbf85602e5ec9fb8cc4f128a02f1a54e,2022-02,Gloucestershire Constabulary,Gloucestershire Constabulary,,,No Location,,,Burglary,Investigation complete; no suspect identified,
0a64b01b7120b4b27b54963df5c2b1ff7bafdc3c6416e105ceae95121cff681d,2022-02,Gloucestershire Constabulary,Gloucestershire Constabulary,,,No Location,,,Burglary,Investigation complete; no suspect identified,
c4753d664c5f516736e0b196b73bad36d73b38be3e526d35cfa9c082c9eb55f4,2022-02,Gloucestershire Constabulary,Gloucestershire Constabulary,,,No Location,,,Burglary,Investigation complete; no suspect identified,
6f8c7d898f7a4d9434b58aedb734a6b77c794e5e8ddd0ae2b8d26791306e3563,2022-02,Gloucestershire Constabulary,Gloucestershire Constabulary,,,No Location,,,Burglary,Investigation complete; no suspect identified,
e87528ed1000a50a473668b6969cc15d6cbadb73d5cec9db44f5859ae9da35f4,2022-02,Gloucestershire Constabulary,Gloucestershire Constabulary,,,No Location,,,Burglary,Investigation complete; no suspect identified,
3a578b6173d08c01d3ffefb727842af25b97614d02715f0e093c287c5262fbe9,2022-02,Gloucestershire Constabulary,Gloucestershire Constabulary,,,No Location,,,Burglary,Investigation complete; no suspect identified,
6dcf1cd261c92fa4b2379773da43fda1bcfc157cbeb7127268a1baa40306ef47,2022-02,Gloucestershire Constabulary,Gloucestershire Constabulary,,,No Location,,,Burglary,Investigation complete; no suspect identified,
3f3da37aed65fe1e6cfbf021e25ad238a5479f21855f494e1e78d81a64fbe2cb,2022-02,Gloucestershire Constabulary,Gloucestershire Constabulary,,,No Location,,,Burglary,Unable to prosecute suspect,
756d9972bbf3dfb779a8f4d81cb2595619467f44365cece9b563c136594a6c85,2022-02,Gloucestershire Constabulary,Gloucestershire Constabulary,,,No Location,,,Burglary,Investigation complete; no suspect identified,
af8051afc9bef45d2c13cc11143c620fdc51db3107aca35d2da77d406324bdfc,2022-02,Gloucestershire Constabulary,Gloucestershire Constabulary,,,No Location,,,Burglary,Investigation complete; no suspect identified,
99ff920f35c246915e32dd37fb4fd54137e97784e8ad6c672f1e953ed175e613,2022-02,Gloucestershire Constabulary,Gloucestershire Constabulary,,,No Location,,,Burglary,Investigation complete; no suspect identified,
062b7981e6bce4ab463cc89c925fe5bac4b37c2ece5ae7e1ee78f36001b1ce19,2022-02,Gloucestershire Constabulary,Gloucestershire Constabulary,,,No Location,,,Burglary,Unable to prosecute suspect,
80b98a7a523558ab11470ef50937451bea60b147cca11bd6fba0447b0e7d74f8,2022-02,Gloucestershire Constabulary,Gloucestershire Constabulary,,,No Location,,,Burglary,Court result unavailable,
f93bfd720d5ebf4b5f3ab91bd058b6522d11ec119adc200726e0409a3999e05f,2022-02,Gloucestershire Constabulary,Gloucestershire Constabulary,,,No Location,,,Burglary,Investigation complete; no suspect identified,
2618963dd66a05f47df457cabcd489b650dac15d90daf9f35beb80e077c86322,2022-02,Gloucestershire Constabulary,Gloucestershire Constabulary,,,No Location,,,Burglary,Investigation complete; no suspect identified,
04a5fa9b9afa9e34eed84954f75911e934635dea72fe3b619c68f5104abcc834,2022-02,Gloucestershire Constabulary,Gloucestershire Constabulary,,,No Location,,,Burglary,Investigation complete; no suspect identified,
e4198999f0ec821bd99e33f22b3387477324153a0c092d98bc4b34f998632f9e,2022-02,Gloucestershire Constabulary,Gloucestershire Constabulary,,,No Location,,,Burglary,Investigation complete; no suspect identified,
9d4bc47a0fd967da6cd0fca2b3a3dc1f073c2dcff6e5bedf561c1ccc7167f38f,2022-02,Gloucestershire Constabulary,Gloucestershire Constabulary,,,No Location,,,Burglary,Investigation complete; no suspect identified,
99d8cebc5f234cba7a23778fd6b6adbe185981785eed5033241f9c2b455580ed,2022-02,Gloucestershire Constabulary,Gloucestershire Constabulary,,,No Location,,,Burglary,Investigation complete; no suspect identified,
23de133d14641f2bffd14cea0c3efc85556a43f562c1e9dbde0cb111656632f6,2022-02,Gloucestershire Constabulary,Gloucestershire Constabulary,,,No Location,,,Burglary,Suspect charged as part of another case,
b3f902cbf2b88556d39260135ee2a43dbe99fca6c8e8ebe481ff240c9850e460,2022-02,Gloucestershire Constabulary,Gloucestershire Constabulary,,,No Location,,,Burglary,Investigation complete; no suspect identified,
b39de98209b7e3b7dd1515d91dffc5cb44e6d76dfe6ef108d5eb33ca5e6144a8,2022-02,Gloucestershire Constabulary,Gloucestershire Constabulary,,,No Location,,,Burglary,Investigation complete; no suspect identified,
ed2e870b66d9b4280e54e63a03cd3962243d2a9c28b46ed7c25371b2e863c27d,2022-02,Gloucestershire Constabulary,Gloucestershire Constabulary,,,No Location,,,Burglary,Investigation complete; no suspect identified,
143c2bc8e2c8deae4954a71c677a858bc413c5c0b5f4802a2695f5ba95ab7276,2022-02,Gloucestershire Constabulary,Gloucestershire Constabulary,,,No Location,,,Criminal damage and arson,Investigation complete; no suspect identified,
a42d525446b9179150331f0b0885a35313e390b4e34aff1be464fbfb8bf05e1a,2022-02,Gloucestershire Constabulary,Gloucestershire Constabulary,,,No Location,,,Criminal damage and arson,Unable to prosecute suspect,
8656784af37a954352fddf2cab21cfdfcd090c54d4d5450ddac2acf4fc59f167,2022-02,Gloucestershire Constabulary,Gloucestershire Constabulary,,,No Location,,,Criminal damage and arson,Unable to prosecute suspect,
1c18b195598c8f3cd4ad448a4ee329ed084b95377bb3b1f818fcce78a04f15f5,2022-02,Gloucestershire Constabulary,Gloucestershire Constabulary,,,No Location,,,Criminal damage and arson,Unable to prosecute suspect,
18d53cd6dfd7af20525e60723b2d59192a74549a84aeacb3b140f7137f064ea3,2022-02,Gloucestershire Constabulary,Gloucestershire Constabulary,,,No Location,,,Criminal damage and arson,Investigation complete; no suspect identified,
b4bacc06b3dcc10afd894bb94db962906eebaa7d47613c1b389e6a850e9a7135,2022-02,Gloucestershire Constabulary,Gloucestershire Constabulary,,,No Location,,,Criminal damage and arson,Investigation complete; no suspect identified,
2b29f6612078a3d346a223335e154849f860d58e3e501e73a15f57d066fbb5bc,2022-02,Gloucestershire Constabulary,Gloucestershire Constabulary,,,No Location,,,Criminal damage and arson,Unable to prosecute suspect,
922dca09a97ed96529c4351de99fc9bb3115fa6b8ee1c6006859b6a792556460,2022-02,Gloucestershire Constabulary,Gloucestershire Constabulary,,,No Location,,,Criminal damage and arson,Investigation complete; no suspect identified,
38b923a1893d63fb1d6f8a7e6c24e5225ff91c9bf205b412965f554e7913c1e1,2022-02,Gloucestershire Constabulary,Gloucestershire Constabulary,,,No Location,,,Criminal damage and arson,Unable to prosecute suspect,
639fd56ed51d9152fc6e6fea0ea8bc73760741842c51339fc370ec85a84e6d85,2022-02,Gloucestershire Constabulary,Gloucestershire Constabulary,,,No Location,,,Criminal damage and arson,Investigation complete; no suspect identified,
8f03e189d448e9b9261f1fdf90003f21b9e4da0c4b4fb309b72b254a4b9ca9c9,2022-02,Gloucestershire Constabulary,Gloucestershire Constabulary,,,No Location,,,Criminal damage and arson,Investigation complete; no suspect identified,
5b82be97bc39f5ff76b8aa931e1dbc0874f2bb27bfec6a88fb2377834ee57162,2022-02,Gloucestershire Constabulary,Gloucestershire Constabulary,,,No Location,,,Criminal damage and arson,Investigation complete; no suspect identified,
4b772176837942ddd444fd36d80bbf0b0d5757ca3a8c8e5737c6fc84381da53e,2022-02,Gloucestershire Constabulary,Gloucestershire Constabulary,,,No Location,,,Criminal damage and arson,Investigation complete; no suspect identified,
fddc05539c46327cf9ae0155596c8d0e80dfb1202f074c9a53ef89664df64f78,2022-02,Gloucestershire Constabulary,Gloucestershire Constabulary,,,No Location,,,Criminal damage and arson,Investigation complete; no suspect identified,
adf7ca94d50a70a5cfd2ba032711b19aa4e164a495de0ad96b5ca7f5ba87c58b,2022-02,Gloucestershire Constabulary,Gloucestershire Constabulary,,,No Location,,,Criminal damage and arson,Unable to prosecute suspect,
d5186344236b16decac9a0f227230e9aea9c833edb915397250d9303f9823138,2022-02,Gloucestershire Constabulary,Gloucestershire Constabulary,,,No Location,,,Criminal damage and arson,Unable to prosecute suspect,
11916ffbcd5534088ac179453aba92018a5eef606ab9fcc8dec0aa1e0ebb7aa6,2022-02,Gloucestershire Constabulary,Gloucestershire Constabulary,,,No Location,,,Criminal damage and arson,Unable to prosecute suspect,
8a99627123a40803e100503b1a5d0ed7ed3bbe69246214299dc68863d88d4389,2022-02,Gloucestershire Constabulary,Gloucestershire Constabulary,,,No Location,,,Criminal damage and arson,Unable to prosecute suspect,
6d3e5c8c86c8cde75f475ded2b5857a8887f62475973901c3b598d745dc068fb,2022-02,Gloucestershire Constabulary,Gloucestershire Constabulary,,,No Location,,,Criminal damage and arson,Unable to prosecute suspect,
cced8c416521df4f773c682ecb7c233fcfec687f61ece728c47af261215d5eb8,2022-02,Gloucestershire Constabulary,Gloucestershire Constabulary,,,No Location,,,Criminal damage and arson,Investigation complete; no suspect identified,
355fa3a7f3fca6ab00d62e9b245a6b145289f55fefc11388f3d0dbe56bbec002,2022-02,Gloucestershire Constabulary,Gloucestershire Constabulary,,,No Location,,,Criminal damage and arson,Investigation complete; no suspect identified,
43b0820ab3c36a6f4cb53a7bc57573a892096d51c803e85e2f26b4d497b530b5,2022-02,Gloucestershire Constabulary,Gloucestershire Constabulary,,,No Location,,,Criminal damage and arson,Unable to prosecute suspect,
c4dab1a923f6a6f4809335a32cb2a92115d0243d3c21c9e899ee2863c895285e,2022-02,Gloucestershire Constabulary,Gloucestershire Constabulary,,,No Location,,,Criminal damage and arson,Investigation complete; no suspect identified,
42251def31a2013f0183fc2148627e5974e128046988ec41804f29b34e4b0a81,2022-02,Gloucestershire Constabulary,Gloucestershire Constabulary,,,No Location,,,Criminal damage and arson,Investigation complete; no suspect identified,
79e9f72c09a921cbe7dcf4430d2e304eae6c0991565ceae4bac157fbeeaade2d,2022-02,Gloucestershire Constabulary,Gloucestershire Constabulary,,,No Location,,,Criminal damage and arson,Investigation complete; no suspect identified,
77842135dc4a7f266673e6812b9b1e27a1d2b6163c9284e2d33c253032d355cf,2022-02,Gloucestershire Constabulary,Gloucestershire Constabulary,,,No Location,,,Criminal damage and arson,Investigation complete; no suspect identified,
2cce6f50986d6a7963b493a0b4a096eb2e0124d5d3174b96d3be68ce48681954,2022-02,Gloucestershire Constabulary,Gloucestershire Constabulary,,,No Location,,,Criminal damage and arson,Further action is not in the public interest,
6a5b44a3934e51bf10d0a9ac41d34c4106130455e53119a1e654620700a73daa,2022-02,Gloucestershire Constabulary,Gloucestershire Constabulary,,,No Location,,,Criminal damage and arson,Investigation complete; no suspect identified,
0f6266933777583832ede5bc7219aab4a4105f8cbba82f5d9594c0c6a4b0d1b2,2022-02,Gloucestershire Constabulary,Gloucestershire Constabulary,,,No Location,,,Criminal damage and arson,Investigation complete; no suspect identified,
c91a395685cd862ea7b5456d1664f1a7a535a8988f3246fe86a32e0d32bdd0a3,2022-02,Gloucestershire Constabulary,Gloucestershire Constabulary,,,No Location,,,Criminal damage and arson,Unable to prosecute suspect,
f8f090f4e8229b8fb210cf71c2533de94fe452566c71ef73d144c4a531396bbf,2022-02,Gloucestershire Constabulary,Gloucestershire Constabulary,,,No Location,,,Criminal damage and arson,Investigation complete; no suspect identified,
0a3ae66b7abf68aae369f94899245faab8eb55fd718fc4f9187ed898169d22a1,2022-02,Gloucestershire Constabulary,Gloucestershire Constabulary,,,No Location,,,Criminal damage and arson,Investigation complete; no suspect identified,
6afbcc31e508e68f3b199487cb3dd38bb0c7f1025265ce2128eb918fb55ecdf5,2022-02,Gloucestershire Constabulary,Gloucestershire Constabulary,,,No Location,,,Criminal damage and arson,Investigation complete; no suspect identified,
4ab25ffed31389bf3712a6e4d20aa0b940c773a5b41ba29b53ae0d624dfde9ad,2022-02,Gloucestershire Constabulary,Gloucestershire Constabulary,,,No Location,,,Criminal damage and arson,Investigation complete; no suspect identified,
26662017600bd9fdcb2b92d74788315cec1598bc99fc6dde1fdbfaca9e64a70f,2022-02,Gloucestershire Constabulary,Gloucestershire Constabulary,,,No Location,,,Criminal damage and arson,Unable to prosecute suspect,
c642d034349295e2af4b66fb20947efa13b710d1fd69b2a1649b7205e4c689b4,2022-02,Gloucestershire Constabulary,Gloucestershire Constabulary,,,No Location,,,Criminal damage and arson,Investigation complete; no suspect identified,
7346dfe03ae576f766c228150456d5769950c48818405665a6c99f531a5d6ebd,2022-02,Gloucestershire Constabulary,Gloucestershire Constabulary,,,No Location,,,Criminal damage and arson,Unable to prosecute suspect,
cbe0e0fa2ff501417b359f8c2f38f328242106af0dee7ac4d7a223826f823286,2022-02,Gloucestershire Constabulary,Gloucestershire Constabulary,,,No Location,,,Criminal damage and arson,Unable to prosecute suspect,
74bcaefdf287a62421d21703e1766e093c558b7746c87a77db126b76ec319b58,2022-02,Gloucestershire Constabulary,Gloucestershire Constabulary,,,No Location,,,Criminal damage and arson,Investigation complete; no suspect identified,
a748fdfa9f2a6163e49ec2addebe7c3d5d72dba1f99965c0ad3c4b9206aa47fb,2022-02,Gloucestershire Constabulary,Gloucestershire Constabulary,,,No Location,,,Criminal damage and arson,Investigation complete; no suspect identified,
b698644f8448a42b790a2794fbc3d049d0b81021888ddd639e8607ff728baf70,2022-02,Gloucestershire Constabulary,Gloucestershire Constabulary,,,No Location,,,Criminal damage and arson,Unable to prosecute suspect,
a3ff2ad69d7004af94be18fab60e429259539ccb3f24e013466e8beefaf94e73,2022-02,Gloucestershire Constabulary,Gloucestershire Constabulary,,,No Location,,,Criminal damage and arson,Investigation complete; no suspect identified,
d0dd33b4da21d84ad32b219be1448f69c7982708bf5349a1181cfaca6363aa68,2022-02,Gloucestershire Constabulary,Gloucestershire Constabulary,,,No Location,,,Criminal damage and arson,Court result unavailable,
2baa2fdd2bf7220ef22506b185dd527aa369fcb78993dba220cf1a5d21e68e38,2022-02,Gloucestershire Constabulary,Gloucestershire Constabulary,,,No Location,,,Criminal damage and arson,Investigation complete; no suspect identified,
cab0b1d465d513ad90f85ab32c2fbe734996acd7e425e8a928b29cad706d5875,2022-02,Gloucestershire Constabulary,Gloucestershire Constabulary,,,No Location,,,Drugs,Unable to prosecute suspect,
5fea5edd6bb888ab0fb6764ed7281eaa40d8e9051caa583cb699a9ea7e07d17d,2022-02,Gloucestershire Constabulary,Gloucestershire Constabulary,,,No Location,,,Drugs,Court result unavailable,
d08516ec569e8f1498a148866aa70fb5167d93f78853ce281b657a0d2abcc826,2022-02,Gloucestershire Constabulary,Gloucestershire Constabulary,,,No Location,,,Drugs,Court result unavailable,
219260caad871c071e27d4b687d1b485412ae2249acbc08d755d38998f0199b9,2022-02,Gloucestershire Constabulary,Gloucestershire Constabulary,,,No Location,,,Drugs,Unable to prosecute suspect,
6bb1ff6ce74fe3b771a2fa34ea9d079a5a8b9f693a7be521b39da6d7ae6f1a3e,2022-02,Gloucestershire Constabulary,Gloucestershire Constabulary,,,No Location,,,Drugs,Unable to prosecute suspect,
548287664f8761f4e656cc9ed18aa7e98862d4d6c9ed2bc8b31eee6fad41aa4f,2022-02,Gloucestershire Constabulary,Gloucestershire Constabulary,,,No Location,,,Drugs,Local resolution,
a0e8132e08ace98f34b210a3d0d51fc504c5e206959b95672e12e25045ecb77b,2022-02,Gloucestershire Constabulary,Gloucestershire Constabulary,,,No Location,,,Other theft,Investigation complete; no suspect identified,
d9c552f4730ca6d531159d6f19904b395a983c6217259f81e3989c0eb5821810,2022-02,Gloucestershire Constabulary,Gloucestershire Constabulary,,,No Location,,,Other theft,Investigation complete; no suspect identified,
f848e0982900ae6c7b3b8994898346e4ff7fcb531bd095a48f283f3da9f7f9ca,2022-02,Gloucestershire Constabulary,Gloucestershire Constabulary,,,No Location,,,Other theft,Unable to prosecute suspect,
386ff81cc0d4ed1be04306543d235bade3013c596cb1c0dfa74f42e94f29a364,2022-02,Gloucestershire Constabulary,Gloucestershire Constabulary,,,No Location,,,Other theft,Investigation complete; no suspect identified,
49bd13001cdfa434af726d1d15871bd0fb5999e3bf313ab5236a1de5f83624dd,2022-02,Gloucestershire Constabulary,Gloucestershire Constabulary,,,No Location,,,Other theft,Investigation complete; no suspect identified,
7cf911f15fec0984e2ccdb4b6bf4776f491744e741fd18764ebfb89cc6dd43f7,2022-02,Gloucestershire Constabulary,Gloucestershire Constabulary,,,No Location,,,Other theft,Investigation complete; no suspect identified,
e2dcaf56adff5742e5ded55fc294521c4b374bc677769965ecb291a17bf9c4f5,2022-02,Gloucestershire Constabulary,Gloucestershire Constabulary,,,No Location,,,Other theft,Investigation complete; no suspect identified,
7ff1ffec52ad9662ffc6aa4af9f3a61d4c9bbf0c4bbe6497e562525da95cd6a7,2022-02,Gloucestershire Constabulary,Gloucestershire Constabulary,,,No Location,,,Other theft,Investigation complete; no suspect identified,
431b0c48bc73a3b30668feff8dbc017c2bdd6aeee44e194be9ea89d7a1af9b01,2022-02,Gloucestershire Constabulary,Gloucestershire Constabulary,,,No Location,,,Other theft,Investigation complete; no suspect identified,
d2f1900b960ea030e02a9905aca8f0bcc5db4a511e8dd59b53bcb592d2678fef,2022-02,Gloucestershire Constabulary,Gloucestershire Constabulary,,,No Location,,,Other theft,Unable to prosecute suspect,
120f5e06b6afb3598fe80c486254707a8b81e2fa22a16a74645dd8f4976ab386,2022-02,Gloucestershire Constabulary,Gloucestershire Constabulary,,,No Location,,,Other theft,Investigation complete; no suspect identified,
8f195974e60dbdcd9c6b80ad1a72d7452ee17ea1ab074557fb1b3779045f7b44,2022-02,Gloucestershire Constabulary,Gloucestershire Constabulary,,,No Location,,,Other theft,Unable to prosecute suspect,
8fe000c00077747cd49f38c9b163652f6eae6e87e0faecec2baf6c12ad27501b,2022-02,Gloucestershire Constabulary,Gloucestershire Constabulary,,,No Location,,,Other theft,Unable to prosecute suspect,
843f5837b6cb72f0db84a0932cc27831be34f319784ec0108672eaa7ccc1a023,2022-02,Gloucestershire Constabulary,Gloucestershire Constabulary,,,No Location,,,Other theft,Unable to prosecute suspect,
d0d4ac5063f1cb0eb69ecfdd1448314563fd5579a3a49b4d46b0c255d0774740,2022-02,Gloucestershire Constabulary,Gloucestershire Constabulary,,,No Location,,,Other theft,Investigation complete; no suspect identified,
bbc673e57c860184ff613de29d642d85190400bcab735a791a655a4ed81b049d,2022-02,Gloucestershire Constabulary,Gloucestershire Constabulary,,,No Location,,,Other theft,Investigation complete; no suspect identified,
9aa6cb57d9432264100b5638f315ce3138ff04a886ff8ddc1ae7b6bbfe21f1ed,2022-02,Gloucestershire Constabulary,Gloucestershire Constabulary,,,No Location,,,Other theft,Investigation complete; no suspect identified,
35dae59d860019c004e39da201b2e3fbbca0ac7b6aa142c2675a1ac512e4d1ba,2022-02,Gloucestershire Constabulary,Gloucestershire Constabulary,,,No Location,,,Other theft,Investigation complete; no suspect identified,
0860fcc965e4ad81af534c8e7a3e19581b21cb111c3475ea70c05a4c06d8f3a3,2022-02,Gloucestershire Constabulary,Gloucestershire Constabulary,,,No Location,,,Other theft,Investigation complete; no suspect identified,
7de4d5de0be48aeda1a135d6a27fb66243107a20538ebd80d0e3ba9e7110c5d6,2022-02,Gloucestershire Constabulary,Gloucestershire Constabulary,,,No Location,,,Other theft,Investigation complete; no suspect identified,
8c8e061b864ab5fb769c68d989b38d3e09a77f0f5edb12dad87214922817d515,2022-02,Gloucestershire Constabulary,Gloucestershire Constabulary,,,No Location,,,Other theft,Unable to prosecute suspect,
5fbbb3f1413c87286097d962f65b41b72aeef69b12e0d84ec5e48e5fb436298a,2022-02,Gloucestershire Constabulary,Gloucestershire Constabulary,,,No Location,,,Other theft,Investigation complete; no suspect identified,
83cbd157b36d9fd34b1de1477ec31592735cfe691144f4cb5020b01237390113,2022-02,Gloucestershire Constabulary,Gloucestershire Constabulary,,,No Location,,,Other theft,Status update unavailable,
6089f5a2a147362b62d8b82ced56a1eb349417593922933fba9332ece14ff230,2022-02,Gloucestershire Constabulary,Gloucestershire Constabulary,,,No Location,,,Other theft,Investigation complete; no suspect identified,
a8055cf217cd30a41367bc3185702746b82b93573d0ef8f66e1d04882f0d2387,2022-02,Gloucestershire Constabulary,Gloucestershire Constabulary,,,No Location,,,Other theft,Investigation complete; no suspect identified,
3a14712406112ff800910f3ee27c9915eced740b18fe54a615886c1e4381ef83,2022-02,Gloucestershire Constabulary,Gloucestershire Constabulary,,,No Location,,,Other theft,Unable to prosecute suspect,
35a67c69e58359cb4c9a5926fd1b152fdc193d340c4aa50d1eb96b7016339593,2022-02,Gloucestershire Constabulary,Gloucestershire Constabulary,,,No Location,,,Other theft,Unable to prosecute suspect,
df886382854b603b99ae26bdd4ba919d8da055fdbc1c4b2602fb0f449c3affd2,2022-02,Gloucestershire Constabulary,Gloucestershire Constabulary,,,No Location,,,Other theft,Unable to prosecute suspect,
0977cc03f04c4d10d9560798320d64dde0c68280cd83b61082c9f91071dc1788,2022-02,Gloucestershire Constabulary,Gloucestershire Constabulary,,,No Location,,,Other theft,Investigation complete; no suspect identified,
19f4ae13d68f9924fe1184089552ed1bc57108ef0a9e1af0c0a739dedda63a31,2022-02,Gloucestershire Constabulary,Gloucestershire Constabulary,,,No Location,,,Other theft,Unable to prosecute suspect,
34bb89687a6c158aab4074cdf1559f894fada772b719f8a2c00e93bee2bcef64,2022-02,Gloucestershire Constabulary,Gloucestershire Constabulary,,,No Location,,,Other theft,Investigation complete; no suspect identified,
c06f03d01b3c6db6cb035d5df976152bb9a0d1adf019176dc0bb2697c3968ff2,2022-02,Gloucestershire Constabulary,Gloucestershire Constabulary,,,No Location,,,Other theft,Investigation complete; no suspect identified,
5db104e703ddeee90a0099d9a4406027e641b141bd9c3375542075292971d552,2022-02,Gloucestershire Constabulary,Gloucestershire Constabulary,,,No Location,,,Other theft,Investigation complete; no suspect identified,
bc55d5b389b0b846a1dddb58193bb728e9130532c2ad93963a0683ac30c440cc,2022-02,Gloucestershire Constabulary,Gloucestershire Constabulary,,,No Location,,,Other theft,Investigation complete; no suspect identified,
e6a41e8332a5af3f5cde69e6c5ed520a5a06c3e6df416f7dc1126b2c75cec950,2022-02,Gloucestershire Constabulary,Gloucestershire Constabulary,,,No Location,,,Other theft,Investigation complete; no suspect identified,
9d084bb8d363cea2686ced213bcc83ad57fdbad851ae4040dc135eb48264c8c8,2022-02,Gloucestershire Constabulary,Gloucestershire Constabulary,,,No Location,,,Other theft,Investigation complete; no suspect identified,
0d0f9ed73d8f8b7bb4bfdc3bd06dff9283934a6cef1b262ba27fcbb634e6df9d,2022-02,Gloucestershire Constabulary,Gloucestershire Constabulary,,,No Location,,,Other theft,Unable to prosecute suspect,
dfee95d95f5aee5e24a26fd9a705d1c24b9bc65ef4d816b752c34e240f89b017,2022-02,Gloucestershire Constabulary,Gloucestershire Constabulary,,,No Location,,,Other theft,Investigation complete; no suspect identified,
0bb8fd934d8afb3c69869f8fca8f62eedb639f5eb9fd2f56f88a3d0eec66f687,2022-02,Gloucestershire Constabulary,Gloucestershire Constabulary,,,No Location,,,Other theft,Unable to prosecute suspect,
643f48edebd60b22928563483b756c49c563ab80a09e143d91a828c0e28682c2,2022-02,Gloucestershire Constabulary,Gloucestershire Constabulary,,,No Location,,,Other theft,Investigation complete; no suspect identified,
c8e6067871a4256fc7ea30fcea261685978969814041b0aeeceae7cc90a0c49e,2022-02,Gloucestershire Constabulary,Gloucestershire Constabulary,,,No Location,,,Other theft,Investigation complete; no suspect identified,
012951add19f6d96ccbcacd28074115c487d76e850e4598a954494efd98cea5b,2022-02,Gloucestershire Constabulary,Gloucestershire Constabulary,,,No Location,,,Other theft,Investigation complete; no suspect identified,
028c65c4baa57f7d30bc4ca8e8c1ede47be92e1ed557d7c7a9514f24e00631bf,2022-02,Gloucestershire Constabulary,Gloucestershire Constabulary,,,No Location,,,Other theft,Investigation complete; no suspect identified,
f4208bc93a92dc6298615c317a76b5552e2aea09ebd083c4c285dc3e42cf0456,2022-02,Gloucestershire Constabulary,Gloucestershire Constabulary,,,No Location,,,Other theft,Unable to prosecute suspect,
0698b962ca76a5d17f859796a8279a98d1917b3e7cdd772cdd50d57705ec5b95,2022-02,Gloucestershire Constabulary,Gloucestershire Constabulary,,,No Location,,,Other theft,Investigation complete; no suspect identified,
13cea4509dd06b213b0efdf20dbee4704301fe99af80664852369048b68ddccd,2022-02,Gloucestershire Constabulary,Gloucestershire Constabulary,,,No Location,,,Other theft,Investigation complete; no suspect identified,
06d9b8e53190d867b7b1e3b608f47ce954ae9682cb9659965ae54089d4fd7e13,2022-02,Gloucestershire Constabulary,Gloucestershire Constabulary,,,No Location,,,Other theft,Investigation complete; no suspect identified,
7a26b80c8aa3973770feca929c8efc7c874e4f5762bb772bb2efeb5f639149e4,2022-02,Gloucestershire Constabulary,Gloucestershire Constabulary,,,No Location,,,Other theft,Investigation complete; no suspect identified,
b1ff17548f0f6f80ab44e47f10b5fcc98999a51616db6fb24dd053a3575e3b38,2022-02,Gloucestershire Constabulary,Gloucestershire Constabulary,,,No Location,,,Other theft,Investigation complete; no suspect identified,
db75d8ac47470f8ceca84974052b914f3799e3441ff5d31a8965e5a11b6eed74,2022-02,Gloucestershire Constabulary,Gloucestershire Constabulary,,,No Location,,,Other theft,Status update unavailable,
8582ba8036b4beb755894fb5f20b5794bc493bc543c747f36b422797580c8d35,2022-02,Gloucestershire Constabulary,Gloucestershire Constabulary,,,No Location,,,Possession of weapons,Unable to prosecute suspect,
df2a9db9f2a0aff16158623ff7fe6ed6f87eb352123dc925d324c5253fdb7bb7,2022-02,Gloucestershire Constabulary,Gloucestershire Constabulary,,,No Location,,,Possession of weapons,Unable to prosecute suspect,
96022e09eb74882eaf1178fce82473052c483f89fbd97e5e21598aeb20bd97e6,2022-02,Gloucestershire Constabulary,Gloucestershire Constabulary,,,No Location,,,Possession of weapons,Court result unavailable,
4f9f60ae0a463e48422e436b1ca9077629fd90190a5cf6c6f300d85bbe6577e0,2022-02,Gloucestershire Constabulary,Gloucestershire Constabulary,,,No Location,,,Possession of weapons,Offender given a caution,
a494ca3c6a0e38bff482676583f35dc5a7375e1fe15ea1bf706dc43cf2af82d6,2022-02,Gloucestershire Constabulary,Gloucestershire Constabulary,,,No Location,,,Public order,Unable to prosecute suspect,
8cd154d3e5736887792dc9b7b1a60f6562e9019d7aa0b54a11b7469dae1be1e2,2022-02,Gloucestershire Constabulary,Gloucestershire Constabulary,,,No Location,,,Public order,Court result unavailable,
681b05af33392850263e5cd4e00be9d3c13335243467cc6150f3097d53548fa0,2022-02,Gloucestershire Constabulary,Gloucestershire Constabulary,,,No Location,,,Public order,Unable to prosecute suspect,
ab24878ab5e29e2f6ff492364a723a0c0f7a1238ddb45ac10c739dd6bc92a0a1,2022-02,Gloucestershire Constabulary,Gloucestershire Constabulary,,,No Location,,,Public order,Unable to prosecute suspect,
f056a891dede0308f8917297bda8cd9279fa8e22bc67f9304ca4cf8400e9ff40,2022-02,Gloucestershire Constabulary,Gloucestershire Constabulary,,,No Location,,,Public order,Unable to prosecute suspect,
32a2069706489492ea53fe10a2fc698e2a2709783d87ec7ac415d62172c2cfbd,2022-02,Gloucestershire Constabulary,Gloucestershire Constabulary,,,No Location,,,Public order,Investigation complete; no suspect identified,
03665d5ca9dc21e59b3afbbab36ed3c2997fa4873797615152d167457743771a,2022-02,Gloucestershire Constabulary,Gloucestershire Constabulary,,,No Location,,,Public order,Unable to prosecute suspect,
45cef0a443bc8a52ccf2eb095ebc7cac8f463456f97e63524e04dd670d1dce56,2022-02,Gloucestershire Constabulary,Gloucestershire Constabulary,,,No Location,,,Public order,Unable to prosecute suspect,
7de7f0b8c6b144d1040a56e00d180c06324202d375ae59912f199f346d356c05,2022-02,Gloucestershire Constabulary,Gloucestershire Constabulary,,,No Location,,,Public order,Unable to prosecute suspect,
aa2e8b9ba9be92531597876d70c1ef8dd4fc9cf8bf13ed9db552611c1eab193c,2022-02,Gloucestershire Constabulary,Gloucestershire Constabulary,,,No Location,,,Public order,Investigation complete; no suspect identified,
ad8945f63327cf75bcb1b20c07529afc1fb834673d1349aa649ad3b314ff745c,2022-02,Gloucestershire Constabulary,Gloucestershire Constabulary,,,No Location,,,Public order,Unable to prosecute suspect,
3c1601d6015ec2e4fc78e74f94791eaccfa28ad045e5015afeb41358efacb7a4,2022-02,Gloucestershire Constabulary,Gloucestershire Constabulary,,,No Location,,,Public order,Investigation complete; no suspect identified,
3fb0956f628db1f70a67d16de0bbf2f46ef8e4ede05cac0e909a7dcadd7e3c73,2022-02,Gloucestershire Constabulary,Gloucestershire Constabulary,,,No Location,,,Public order,Unable to prosecute suspect,
40fad26672559069fa623359dbbd51801f29c84da06ecbbbb23479002b723d43,2022-02,Gloucestershire Constabulary,Gloucestershire Constabulary,,,No Location,,,Public order,Unable to prosecute suspect,
3ec0b801ca666c97e991c99be98f89ea67357ab98ed452405c0b2e421fb39acb,2022-02,Gloucestershire Constabulary,Gloucestershire Constabulary,,,No Location,,,Public order,Unable to prosecute suspect,
96e48c822bfed126d29930950c8b4b961d88374032287bb85b1d326e218c86b0,2022-02,Gloucestershire Constabulary,Gloucestershire Constabulary,,,No Location,,,Public order,Unable to prosecute suspect,
9aebf3d61b041c2a2afcc390e1e289cb014e89b9f5e9586a00fabdae8fe49d30,2022-02,Gloucestershire Constabulary,Gloucestershire Constabulary,,,No Location,,,Public order,Unable to prosecute suspect,
e5e6413ca6820cbffff6bce39945158e941ad45e700071003b6f48bc118e1f4f,2022-02,Gloucestershire Constabulary,Gloucestershire Constabulary,,,No Location,,,Public order,Investigation complete; no suspect identified,
db73cf9603fdc269c849d136b4145a86e9ffbc326fe7ee8b68acd914500705fb,2022-02,Gloucestershire Constabulary,Gloucestershire Constabulary,,,No Location,,,Public order,Unable to prosecute suspect,
46b5b326e232e937d47054ade2cda3afb60700a2fd2f2ffad7cbcdb6ecbf876c,2022-02,Gloucestershire Constabulary,Gloucestershire Constabulary,,,No Location,,,Public order,Investigation complete; no suspect identified,
da40dece17ff1c9d6b6bd2d4a84a1898340b6014647f1f4c6c65a7d2b82ed310,2022-02,Gloucestershire Constabulary,Gloucestershire Constabulary,,,No Location,,,Public order,Court result unavailable,
dc587ca83791809ec2f5c275fecc08ef764cfc08ac99060ba6488a80820f92fc,2022-02,Gloucestershire Constabulary,Gloucestershire Constabulary,,,No Location,,,Public order,Investigation complete; no suspect identified,
0a53d99461b2b38f2a89a63dc9d436acbb0bfce9229b9f26e7f5203c139ff955,2022-02,Gloucestershire Constabulary,Gloucestershire Constabulary,,,No Location,,,Public order,Unable to prosecute suspect,
39325c5b05f8b001192ac63bb8ebf8a931f16387dc76131fe98c94ac2af4da70,2022-02,Gloucestershire Constabulary,Gloucestershire Constabulary,,,No Location,,,Public order,Formal action is not in the public interest,
fb015c9649b4f925aad66565bc343da7fc71061bcf5369d0001693ebe3d613ab,2022-02,Gloucestershire Constabulary,Gloucestershire Constabulary,,,No Location,,,Public order,Investigation complete; no suspect identified,
07f895791d16de1f4bbecc3b9c13bab7ac7b9a86fdbb12050e5da6092ab1f359,2022-02,Gloucestershire Constabulary,Gloucestershire Constabulary,,,No Location,,,Public order,Unable to prosecute suspect,
47d4559022ccb6a59da81d6c7db04187bfabed3e0bc13811d612ee3d884f97a6,2022-02,Gloucestershire Constabulary,Gloucestershire Constabulary,,,No Location,,,Public order,Unable to prosecute suspect,
2b85293cb34839d1d76fc0b234a3bc13b79f3a32ce6805172a452afbe415ac63,2022-02,Gloucestershire Constabulary,Gloucestershire Constabulary,,,No Location,,,Public order,Investigation complete; no suspect identified,
fc9b88667a20ee57c4ac9552fa9027b890278d792d925e2e1dd6d8bf872d2c7b,2022-02,Gloucestershire Constabulary,Gloucestershire Constabulary,,,No Location,,,Public order,Unable to prosecute suspect,
72e1dfc2f5ca6db23380cad592c21621d40437eac897e9546d00bc600c59b03e,2022-02,Gloucestershire Constabulary,Gloucestershire Constabulary,,,No Location,,,Public order,Investigation complete; no suspect identified,
c2a2672a7e24b9ced5d459b4727d6ca61d6c0e7427279748ad8ac2006adfe455,2022-02,Gloucestershire Constabulary,Gloucestershire Constabulary,,,No Location,,,Public order,Investigation complete; no suspect identified,
d06bc8fc3892d02c72c2833034ae67218e138bf32c2e751c19d71063f5da7f91,2022-02,Gloucestershire Constabulary,Gloucestershire Constabulary,,,No Location,,,Public order,Investigation complete; no suspect identified,
d55cf4c4971131d93886f0d263d2b595bb4182fdb36c093e77bc3652239c152e,2022-02,Gloucestershire Constabulary,Gloucestershire Constabulary,,,No Location,,,Public order,Investigation complete; no suspect identified,
0a998e039fd3bb4ebe7d00e2ee67494ca56c88e22a9ea3a25c5fe1f818d0cdae,2022-02,Gloucestershire Constabulary,Gloucestershire Constabulary,,,No Location,,,Public order,Investigation complete; no suspect identified,
a2b46ba701666b55fdd5d356583dc895cae860aec763291f6f7b3de19c372362,2022-02,Gloucestershire Constabulary,Gloucestershire Constabulary,,,No Location,,,Public order,Unable to prosecute suspect,
87d6b840c89cc90830d0b68e48bfee812c40e883091fe12c1e974a4c48790e40,2022-02,Gloucestershire Constabulary,Gloucestershire Constabulary,,,No Location,,,Public order,Unable to prosecute suspect,
1db18f10283124b46986b62ce94bea7ac3bc6cdb80e5ef20a769f6912fa7f22c,2022-02,Gloucestershire Constabulary,Gloucestershire Constabulary,,,No Location,,,Public order,Investigation complete; no suspect identified,
f6842bd83959580af4df09685d05ae93b4b8a6751ba004a33f2418d6e8adbb7e,2022-02,Gloucestershire Constabulary,Gloucestershire Constabulary,,,No Location,,,Public order,Formal action is not in the public interest,
6958edccd0429567839f37f4b7e0891e97130444111375d9c9aef68c44198094,2022-02,Gloucestershire Constabulary,Gloucestershire Constabulary,,,No Location,,,Public order,Court result unavailable,
30db4623d7a9d781612fdb20cdc48e8afc539a7c269d7f2dc94c06dc3e7247d2,2022-02,Gloucestershire Constabulary,Gloucestershire Constabulary,,,No Location,,,Public order,Formal action is not in the public interest,
6a17a7b6598a88c362df3f41a1c4e35b2882954c3734a6bc858a19a95c38a234,2022-02,Gloucestershire Constabulary,Gloucestershire Constabulary,,,No Location,,,Public order,Unable to prosecute suspect,
a81b347e21b571fe91a7549b0390c47833f3d9e79c024d9a3693e3947f544213,2022-02,Gloucestershire Constabulary,Gloucestershire Constabulary,,,No Location,,,Public order,Unable to prosecute suspect,
09e572c50e55cb9cf56bc3ad313566be028ec04c361eb5d6e830a94131e4444c,2022-02,Gloucestershire Constabulary,Gloucestershire Constabulary,,,No Location,,,Public order,Unable to prosecute suspect,
c2e259c602e4483357c81b21291ab97d744be05bbd8bbd7efbd5a5bd5e27d52e,2022-02,Gloucestershire Constabulary,Gloucestershire Constabulary,,,No Location,,,Public order,Unable to prosecute suspect,
6eb20cf9b9e4e78b8f76d570bdeedd7d5bc74e1dc9bcaad90218a5428c0b4ea2,2022-02,Gloucestershire Constabulary,Gloucestershire Constabulary,,,No Location,,,Public order,Unable to prosecute suspect,
5c9c4322b39d3818d4b786c6dc15d6c8d36a9a641f9293effd6fc5e90842ee2b,2022-02,Gloucestershire Constabulary,Gloucestershire Constabulary,,,No Location,,,Public order,Court result unavailable,
041b730f72cd0351c33e8825b67c1208204f1530a33396ffaef49c00d2ae9225,2022-02,Gloucestershire Constabulary,Gloucestershire Constabulary,,,No Location,,,Public order,Unable to prosecute suspect,
a5d53dae0393a0a44eb04b8aa5bcf0f22054b52466da04d387e46fea20bb1dbc,2022-02,Gloucestershire Constabulary,Gloucestershire Constabulary,,,No Location,,,Public order,Status update unavailable,
8e4978f45a82dfa633c681b127863e8b77f72128c2d0ae1ad761616e63b65bbc,2022-02,Gloucestershire Constabulary,Gloucestershire Constabulary,,,No Location,,,Public order,Investigation complete; no suspect identified,
e06416e6b0af42ebf53ad6f59f387dda5b640c0dbd833d85d7851b0cf9998031,2022-02,Gloucestershire Constabulary,Gloucestershire Constabulary,,,No Location,,,Public order,Court result unavailable,
b0d22b5051a304a9781cb35b33b5f54844657eb4dbec01311c8d5a49faf6c2b4,2022-02,Gloucestershire Constabulary,Gloucestershire Constabulary,,,No Location,,,Public order,Unable to prosecute suspect,
36e6a5ba13991c394a71047fd06cf055e27f8782cc4fcf87fa369ea4f47af94e,2022-02,Gloucestershire Constabulary,Gloucestershire Constabulary,,,No Location,,,Public order,Unable to prosecute suspect,
00b7e04ae10cbafe8fd49f6847d8ec073b76ece4415ed5eb133a324d1e8a38a4,2022-02,Gloucestershire Constabulary,Gloucestershire Constabulary,,,No Location,,,Public order,Unable to prosecute suspect,
5ed9c87ade757101a30aeeaf4f684e363dd7e601ebade4f5caadb265cd62390b,2022-02,Gloucestershire Constabulary,Gloucestershire Constabulary,,,No Location,,,Public order,Unable to prosecute suspect,
dc8f6524a1200b22e86f3d1eb48aa0733c216c9bd9f8afe7e38b6edc14d97de1,2022-02,Gloucestershire Constabulary,Gloucestershire Constabulary,,,No Location,,,Public order,Unable to prosecute suspect,
4e3b3e0f792005a70272032a3eb51ea23fabd6989840ba8aa3e75bdb0a236a2a,2022-02,Gloucestershire Constabulary,Gloucestershire Constabulary,,,No Location,,,Public order,Action to be taken by another organisation,
72711e2be2c2b1f31dc2b7d0043fd9f7ba0fb4400fd839c7d0c487cc12f92428,2022-02,Gloucestershire Constabulary,Gloucestershire Constabulary,,,No Location,,,Public order,Unable to prosecute suspect,
e146d4f9b3b6cd39f3bea69a726b3516a369b0fc9db59e80ffc98f0c4bd17d8c,2022-02,Gloucestershire Constabulary,Gloucestershire Constabulary,,,No Location,,,Public order,Unable to prosecute suspect,
ff8a90275deae57f8e77fc27138ab51c4206bfb940f3bac8c6fa7dabd357c965,2022-02,Gloucestershire Constabulary,Gloucestershire Constabulary,,,No Location,,,Public order,Investigation complete; no suspect identified,
0de27f5d49e1e9321fdcc1f0985022f0f94d3081510417c1858221ae61022023,2022-02,Gloucestershire Constabulary,Gloucestershire Constabulary,,,No Location,,,Public order,Unable to prosecute suspect,
9f8465b45f3db5c1fd7a8f5cc234b8bc86e1a0c88d5a8f21ae437fe49baa37b3,2022-02,Gloucestershire Constabulary,Gloucestershire Constabulary,,,No Location,,,Public order,Investigation complete; no suspect identified,
c8f55e615c3dca2689e48f37016241eb7d006706a0092921613f987cb42f9d7e,2022-02,Gloucestershire Constabulary,Gloucestershire Constabulary,,,No Location,,,Public order,Unable to prosecute suspect,
4fd5a01f228261a1735f1dce674109703070d6c59b2d476f2341df4a9d2b10d3,2022-02,Gloucestershire Constabulary,Gloucestershire Constabulary,,,No Location,,,Public order,Investigation complete; no suspect identified,
24b67c0732ed737427a0f001977b91d580d03fc19ebaf3e82dd9c6142d131008,2022-02,Gloucestershire Constabulary,Gloucestershire Constabulary,,,No Location,,,Robbery,Investigation complete; no suspect identified,
b00395f38ba86e67e3673dff86320e0f48d5b54d8eec179e847fb4965f6947e6,2022-02,Gloucestershire Constabulary,Gloucestershire Constabulary,,,No Location,,,Shoplifting,Investigation complete; no suspect identified,
4043f7dc5e958ceb60e79824cb030d5aac521a47d819f277f6a7c77296a1bda7,2022-02,Gloucestershire Constabulary,Gloucestershire Constabulary,,,No Location,,,Shoplifting,Unable to prosecute suspect,
d91774738635443a0ed4a427b4a2f406db74a45de8c5d118923a8a4d4a5522bf,2022-02,Gloucestershire Constabulary,Gloucestershire Constabulary,,,No Location,,,Shoplifting,Investigation complete; no suspect identified,
7eedcc3a08d71c7f494b55d2a1f09b7998a12cb5c349bd65fbdefb55b3a923e8,2022-02,Gloucestershire Constabulary,Gloucestershire Constabulary,,,No Location,,,Shoplifting,Investigation complete; no suspect identified,
f91ce9b2530de87b15fff272554e7a68e81a30dcfd80c25c5c32d0883e515c5f,2022-02,Gloucestershire Constabulary,Gloucestershire Constabulary,,,No Location,,,Shoplifting,Offender given a caution,
483cfd42b6fb2c3a9ae20119be97dbf13c169901e436016a021be8f57c933d5f,2022-02,Gloucestershire Constabulary,Gloucestershire Constabulary,,,No Location,,,Shoplifting,Unable to prosecute suspect,
d8aa34dce6ace4b264a8d23b61470b2491cbae41a91317c677aec436b80473d1,2022-02,Gloucestershire Constabulary,Gloucestershire Constabulary,,,No Location,,,Shoplifting,Unable to prosecute suspect,
c58c115797ad165bd0443d8a661dd3c3e61a3579dfe7f39347671d1bb41c86f1,2022-02,Gloucestershire Constabulary,Gloucestershire Constabulary,,,No Location,,,Shoplifting,Investigation complete; no suspect identified,
dcb0d4f56e204c895915b43b31c3ad0584b0d6f5291eff65c34120ce967d65af,2022-02,Gloucestershire Constabulary,Gloucestershire Constabulary,,,No Location,,,Shoplifting,Investigation complete; no suspect identified,
a8bbcb8185488376caec1e6928dcc41dd834a2d88c238ccda0c83c4cb6b81bc8,2022-02,Gloucestershire Constabulary,Gloucestershire Constabulary,,,No Location,,,Shoplifting,Investigation complete; no suspect identified,
7585b144de5e03a88be8e214bc9643654b1c2281f006891f305919a2f253238e,2022-02,Gloucestershire Constabulary,Gloucestershire Constabulary,,,No Location,,,Shoplifting,Unable to prosecute suspect,
c5dea6fe9b056f981fd0b9b9930e33f425bd3ddd33f90b1cf06ffeecb48f50d1,2022-02,Gloucestershire Constabulary,Gloucestershire Constabulary,,,No Location,,,Shoplifting,Investigation complete; no suspect identified,
542c0d5cc7cf8b7ceb98a44464abd11cda57afa68deb6e4f0aa494cc727d9d2b,2022-02,Gloucestershire Constabulary,Gloucestershire Constabulary,,,No Location,,,Shoplifting,Investigation complete; no suspect identified,
f0c82e546fc5ec91afed0fc48d31f49cadafc115b6ee7baa9be1a90ab9366d70,2022-02,Gloucestershire Constabulary,Gloucestershire Constabulary,,,No Location,,,Shoplifting,Unable to prosecute suspect,
bf7b519b5e1f2b62dea5265f0cdcf7b1440dfda515413296d4b559f67efee06b,2022-02,Gloucestershire Constabulary,Gloucestershire Constabulary,,,No Location,,,Shoplifting,Unable to prosecute suspect,
2c2e11de470cfb0bf25d6e8ee7bbc4beab887f4361756d6751f06b7b126415a8,2022-02,Gloucestershire Constabulary,Gloucestershire Constabulary,,,No Location,,,Shoplifting,Investigation complete; no suspect identified,
909997f2be4e370ad0752165c57c672b54e0f54e26a44cc19123417d8aa3f9ce,2022-02,Gloucestershire Constabulary,Gloucestershire Constabulary,,,No Location,,,Shoplifting,Investigation complete; no suspect identified,
592f767ca6dcd6ef26d2cc9a136b908aea0453284b65391ba72c561e407985aa,2022-02,Gloucestershire Constabulary,Gloucestershire Constabulary,,,No Location,,,Shoplifting,Investigation complete; no suspect identified,
ea1288201d3f39cd8a71c59fcf7fb9cb40e96c826588a4d7bd5b01dbb46207ec,2022-02,Gloucestershire Constabulary,Gloucestershire Constabulary,,,No Location,,,Shoplifting,Investigation complete; no suspect identified,
c0672c1443d3d44dfd0e732d15ab354d09413b75db2d28ccdddcd4e7906acd98,2022-02,Gloucestershire Constabulary,Gloucestershire Constabulary,,,No Location,,,Shoplifting,Investigation complete; no suspect identified,
f569616d9b0c648c0e338c23c9f10a69ce54a8494cfec635ad64f877d37fd1b2,2022-02,Gloucestershire Constabulary,Gloucestershire Constabulary,,,No Location,,,Shoplifting,Investigation complete; no suspect identified,
edca828d3b8b71ec3a07fd15d7d1ca663731fe35d1f951cb9bb7327bc1d24292,2022-02,Gloucestershire Constabulary,Gloucestershire Constabulary,,,No Location,,,Shoplifting,Unable to prosecute suspect,
72dc3d9ff34e873224543d2f18c6b3da71fa3ff40c0ad66945d224ab19027756,2022-02,Gloucestershire Constabulary,Gloucestershire Constabulary,,,No Location,,,Shoplifting,Court result unavailable,
da0a7e743b7448e1028f98c122b17da8f05b25492d0c24d5070cef3dabc1a121,2022-02,Gloucestershire Constabulary,Gloucestershire Constabulary,,,No Location,,,Shoplifting,Investigation complete; no suspect identified,
1aee98f67794a911bd6369f864eef3cf8f1a0626d67840f86bd37452e90c8bd6,2022-02,Gloucestershire Constabulary,Gloucestershire Constabulary,,,No Location,,,Shoplifting,Formal action is not in the public interest,
7ccec106b821455f97275483e70c21b11117a522235a74a2587ffe5455915de2,2022-02,Gloucestershire Constabulary,Gloucestershire Constabulary,,,No Location,,,Shoplifting,Investigation complete; no suspect identified,
27d68f08da459fd21309599a57c19c789def387a97e696c1a9c543a3d6335659,2022-02,Gloucestershire Constabulary,Gloucestershire Constabulary,,,No Location,,,Shoplifting,Investigation complete; no suspect identified,
88e50ed718ecad164d4240d6ada990fd5b8085220b01e05203a9793a8ed65ad8,2022-02,Gloucestershire Constabulary,Gloucestershire Constabulary,,,No Location,,,Shoplifting,Investigation complete; no suspect identified,
c17552413193281c3d1f23c057ff2ee76cbac0ac5c68701b32ee6e12d4fccac1,2022-02,Gloucestershire Constabulary,Gloucestershire Constabulary,,,No Location,,,Shoplifting,Investigation complete; no suspect identified,
cb77bd48dce0880138cc7757934be2bccddd2d1d99631ff7471805673ea1a241,2022-02,Gloucestershire Constabulary,Gloucestershire Constabulary,,,No Location,,,Shoplifting,Status update unavailable,
7f3bc25865b3b1ce0fde61a9befe1e0f999181c34633bc90ba67dee4f038b956,2022-02,Gloucestershire Constabulary,Gloucestershire Constabulary,,,No Location,,,Shoplifting,Investigation complete; no suspect identified,
c0e2da0270a6998039561e3d7305db7d6b51313d0d3e3e9af1de8ffb89ecf256,2022-02,Gloucestershire Constabulary,Gloucestershire Constabulary,,,No Location,,,Shoplifting,Investigation complete; no suspect identified,
6b8bd16cce243207e7cb275191c45d0bbb9124466ec8bb0ef3bf4f500e6cb81e,2022-02,Gloucestershire Constabulary,Gloucestershire Constabulary,,,No Location,,,Shoplifting,Formal action is not in the public interest,
1bd6c65b0ed3aa9f68d6363a8d7446d6beef0a08599f4a23c57fd988ac9a1d16,2022-02,Gloucestershire Constabulary,Gloucestershire Constabulary,,,No Location,,,Shoplifting,Investigation complete; no suspect identified,
4ccc7ee33a5f4dfefbbf9de81a1cda0082bed776403e7f9f4f129409ee4d051d,2022-02,Gloucestershire Constabulary,Gloucestershire Constabulary,,,No Location,,,Shoplifting,Unable to prosecute suspect,
c87d458f656573fd4e3efcc0a0b48a895e68c2592111ff5c20781d136e0902c1,2022-02,Gloucestershire Constabulary,Gloucestershire Constabulary,,,No Location,,,Shoplifting,Unable to prosecute suspect,
cf3d461f108578a2813188042837127bd5b744310f334ee7c4c35269f48eb98b,2022-02,Gloucestershire Constabulary,Gloucestershire Constabulary,,,No Location,,,Theft from the person,Investigation complete; no suspect identified,
5dc0532a0589ca2c289db50aceab04e3efb1e029b793a08cceeb396a3aac9995,2022-02,Gloucestershire Constabulary,Gloucestershire Constabulary,,,No Location,,,Theft from the person,Investigation complete; no suspect identified,
97ccce9a77064bab99eb79002f66d770b95017c8f30ca564d828b4c06ea8f5ca,2022-02,Gloucestershire Constabulary,Gloucestershire Constabulary,,,No Location,,,Theft from the person,Investigation complete; no suspect identified,
2d3e3c52153cfd749abeff35d75625dd27672f8aa384fcf9a009954fd9e58205,2022-02,Gloucestershire Constabulary,Gloucestershire Constabulary,,,No Location,,,Theft from the person,Investigation complete; no suspect identified,
cc9f36e8388b8923ca9b22619a9ccd17557c3d396d37a712bf9207747b6184dc,2022-02,Gloucestershire Constabulary,Gloucestershire Constabulary,,,No Location,,,Theft from the person,Unable to prosecute suspect,
4fd5eb9d9cc190e1ee958a2f5d909d069ac0492f0374d11185c2c29c6136e53a,2022-02,Gloucestershire Constabulary,Gloucestershire Constabulary,,,No Location,,,Theft from the person,Investigation complete; no suspect identified,
65a2f073bfdbedc6f2367129a0bb8f83e84694c06c88a54f7f8d494008ec9d1b,2022-02,Gloucestershire Constabulary,Gloucestershire Constabulary,,,No Location,,,Theft from the person,Investigation complete; no suspect identified,
c41d1d107b7330f1b374101b75a64147ea8d4ce24fd968e53d83498cd8d37526,2022-02,Gloucestershire Constabulary,Gloucestershire Constabulary,,,No Location,,,Theft from the person,Investigation complete; no suspect identified,
f58e498fab60cfdc31d3e58f2509eb64316d58fe0bc1e22103b97573e087e965,2022-02,Gloucestershire Constabulary,Gloucestershire Constabulary,,,No Location,,,Vehicle crime,Investigation complete; no suspect identified,
52af9a029b1853dda824e991ce698f347849dcf7f622f7cb52cb4e36bb945dac,2022-02,Gloucestershire Constabulary,Gloucestershire Constabulary,,,No Location,,,Vehicle crime,Action to be taken by another organisation,
2d451d1acd399e118a4ef9d108d674e23b26e6fd4ce6c543b8a6ac133b6f6f9a,2022-02,Gloucestershire Constabulary,Gloucestershire Constabulary,,,No Location,,,Vehicle crime,Investigation complete; no suspect identified,
f791cc6bf946192f4bb22c52fbf38a0b31e137599d2a0a0435fcd500dda034c8,2022-02,Gloucestershire Constabulary,Gloucestershire Constabulary,,,No Location,,,Vehicle crime,Investigation complete; no suspect identified,
52bc72f0d29d054307fd73eaa69677d70b858f80ddacc2230ddb42b4f2e29a25,2022-02,Gloucestershire Constabulary,Gloucestershire Constabulary,,,No Location,,,Vehicle crime,Investigation complete; no suspect identified,
f674ca386f6f9b45c5e23f92382986dc326a6b32a1e40a7f50111077553753a9,2022-02,Gloucestershire Constabulary,Gloucestershire Constabulary,,,No Location,,,Vehicle crime,Suspect charged as part of another case,
0a1867afa5498ca32146cfe0314b0fb63d965fc9e217c66a66406d021807b1d7,2022-02,Gloucestershire Constabulary,Gloucestershire Constabulary,,,No Location,,,Vehicle crime,Investigation complete; no suspect identified,
c55a951bad2d89b7a03c4963f05ff651e4de219ff9b89fef86e1b110be360031,2022-02,Gloucestershire Constabulary,Gloucestershire Constabulary,,,No Location,,,Vehicle crime,Investigation complete; no suspect identified,
910c92b70db8523f30d6847be68fc86860c98e8d5e51aebfe52cbe9848eaac3a,2022-02,Gloucestershire Constabulary,Gloucestershire Constabulary,,,No Location,,,Vehicle crime,Investigation complete; no suspect identified,
8027cecddd9f46e18a755e7aa76ed418811631ac17f28996c32d7250f11822da,2022-02,Gloucestershire Constabulary,Gloucestershire Constabulary,,,No Location,,,Vehicle crime,Investigation complete; no suspect identified,
08eb77ea58819eab05106cebde260b25deec673a04db1ead1bf49b8c25561505,2022-02,Gloucestershire Constabulary,Gloucestershire Constabulary,,,No Location,,,Vehicle crime,Investigation complete; no suspect identified,
72eee593094e7da60a5d650bdb490a79ad4184c2f49533eee6aa265b356cf70f,2022-02,Gloucestershire Constabulary,Gloucestershire Constabulary,,,No Location,,,Vehicle crime,Investigation complete; no suspect identified,
8a011a27aa9c0c9773a606361b9838a00660fd14ffd31e6c394af6247e6a95b5,2022-02,Gloucestershire Constabulary,Gloucestershire Constabulary,,,No Location,,,Vehicle crime,Investigation complete; no suspect identified,
d9e0852b654b17f0e7c2a0a60683fde83a60ad35b72a4c42920caee850d561f6,2022-02,Gloucestershire Constabulary,Gloucestershire Constabulary,,,No Location,,,Vehicle crime,Court result unavailable,
ec640a7a822c0127de6b30824860bf0f3dd56be224c3eb43d0dc12ed984cc4ba,2022-02,Gloucestershire Constabulary,Gloucestershire Constabulary,,,No Location,,,Vehicle crime,Investigation complete; no suspect identified,
3ddb856f3ac36433d3c3fd059ccf3aaed83b184f5962929953e253f41e963d6f,2022-02,Gloucestershire Constabulary,Gloucestershire Constabulary,,,No Location,,,Vehicle crime,Investigation complete; no suspect identified,
4ef78c857674c181c9b1384e5a693fc1c4873f41e5655515fca95516ac6d191a,2022-02,Gloucestershire Constabulary,Gloucestershire Constabulary,,,No Location,,,Vehicle crime,Investigation complete; no suspect identified,
bf8e3fe4e1c4bf32869dd17569e059f46facbf06bc7d04961cf9bfa9bf3a4b06,2022-02,Gloucestershire Constabulary,Gloucestershire Constabulary,,,No Location,,,Vehicle crime,Investigation complete; no suspect identified,
e3308a88a6a85febcfd0d0eaa92ffe3cc076c1c37ea5f5a1b3bcb7223ef77cb2,2022-02,Gloucestershire Constabulary,Gloucestershire Constabulary,,,No Location,,,Violence and sexual offences,Action to be taken by another organisation,
7e33575f37fd2120d1ecef3f7d7cbb8f1a4fff3b2e9f056bc440279ad4db3130,2022-02,Gloucestershire Constabulary,Gloucestershire Constabulary,,,No Location,,,Violence and sexual offences,Unable to prosecute suspect,
77cc78fa53242c50602b50814990a68b55eb49153d1a81e8d7d1c241c2e28d80,2022-02,Gloucestershire Constabulary,Gloucestershire Constabulary,,,No Location,,,Violence and sexual offences,Unable to prosecute suspect,
9b834b0ee5e3f9962184953239ce170be026d597523f1136c28f9845c67abb54,2022-02,Gloucestershire Constabulary,Gloucestershire Constabulary,,,No Location,,,Violence and sexual offences,Unable to prosecute suspect,
303dd060b887b9c2ed96a9ac5cb11436d13d1b8568bcdc85bc150502cc16d424,2022-02,Gloucestershire Constabulary,Gloucestershire Constabulary,,,No Location,,,Violence and sexual offences,Unable to prosecute suspect,
53d34699979c78405c6538a28ede9f427b8bb6bd03a00face4f411c4f1159c4b,2022-02,Gloucestershire Constabulary,Gloucestershire Constabulary,,,No Location,,,Violence and sexual offences,Unable to prosecute suspect,
d882edc34202f6cf9a08a502c13972844f00d7f09d124bb6c2df60c1d94956c0,2022-02,Gloucestershire Constabulary,Gloucestershire Constabulary,,,No Location,,,Violence and sexual offences,Unable to prosecute suspect,
30deec48f55a9edb6e7bc70301d654133829cbffa5b940a2bbc4b08d6793562d,2022-02,Gloucestershire Constabulary,Gloucestershire Constabulary,,,No Location,,,Violence and sexual offences,Unable to prosecute suspect,
ea0262fb47b7aa5b0ba115a0c9ebe753c96ac728f5e52febe55e30b19bb6055b,2022-02,Gloucestershire Constabulary,Gloucestershire Constabulary,,,No Location,,,Violence and sexual offences,Awaiting court outcome,
f951661c97f8a179df72eb63c5715bd73abf1871ac25913415b3afacde758471,2022-02,Gloucestershire Constabulary,Gloucestershire Constabulary,,,No Location,,,Violence and sexual offences,Court result unavailable,
56a647286f0f3613191fdc7c6efc859f1dc95450c08c9ca64d67208c9c41d799,2022-02,Gloucestershire Constabulary,Gloucestershire Constabulary,,,No Location,,,Violence and sexual offences,Unable to prosecute suspect,
723dcd11a5a93936e635e5cb60e52df8cb6207108d4a05f83f8df8da9b3bd987,2022-02,Gloucestershire Constabulary,Gloucestershire Constabulary,,,No Location,,,Violence and sexual offences,Unable to prosecute suspect,
eaa9dab40ef962d7859f87056ecdfb39e709f4601ab9e29b102e13f19a644402,2022-02,Gloucestershire Constabulary,Gloucestershire Constabulary,,,No Location,,,Violence and sexual offences,Unable to prosecute suspect,
dbfdb326e46d04604d649f08bfe74b0402193619ad9a3721c4884c6b4523120e,2022-02,Gloucestershire Constabulary,Gloucestershire Constabulary,,,No Location,,,Violence and sexual offences,Unable to prosecute suspect,
a0fb570825a68fefa4d5fa8d1581d40c57ee5c8a8e17c1cc7963a1c8a3e6d871,2022-02,Gloucestershire Constabulary,Gloucestershire Constabulary,,,No Location,,,Violence and sexual offences,Unable to prosecute suspect,
e540715e882af153ed76fa7f3c863a4c9e841379e12a45b8cb967da6f00fd7e5,2022-02,Gloucestershire Constabulary,Gloucestershire Constabulary,,,No Location,,,Violence and sexual offences,Unable to prosecute suspect,
5b3d1749d291781cecb12b926f42beb2443e9a77fe366196e7704af8155d2e38,2022-02,Gloucestershire Constabulary,Gloucestershire Constabulary,,,No Location,,,Violence and sexual offences,Court result unavailable,
9da30caa3eea68bf188e34ab9d17e30725371a5651e2c7f3d2de7bd984b598ba,2022-02,Gloucestershire Constabulary,Gloucestershire Constabulary,,,No Location,,,Violence and sexual offences,Unable to prosecute suspect,
a4c13897c72676d5117d64dd1c8903d48a8a2cb6738b4cdf453356ac950e34aa,2022-02,Gloucestershire Constabulary,Gloucestershire Constabulary,,,No Location,,,Violence and sexual offences,Unable to prosecute suspect,
2cb95fab4ab3845e49c6eaee930c760209f610781b3d8f6dabde481853e4e719,2022-02,Gloucestershire Constabulary,Gloucestershire Constabulary,,,No Location,,,Violence and sexual offences,Court result unavailable,
f5d5191853c33299c7232460d47266ac1f8893a55887bc1f72a664fbd6e566bd,2022-02,Gloucestershire Constabulary,Gloucestershire Constabulary,,,No Location,,,Violence and sexual offences,Unable to prosecute suspect,
1db63600dfc4fc016a9550986faf070a1dc3503575de4eb8313450c908ee6005,2022-02,Gloucestershire Constabulary,Gloucestershire Constabulary,,,No Location,,,Violence and sexual offences,Unable to prosecute suspect,
688e960bd720cb04ea48bbf670747ef8900bf9357c666099f8379e4bd065f043,2022-02,Gloucestershire Constabulary,Gloucestershire Constabulary,,,No Location,,,Violence and sexual offences,Action to be taken by another organisation,
4122de6d6d83b3a3665a0940d9c276d67ac7d018905822f8b8bf82c98a13a5ca,2022-02,Gloucestershire Constabulary,Gloucestershire Constabulary,,,No Location,,,Violence and sexual offences,Unable to prosecute suspect,
5b466d3cb76ce754dd356d7ad7cb0bff454f07da66ba6bdca5058c448195a73f,2022-02,Gloucestershire Constabulary,Gloucestershire Constabulary,,,No Location,,,Violence and sexual offences,Unable to prosecute suspect,
abfb3f92d54db5053bb5f495017a5771f6d6bc3fb9fba6cc5526ef41846ccc89,2022-02,Gloucestershire Constabulary,Gloucestershire Constabulary,,,No Location,,,Violence and sexual offences,Unable to prosecute suspect,
dd23a968b4a8a6a7f2089f61043ba9c446f565b28801c02cd0ec754e9e1b842b,2022-02,Gloucestershire Constabulary,Gloucestershire Constabulary,,,No Location,,,Violence and sexual offences,Unable to prosecute suspect,
4613c893b6ecd9ba0e5dca8adac5f133386e7fa86e26cbabe4580688fc55da67,2022-02,Gloucestershire Constabulary,Gloucestershire Constabulary,,,No Location,,,Violence and sexual offences,Unable to prosecute suspect,
1cfceb79a9de4eb218e235e8531126703ef75b580f5488927b596c77805b8c47,2022-02,Gloucestershire Constabulary,Gloucestershire Constabulary,,,No Location,,,Violence and sexual offences,Investigation complete; no suspect identified,
6724ea95d1df7deec1d775a2be8e8724066455254be7b309d1adbb4f4c8580ab,2022-02,Gloucestershire Constabulary,Gloucestershire Constabulary,,,No Location,,,Violence and sexual offences,Unable to prosecute suspect,
c29d7cf921f28e79e02fa9c29ca8937f1e55f34619c8d3e99a8b13f539cfa6ef,2022-02,Gloucestershire Constabulary,Gloucestershire Constabulary,,,No Location,,,Violence and sexual offences,Investigation complete; no suspect identified,
4cef6fade02c574f8200af3e47079ab99a1c706476d85fe6ab6f19b985ff9920,2022-02,Gloucestershire Constabulary,Gloucestershire Constabulary,,,No Location,,,Violence and sexual offences,Investigation complete; no suspect identified,
af830814c11859ffe1bf0860d450828ec3c35bd21dbdb11fb532e664c233d18a,2022-02,Gloucestershire Constabulary,Gloucestershire Constabulary,,,No Location,,,Violence and sexual offences,Unable to prosecute suspect,
efe3c161e0a4b955f61725491f956387c2281aa4420f0940d319716434d2d83a,2022-02,Gloucestershire Constabulary,Gloucestershire Constabulary,,,No Location,,,Violence and sexual offences,Offender given a caution,
7829a0f0fa66da22dfe9628453b5b1ec4c6532af74a74d413a26d7dd0552f4e4,2022-02,Gloucestershire Constabulary,Gloucestershire Constabulary,,,No Location,,,Violence and sexual offences,Unable to prosecute suspect,
79436d0153e9b6cc3068b43f0b65da06cc73bb5b791ccc7dd672673745e45ff0,2022-02,Gloucestershire Constabulary,Gloucestershire Constabulary,,,No Location,,,Violence and sexual offences,Court result unavailable,
8118203b13751827b6426e375b698a451cb999ac152e24e4b2ecffcf11fba2e3,2022-02,Gloucestershire Constabulary,Gloucestershire Constabulary,,,No Location,,,Violence and sexual offences,Action to be taken by another organisation,
3525caeba2b7e773c6452b3a15f603de6e910c7bbd971d6e5cbdf25009bf3b3b,2022-02,Gloucestershire Constabulary,Gloucestershire Constabulary,,,No Location,,,Violence and sexual offences,Investigation complete; no suspect identified,
52b42cb05956829c06d2e488014c6ab414db6d76e6a5dacfb57feb8f09f373f2,2022-02,Gloucestershire Constabulary,Gloucestershire Constabulary,,,No Location,,,Violence and sexual offences,Investigation complete; no suspect identified,
6cb7f888deeb79bdd98a4a6b674f7336ab4f7a7831f95cb185201f3569a89da7,2022-02,Gloucestershire Constabulary,Gloucestershire Constabulary,,,No Location,,,Violence and sexual offences,Investigation complete; no suspect identified,
ff8fb831aeeece5605cfc88de2c8d3910cb2101e8550ec3e442d895cbbaf7d7c,2022-02,Gloucestershire Constabulary,Gloucestershire Constabulary,,,No Location,,,Violence and sexual offences,Unable to prosecute suspect,
ea0194f4f9c47d84497f079e170db8b85c284f05f512b696fbcbd03f6cb7a33f,2022-02,Gloucestershire Constabulary,Gloucestershire Constabulary,,,No Location,,,Violence and sexual offences,Investigation complete; no suspect identified,
24309d76532b128268e6b5298da9deec641d2e10064e5c84eed12fb7d2059817,2022-02,Gloucestershire Constabulary,Gloucestershire Constabulary,,,No Location,,,Violence and sexual offences,Formal action is not in the public interest,
94df34b8097a0618ba4de11cede7b3ad92bce7428b3faf519df24cf954c72e39,2022-02,Gloucestershire Constabulary,Gloucestershire Constabulary,,,No Location,,,Violence and sexual offences,Unable to prosecute suspect,
80bf8aa7b3174b7e281195c3bf6b4c0a5583ea5a53773ebd7ae40ed2218b9582,2022-02,Gloucestershire Constabulary,Gloucestershire Constabulary,,,No Location,,,Violence and sexual offences,Unable to prosecute suspect,
b3648bca578ed278b4d4387bd078d58654a3e55c2bedee24685fc7e3998d9249,2022-02,Gloucestershire Constabulary,Gloucestershire Constabulary,,,No Location,,,Violence and sexual offences,Unable to prosecute suspect,
4ce1b625885142f0b8ec697e232a1a1aa815acb65f98cfcf0ce504c118f92d68,2022-02,Gloucestershire Constabulary,Gloucestershire Constabulary,,,No Location,,,Violence and sexual offences,Unable to prosecute suspect,
4abadd21603350015771209333000a0af530524a42cb80732af0ea7371f477fc,2022-02,Gloucestershire Constabulary,Gloucestershire Constabulary,,,No Location,,,Violence and sexual offences,Unable to prosecute suspect,
e6dcf251f402508b9c3fb58b0eba86c2ba220166e06fdb052d4cd5ecdbb70cef,2022-02,Gloucestershire Constabulary,Gloucestershire Constabulary,,,No Location,,,Violence and sexual offences,Unable to prosecute suspect,
d975388d453a9c6bf94799096cac115bf213ba240391633e07e5e85eafbd4969,2022-02,Gloucestershire Constabulary,Gloucestershire Constabulary,,,No Location,,,Violence and sexual offences,Action to be taken by another organisation,
eb00b169d26d05c3aafe8a1279deead6cff965ee20a7355f3c13f851b4d137c5,2022-02,Gloucestershire Constabulary,Gloucestershire Constabulary,,,No Location,,,Violence and sexual offences,Unable to prosecute suspect,
e005b3d16e52b5316380892ea6204ee3ec4654687d5d7f4cd0f3bd0f9199f191,2022-02,Gloucestershire Constabulary,Gloucestershire Constabulary,,,No Location,,,Violence and sexual offences,Unable to prosecute suspect,
bed827269dffc54ff694b9a3215ab6afd08b45fcfdc82799775803faf96634fb,2022-02,Gloucestershire Constabulary,Gloucestershire Constabulary,,,No Location,,,Violence and sexual offences,Investigation complete; no suspect identified,
f78f01650161735895cdf246ce5c9334b8b81ac30615f4ec09318a2e02a35d9e,2022-02,Gloucestershire Constabulary,Gloucestershire Constabulary,,,No Location,,,Violence and sexual offences,Unable to prosecute suspect,
e9760c6a61f5319bf8db0dcd934906d96d792c62fce88ce0e1397a737d3cacea,2022-02,Gloucestershire Constabulary,Gloucestershire Constabulary,,,No Location,,,Violence and sexual offences,Investigation complete; no suspect identified,
721a8119fc5141dba56c67f7accb8d3e689d2e8e6167f199d290204e485754cf,2022-02,Gloucestershire Constabulary,Gloucestershire Constabulary,,,No Location,,,Violence and sexual offences,Action to be taken by another organisation,
70c634fb2f819c3c81c452f4731e800790363edf9522115f35550ea0846eed76,2022-02,Gloucestershire Constabulary,Gloucestershire Constabulary,,,No Location,,,Violence and sexual offences,Unable to prosecute suspect,
91c6a23b8ee9b34966a69836a2e5818a55d78740478f13e3a0c88abeca2485e9,2022-02,Gloucestershire Constabulary,Gloucestershire Constabulary,,,No Location,,,Violence and sexual offences,Unable to prosecute suspect,
eccf143bbad003e3063911c78f37c88a4cd5d554f572ed0445ef769af618a5fa,2022-02,Gloucestershire Constabulary,Gloucestershire Constabulary,,,No Location,,,Violence and sexual offences,Unable to prosecute suspect,
7058413c6daf2ec74a959245a31e58535169974f9b9db33d7f94fdcbec420e7b,2022-02,Gloucestershire Constabulary,Gloucestershire Constabulary,,,No Location,,,Violence and sexual offences,Unable to prosecute suspect,
f830b6d9bf3d1cc24d3cbaa19514cca9f0c894bd3c10c66d264db40a9d752e38,2022-02,Gloucestershire Constabulary,Gloucestershire Constabulary,,,No Location,,,Violence and sexual offences,Investigation complete; no suspect identified,
d0e459ae44ac2440de6e928f479789d00c36fc6b005d78c1b8f308c6667d38f2,2022-02,Gloucestershire Constabulary,Gloucestershire Constabulary,,,No Location,,,Violence and sexual offences,Unable to prosecute suspect,
6dedf8de7ed337b2f0900780bc92f426533b8821d6c7e44a2a9dfd2f9382afa9,2022-02,Gloucestershire Constabulary,Gloucestershire Constabulary,,,No Location,,,Violence and sexual offences,Investigation complete; no suspect identified,
57088d5a7a620b06864ee6ccdc26b39b17d3f73c17b8db9fce66da1b2b8afc12,2022-02,Gloucestershire Constabulary,Gloucestershire Constabulary,,,No Location,,,Violence and sexual offences,Court result unavailable,
f1802a3e0876639970b7d94fb2b62df059aaa46382cd4a60da42ea5b5b180353,2022-02,Gloucestershire Constabulary,Gloucestershire Constabulary,,,No Location,,,Violence and sexual offences,Investigation complete; no suspect identified,
425fa6e86d7b8a1d57263ad024814120854c09f9ac47e2b4719d6dcfc90bbc46,2022-02,Gloucestershire Constabulary,Gloucestershire Constabulary,,,No Location,,,Violence and sexual offences,Unable to prosecute suspect,
76f1b045aa902ef26f026d94c3668b0f7e8755d7cb3340597ef6042279124027,2022-02,Gloucestershire Constabulary,Gloucestershire Constabulary,,,No Location,,,Violence and sexual offences,Unable to prosecute suspect,
d3b60fc996b58fc1362dfed9da3faa2e9c5d8c2fcb9724f811e621f8d13ddcdc,2022-02,Gloucestershire Constabulary,Gloucestershire Constabulary,,,No Location,,,Violence and sexual offences,Investigation complete; no suspect identified,
7ba5802b3d5d0ebe563e4aa71905eedc6ca24e848ed86bb32c6b516520785795,2022-02,Gloucestershire Constabulary,Gloucestershire Constabulary,,,No Location,,,Violence and sexual offences,Unable to prosecute suspect,
f0fee2fd802b9db67b5a0e64c52816e3a6d8d80212a0e02b0e32caca61fe9777,2022-02,Gloucestershire Constabulary,Gloucestershire Constabulary,,,No Location,,,Violence and sexual offences,Investigation complete; no suspect identified,
2e7dd0640966e05e977002e5cf6f616bb26dc718df487571a3474f8b8f243ff6,2022-02,Gloucestershire Constabulary,Gloucestershire Constabulary,,,No Location,,,Violence and sexual offences,Unable to prosecute suspect,
0f4c77a484e029bf7bb3df09a3bf139ab0412f4a12ba58b1716f0088934098dc,2022-02,Gloucestershire Constabulary,Gloucestershire Constabulary,,,No Location,,,Violence and sexual offences,Unable to prosecute suspect,
280dcac2df7392020aaaddea643b60eddb42582324e995be82ca680e720b62a1,2022-02,Gloucestershire Constabulary,Gloucestershire Constabulary,,,No Location,,,Violence and sexual offences,Action to be taken by another organisation,
5e0684d06ee52f45ba35794839ad3920f26b0b4b155ee40494334e7f9bab74cc,2022-02,Gloucestershire Constabulary,Gloucestershire Constabulary,,,No Location,,,Violence and sexual offences,Unable to prosecute suspect,
d6bbf8d82d0d4a7fc80dc37b1c22fa433ea6a8e73ddcc71fb1f5d2a501c3f3d3,2022-02,Gloucestershire Constabulary,Gloucestershire Constabulary,,,No Location,,,Violence and sexual offences,Unable to prosecute suspect,
c01db99f4f4432e4030d9a50b203ebc1d273a5b29f01df3f6762133add295db3,2022-02,Gloucestershire Constabulary,Gloucestershire Constabulary,,,No Location,,,Violence and sexual offences,Offender given a caution,
f8ab33e1b6e056ab2242e8f3e96b212f19685f6c588cd63747ac92cb9aa60a16,2022-02,Gloucestershire Constabulary,Gloucestershire Constabulary,,,No Location,,,Violence and sexual offences,Unable to prosecute suspect,
17dd492e63674cb2d9cef0a7af4662b5f7af4fa5f9b9cc533dace8e536b814d3,2022-02,Gloucestershire Constabulary,Gloucestershire Constabulary,,,No Location,,,Violence and sexual offences,Unable to prosecute suspect,
abf1da15c4f9935156f426e6831add0d1a27da36109cd85b25a3cf8656799fbe,2022-02,Gloucestershire Constabulary,Gloucestershire Constabulary,,,No Location,,,Violence and sexual offences,Unable to prosecute suspect,
8ca02b777b7d88ead413aeec92b34d8d9e642e1d190baef71f251eba5b1b0665,2022-02,Gloucestershire Constabulary,Gloucestershire Constabulary,,,No Location,,,Violence and sexual offences,Unable to prosecute suspect,
4b7220209183b3f0ec0485b1ca8424052e7b8cb3c5d8ac279a76e88ed7605f6d,2022-02,Gloucestershire Constabulary,Gloucestershire Constabulary,,,No Location,,,Violence and sexual offences,Unable to prosecute suspect,
df32b9bada28776a9e069da1a58cfa147287981d927f471243f2b55f63fb082a,2022-02,Gloucestershire Constabulary,Gloucestershire Constabulary,,,No Location,,,Violence and sexual offences,Unable to prosecute suspect,
3ab2a771a5bbeb2c2bf4db4fc33c768a8d122bfa509d7733ee9ad523cc5330d2,2022-02,Gloucestershire Constabulary,Gloucestershire Constabulary,,,No Location,,,Violence and sexual offences,Unable to prosecute suspect,
01db7ada600f29c2d28fbdb16215c0eb4b6a3a4037bb1be0cf64e9d376b39398,2022-02,Gloucestershire Constabulary,Gloucestershire Constabulary,,,No Location,,,Violence and sexual offences,Status update unavailable,
05aff444834635359b3b02609135aac54407929558cdb93dfb1efda840f2cedf,2022-02,Gloucestershire Constabulary,Gloucestershire Constabulary,,,No Location,,,Violence and sexual offences,Unable to prosecute suspect,
cc8e449741a5b1652ec7192e95915d0e09e7d2b9d2e00990301e572702b7e875,2022-02,Gloucestershire Constabulary,Gloucestershire Constabulary,,,No Location,,,Violence and sexual offences,Unable to prosecute suspect,
5ed3609131489e952afeeea889289d96f0bd32452c9d4bc1c012a86a142a6f54,2022-02,Gloucestershire Constabulary,Gloucestershire Constabulary,,,No Location,,,Violence and sexual offences,Unable to prosecute suspect,
203289edb85901cd0b4c43d9b760d69bd2621e9398ed6f770de46e6f57290549,2022-02,Gloucestershire Constabulary,Gloucestershire Constabulary,,,No Location,,,Violence and sexual offences,Unable to prosecute suspect,
cce1555be7a2d3bf7e1f9c5c9d394ceba03251ee1e91ef7093a62983b886e141,2022-02,Gloucestershire Constabulary,Gloucestershire Constabulary,,,No Location,,,Violence and sexual offences,Unable to prosecute suspect,
b90a404e46c2afb00625e4f7d8eca7004e35039b71efb03f8c88cb5edce4cb27,2022-02,Gloucestershire Constabulary,Gloucestershire Constabulary,,,No Location,,,Violence and sexual offences,Unable to prosecute suspect,
658c90119f58584b068f82264be70e094795ee7b1d0cb4eb7e07e50d0f6d142c,2022-02,Gloucestershire Constabulary,Gloucestershire Constabulary,,,No Location,,,Violence and sexual offences,Unable to prosecute suspect,
4a419e745824a23df415edd39815a1eab69c3fe503ddd6a75777277a67acc6ca,2022-02,Gloucestershire Constabulary,Gloucestershire Constabulary,,,No Location,,,Violence and sexual offences,Unable to prosecute suspect,
9b2780a88b535587d475a1a3cdc0d5ed5495dca97ecd6d2f1282a73b1af201ab,2022-02,Gloucestershire Constabulary,Gloucestershire Constabulary,,,No Location,,,Violence and sexual offences,Unable to prosecute suspect,
53979bef81a6d72470d461f1ca84b0d6273266ced7a851d3a847f756974ab493,2022-02,Gloucestershire Constabulary,Gloucestershire Constabulary,,,No Location,,,Violence and sexual offences,Unable to prosecute suspect,
5e6fa6c309f8592052b676b338dd494fbde3d40d723d0e4203ddb31fbf32a9fa,2022-02,Gloucestershire Constabulary,Gloucestershire Constabulary,,,No Location,,,Violence and sexual offences,Unable to prosecute suspect,
6f44e0909ef2fd0400989ac22202fc53bf711a8bdc21d5c0579ce8cce4406bdb,2022-02,Gloucestershire Constabulary,Gloucestershire Constabulary,,,No Location,,,Violence and sexual offences,Investigation complete; no suspect identified,
beb22538c81e97eda5ee7352f4228d283cff529978fb791ffb67b661c6ed6ae5,2022-02,Gloucestershire Constabulary,Gloucestershire Constabulary,,,No Location,,,Violence and sexual offences,Unable to prosecute suspect,
de9fd63f56964096f69d2dd4bb4807096cf4c044873fda55f2821e515e68c34f,2022-02,Gloucestershire Constabulary,Gloucestershire Constabulary,,,No Location,,,Violence and sexual offences,Unable to prosecute suspect,
e8bffd9c706b6a52aea07d4e9427530216f6e27b7225e62b2ca99eed3ebe8715,2022-02,Gloucestershire Constabulary,Gloucestershire Constabulary,,,No Location,,,Violence and sexual offences,Unable to prosecute suspect,
f3566daa9b5a1974ed8913bb26b4875964f2ca5e46149eabcfd1b2aa70802cc8,2022-02,Gloucestershire Constabulary,Gloucestershire Constabulary,,,No Location,,,Violence and sexual offences,Unable to prosecute suspect,
d1f258255e56aa606530f6a1c40e1d2c25a393a9b4a86617ec6af832504ffb87,2022-02,Gloucestershire Constabulary,Gloucestershire Constabulary,,,No Location,,,Violence and sexual offences,Investigation complete; no suspect identified,
c1a2a96cc90e8e107ccb94111d3b515a9c39edc443c1c0fe8a0fbc6ae82b67e7,2022-02,Gloucestershire Constabulary,Gloucestershire Constabulary,,,No Location,,,Violence and sexual offences,Investigation complete; no suspect identified,
15fdad5a5a5c66da52a99b9671039e3c781a6c32ba2c1453fee276e1b5eb14e1,2022-02,Gloucestershire Constabulary,Gloucestershire Constabulary,,,No Location,,,Violence and sexual offences,Unable to prosecute suspect,
5e6c0dc8c5d2fe6c9f0e2a315901ccba44d4d8072147c636857118389eeccfa4,2022-02,Gloucestershire Constabulary,Gloucestershire Constabulary,,,No Location,,,Violence and sexual offences,Unable to prosecute suspect,
d09a044b628441a27a47c40bf006bc0eb8d20ecd89eb91fa46c89ab88bc3d2c0,2022-02,Gloucestershire Constabulary,Gloucestershire Constabulary,,,No Location,,,Violence and sexual offences,Unable to prosecute suspect,
b3b431b2682aec5fda3dda95954f757e3adee746b86b1bdfad365a8c311a9639,2022-02,Gloucestershire Constabulary,Gloucestershire Constabulary,,,No Location,,,Violence and sexual offences,Investigation complete; no suspect identified,
d86a2f0891e2b07db7c2208c00dcc60ff004bd427cd15fa8c5122abcd0666e9e,2022-02,Gloucestershire Constabulary,Gloucestershire Constabulary,,,No Location,,,Violence and sexual offences,Investigation complete; no suspect identified,
08befd578c15c8c24571e2f07b8ab0649ce61df7c387295724820149e6cd4d8b,2022-02,Gloucestershire Constabulary,Gloucestershire Constabulary,,,No Location,,,Violence and sexual offences,Unable to prosecute suspect,
2063004f50372129525027344c1a87edb96c22d1a8d2c050a8628654270a507d,2022-02,Gloucestershire Constabulary,Gloucestershire Constabulary,,,No Location,,,Violence and sexual offences,Unable to prosecute suspect,
5be250dba80d38220d160d9ae265bb5c2bd3adb6f3d1835b9738f7373afc22dd,2022-02,Gloucestershire Constabulary,Gloucestershire Constabulary,,,No Location,,,Violence and sexual offences,Unable to prosecute suspect,
13565261319223ca5f30ee84c351eb47c51d27130e6f261a7631db93e960287e,2022-02,Gloucestershire Constabulary,Gloucestershire Constabulary,,,No Location,,,Violence and sexual offences,Unable to prosecute suspect,
364e936e898bd9e9e46f9017d7a721d86d4b678b7a7778af31d8a42525a8259a,2022-02,Gloucestershire Constabulary,Gloucestershire Constabulary,,,No Location,,,Violence and sexual offences,Unable to prosecute suspect,
701d16c55a90fd8d2d86bd643fe031c0b990622daf0e83561aaaed0eb835656e,2022-02,Gloucestershire Constabulary,Gloucestershire Constabulary,,,No Location,,,Violence and sexual offences,Unable to prosecute suspect,
a227e494dde0ef38e866a89676171110d4122e76d92cf0533ebb13bb67728a4b,2022-02,Gloucestershire Constabulary,Gloucestershire Constabulary,,,No Location,,,Violence and sexual offences,Unable to prosecute suspect,
c0eb1ee11f37a0771508bb11e80ee9f8d25c6b251d19ee776a19427c227bd4ad,2022-02,Gloucestershire Constabulary,Gloucestershire Constabulary,,,No Location,,,Violence and sexual offences,Unable to prosecute suspect,
be3bb16c13939406151652ccf72cddcb51dced3e872abec9d212b978533c5fbe,2022-02,Gloucestershire Constabulary,Gloucestershire Constabulary,,,No Location,,,Violence and sexual offences,Unable to prosecute suspect,
565b351c4ac6c99d6138c96b5e4674fb739d82add2e36cdf0997162ab19ad49c,2022-02,Gloucestershire Constabulary,Gloucestershire Constabulary,,,No Location,,,Violence and sexual offences,Unable to prosecute suspect,
98a93edb14617abaf403ec9ef5b66284d31875d35f29e1d51394d3d3488ce9a1,2022-02,Gloucestershire Constabulary,Gloucestershire Constabulary,,,No Location,,,Violence and sexual offences,Unable to prosecute suspect,
2550b938384076da07c5d36aa8fe91d4b8f2dbee567e43141398f6a17762bee3,2022-02,Gloucestershire Constabulary,Gloucestershire Constabulary,,,No Location,,,Violence and sexual offences,Investigation complete; no suspect identified,
d603ec357995ee5b24d7f3e921d594275470848ad1d779a1e8c842baa74cb284,2022-02,Gloucestershire Constabulary,Gloucestershire Constabulary,,,No Location,,,Violence and sexual offences,Unable to prosecute suspect,
11448f032bbe71974e861abf90593832f6ff8fcdb7c5ee7c003c7c4203e71f64,2022-02,Gloucestershire Constabulary,Gloucestershire Constabulary,,,No Location,,,Violence and sexual offences,Unable to prosecute suspect,
94304cc01fd91fd481cb15fc848e841a8cf450f5786ea7e20333732f346e1ce4,2022-02,Gloucestershire Constabulary,Gloucestershire Constabulary,,,No Location,,,Violence and sexual offences,Status update unavailable,
aff606d24c0e5da6c890d0ea3850ce2ed95bf9a46662fdd251f583639453ceac,2022-02,Gloucestershire Constabulary,Gloucestershire Constabulary,,,No Location,,,Violence and sexual offences,Unable to prosecute suspect,
e9f47b465c76c7b6143de1a4a86dcac06412c69257d6ea78fdba3df9add9f847,2022-02,Gloucestershire Constabulary,Gloucestershire Constabulary,,,No Location,,,Violence and sexual offences,Unable to prosecute suspect,
8682856d194e7b5fd91df567d7d5e4c2ec9faac9852fe796f1055f4f2f8a891b,2022-02,Gloucestershire Constabulary,Gloucestershire Constabulary,,,No Location,,,Violence and sexual offences,Unable to prosecute suspect,
c743b5e2b8b5046694eb831773c61326bd514def4daa7e8674d4cef7d82a2ef2,2022-02,Gloucestershire Constabulary,Gloucestershire Constabulary,,,No Location,,,Violence and sexual offences,Unable to prosecute suspect,
6972e5b968f0d8b40726ff9a6b33b22901506179ac6bd537e37691e44bf14336,2022-02,Gloucestershire Constabulary,Gloucestershire Constabulary,,,No Location,,,Violence and sexual offences,Unable to prosecute suspect,
460693dc1866a03958b9339f14cb39322329336548b07bd86537e7c6dc1bc829,2022-02,Gloucestershire Constabulary,Gloucestershire Constabulary,,,No Location,,,Violence and sexual offences,Unable to prosecute suspect,
3cd9dfc61c8de2d5937dc9b4061d2f74c8e911ea125fa7359f2767a10d529dd9,2022-02,Gloucestershire Constabulary,Gloucestershire Constabulary,,,No Location,,,Violence and sexual offences,Unable to prosecute suspect,
2ccd85f507ab673003a70aea64ba4350f619584adc8f5783c9b4be6ae3f68a2b,2022-02,Gloucestershire Constabulary,Gloucestershire Constabulary,,,No Location,,,Violence and sexual offences,Investigation complete; no suspect identified,
8e71413efaca9689256d728868e38189766ee5d7dd1aed95793ab32c7e2fb861,2022-02,Gloucestershire Constabulary,Gloucestershire Constabulary,,,No Location,,,Violence and sexual offences,Unable to prosecute suspect,
9c6d975c130e70648d7c0c7554166a8f282b3b765bfd1dc40af35328120bfc9a,2022-02,Gloucestershire Constabulary,Gloucestershire Constabulary,,,No Location,,,Violence and sexual offences,Unable to prosecute suspect,
2717d375f513c96c4104882c92e5a0c302f91ddee475fe2ebba98ec83a720517,2022-02,Gloucestershire Constabulary,Gloucestershire Constabulary,,,No Location,,,Violence and sexual offences,Unable to prosecute suspect,
a67a59f1551189748efe07dd6ad8f1cc4295df04f881b08f77d71fc4b2eeed3c,2022-02,Gloucestershire Constabulary,Gloucestershire Constabulary,,,No Location,,,Violence and sexual offences,Unable to prosecute suspect,
23010daaa7c1e02572d8686cde02944a49df760e192ddee91f6f1d9015a08575,2022-02,Gloucestershire Constabulary,Gloucestershire Constabulary,,,No Location,,,Violence and sexual offences,Investigation complete; no suspect identified,
ebfc823da24a1cf2d602952b751ac465ece28095237d2d549e7d8b83a322df9b,2022-02,Gloucestershire Constabulary,Gloucestershire Constabulary,,,No Location,,,Violence and sexual offences,Status update unavailable,
a2259c2b8617355f0cc647998f1b29b0006a8c1fcabc562b80d7bc7864112219,2022-02,Gloucestershire Constabulary,Gloucestershire Constabulary,,,No Location,,,Violence and sexual offences,Unable to prosecute suspect,
ccf13adce9bc335d1b1d6e0c8c8b0ae1a76c7c7fb4c1d38800ba13a8602b93c4,2022-02,Gloucestershire Constabulary,Gloucestershire Constabulary,,,No Location,,,Violence and sexual offences,Investigation complete; no suspect identified,
9d8b066071f28525155af29e4ce4552767c0c2838d23304055105c22b8655ffb,2022-02,Gloucestershire Constabulary,Gloucestershire Constabulary,,,No Location,,,Violence and sexual offences,Investigation complete; no suspect identified,
2af872f61d6973d5c6be47327dc164b8504ef5bf06f68a421109a1294745bafa,2022-02,Gloucestershire Constabulary,Gloucestershire Constabulary,,,No Location,,,Violence and sexual offences,Status update unavailable,
64792d29f811d9f697078c9aa36b162d091cd6233b536da324ef604158d410cb,2022-02,Gloucestershire Constabulary,Gloucestershire Constabulary,,,No Location,,,Violence and sexual offences,Unable to prosecute suspect,
eff5d6855778786b569a7a82b17f291fc665e7b1c2038a0a04275d00b95fac0a,2022-02,Gloucestershire Constabulary,Gloucestershire Constabulary,,,No Location,,,Violence and sexual offences,Unable to prosecute suspect,
e44dc05c6e9ad7c955d1b3def87bfbe59eaabcd65ba2d16258dec5d821836826,2022-02,Gloucestershire Constabulary,Gloucestershire Constabulary,,,No Location,,,Violence and sexual offences,Unable to prosecute suspect,
fb0cc2cf57d34377f16dbb5019bf4dae17f0fd7909856e5f726f7b95bb90ce6d,2022-02,Gloucestershire Constabulary,Gloucestershire Constabulary,,,No Location,,,Violence and sexual offences,Unable to prosecute suspect,
1acb784b6c91afe0e811b4e429629a662deea9e92b5cbae977614a8598ce7b47,2022-02,Gloucestershire Constabulary,Gloucestershire Constabulary,,,No Location,,,Violence and sexual offences,Unable to prosecute suspect,
faecae3917674043d1b4053e3d6c7361a66626b3207cf66cf83afad091ce6e60,2022-02,Gloucestershire Constabulary,Gloucestershire Constabulary,,,No Location,,,Violence and sexual offences,Unable to prosecute suspect,
059f9cb4568fa7fd72e62e7024d86f8b2cbbba843e5c6673bbd1c2881501b33c,2022-02,Gloucestershire Constabulary,Gloucestershire Constabulary,,,No Location,,,Violence and sexual offences,Unable to prosecute suspect,
1b6393d5df5277a84c495d10b85495f4f3404cc5a20a714ce469d02d81532c8a,2022-02,Gloucestershire Constabulary,Gloucestershire Constabulary,,,No Location,,,Violence and sexual offences,Unable to prosecute suspect,
5c139c8b59b99f7f369b313e40b7b1453641ce4db1d654a3f12aa2a9e78085d8,2022-02,Gloucestershire Constabulary,Gloucestershire Constabulary,,,No Location,,,Violence and sexual offences,Investigation complete; no suspect identified,
eb27c9a53969db7d0ddec9bd5cc0f70f22b6f26bbc7b580a318ddcbc0bba6838,2022-02,Gloucestershire Constabulary,Gloucestershire Constabulary,,,No Location,,,Violence and sexual offences,Investigation complete; no suspect identified,
9ae56be36de45f0ee71bcfd9ec0fb559d1d290a1380c2c96d7f1aca8fdf7d818,2022-02,Gloucestershire Constabulary,Gloucestershire Constabulary,,,No Location,,,Violence and sexual offences,Unable to prosecute suspect,
5958e7b0a5fdc006828d6e68d190d79143085470c4045e4db584cfab2f41779c,2022-02,Gloucestershire Constabulary,Gloucestershire Constabulary,,,No Location,,,Violence and sexual offences,Unable to prosecute suspect,
95cd8cff68af23608b2cd13e75d4e601c084eccec285ab5c99f566bc86b58a52,2022-02,Gloucestershire Constabulary,Gloucestershire Constabulary,,,No Location,,,Violence and sexual offences,Investigation complete; no suspect identified,
b608b4865c778f42276a9e1fb41e6cbc05742d0e6d41c76a52bffab5cbf19927,2022-02,Gloucestershire Constabulary,Gloucestershire Constabulary,,,No Location,,,Violence and sexual offences,Unable to prosecute suspect,
5f0f9052305de0a6a11df0531407c6b84016bf0808279d6ec44738d7b8bd6690,2022-02,Gloucestershire Constabulary,Gloucestershire Constabulary,,,No Location,,,Violence and sexual offences,Unable to prosecute suspect,
5aa97b12a9d9475f60c219c368d1df99698683de6452577fc5274907fbe6f0eb,2022-02,Gloucestershire Constabulary,Gloucestershire Constabulary,,,No Location,,,Violence and sexual offences,Unable to prosecute suspect,
d688d51018d97441bdea548ad046bbe5e3fecab071dbb903b3f41b9c86c71af2,2022-02,Gloucestershire Constabulary,Gloucestershire Constabulary,,,No Location,,,Violence and sexual offences,Status update unavailable,
a451b7f73a87ddfaef9b0406df878e65758a5c46dddf7c1dbf25aa3326c9e6f1,2022-02,Gloucestershire Constabulary,Gloucestershire Constabulary,,,No Location,,,Violence and sexual offences,Investigation complete; no suspect identified,
d0665f18d364d42362f9f09c91636e2033306af1a9814dde7c8651afbad6b561,2022-02,Gloucestershire Constabulary,Gloucestershire Constabulary,,,No Location,,,Violence and sexual offences,Investigation complete; no suspect identified,
1da86437df1a91658281f9a3de106a17ab9e2d9baf36ab410d62be005f8a1e38,2022-02,Gloucestershire Constabulary,Gloucestershire Constabulary,,,No Location,,,Violence and sexual offences,Action to be taken by another organisation,
ffa9f0750234bfe6b98bdd63126cdeee16d783d4cabd61abcc53ecc66d89ccb4,2022-02,Gloucestershire Constabulary,Gloucestershire Constabulary,,,No Location,,,Violence and sexual offences,Unable to prosecute suspect,
ea34372934d93d533ff2cee814c943663b9ae59cfd11ffcdc08adadfad165b02,2022-02,Gloucestershire Constabulary,Gloucestershire Constabulary,,,No Location,,,Violence and sexual offences,Action to be taken by another organisation,
fc67effa54de7b8fbca8c83d5c13b7d039be765ae0e71d12aca80d3d69c7f61d,2022-02,Gloucestershire Constabulary,Gloucestershire Constabulary,,,No Location,,,Violence and sexual offences,Action to be taken by another organisation,
26a2e44ab2b1507b2ba7b7cb861773e313f902ccb1e32076b936cc07605472cb,2022-02,Gloucestershire Constabulary,Gloucestershire Constabulary,,,No Location,,,Violence and sexual offences,Unable to prosecute suspect,
d214465250b332baee3c6165ec3f4ff30d5bcc152ac19f25aa7cdd00cce1c25e,2022-02,Gloucestershire Constabulary,Gloucestershire Constabulary,,,No Location,,,Violence and sexual offences,Unable to prosecute suspect,
7a6a1d9c8dc9355cba2b11cd203c4b8215a32d543108460442f77e529d58212f,2022-02,Gloucestershire Constabulary,Gloucestershire Constabulary,,,No Location,,,Violence and sexual offences,Unable to prosecute suspect,
baa3ae2b9becfdcbb726e185757acbbb767c44b462a44a3b243b5bd266915580,2022-02,Gloucestershire Constabulary,Gloucestershire Constabulary,,,No Location,,,Violence and sexual offences,Unable to prosecute suspect,
134a2b91159753f8a88bdcb9f5173917c3b675f42034f9e02f4ba21ab777ad2a,2022-02,Gloucestershire Constabulary,Gloucestershire Constabulary,,,No Location,,,Violence and sexual offences,Investigation complete; no suspect identified,
c767a39562aac70c79a11a69935d22aee441b3e5ff231ae5df2b1f04e2b1af80,2022-02,Gloucestershire Constabulary,Gloucestershire Constabulary,,,No Location,,,Violence and sexual offences,Unable to prosecute suspect,
92e95d39ff0a95f885ad7a802e710c0e3bdbfb7a2df4aeff6ae6d33af8753a1c,2022-02,Gloucestershire Constabulary,Gloucestershire Constabulary,,,No Location,,,Violence and sexual offences,Unable to prosecute suspect,
3c04c9b0b846effdcc19b9611fe4b05512af1c13e5b06bc3b46765d435fb95ca,2022-02,Gloucestershire Constabulary,Gloucestershire Constabulary,,,No Location,,,Violence and sexual offences,Unable to prosecute suspect,
76e14221e87fc8b536f85750d7edff1f10d0e69e8435007acd9e388225e07e72,2022-02,Gloucestershire Constabulary,Gloucestershire Constabulary,,,No Location,,,Violence and sexual offences,Unable to prosecute suspect,
efc2b4ff79556d5d9fbaa48962430b91749b14f6efff826e131b2baa4cbc5d3a,2022-02,Gloucestershire Constabulary,Gloucestershire Constabulary,,,No Location,,,Violence and sexual offences,Unable to prosecute suspect,
659361a42cc4951f57389310df8c68e345fedf745a99dfd7f459ab3355b5907f,2022-02,Gloucestershire Constabulary,Gloucestershire Constabulary,,,No Location,,,Violence and sexual offences,Unable to prosecute suspect,
1a9c79df008e6a078c5ca625394afe9288fcb912f1a622850987df2b02d4ddb3,2022-02,Gloucestershire Constabulary,Gloucestershire Constabulary,,,No Location,,,Violence and sexual offences,Investigation complete; no suspect identified,
dd3a9fad9164d023959dc8397623a7e1d5e131811139080cc6ae286ef9ff0463,2022-02,Gloucestershire Constabulary,Gloucestershire Constabulary,,,No Location,,,Violence and sexual offences,Unable to prosecute suspect,
a9290fc3a38b1645d941727a1d04d1d83255917f4ea85504266414a93a68f031,2022-02,Gloucestershire Constabulary,Gloucestershire Constabulary,,,No Location,,,Violence and sexual offences,Unable to prosecute suspect,
ea2a08aa6463fe265bee4f5ea289ff013cf8e4a833deb1f38efe2ec02b692192,2022-02,Gloucestershire Constabulary,Gloucestershire Constabulary,,,No Location,,,Violence and sexual offences,Unable to prosecute suspect,
d4c86523e35e5aa0951b162041f92301899fb8c05d1cf64954cc0585022b516c,2022-02,Gloucestershire Constabulary,Gloucestershire Constabulary,,,No Location,,,Violence and sexual offences,Investigation complete; no suspect identified,
2149159641b2ac32aa8ca1c1228e58281f0b46942bc9391df9e3a73eb459065d,2022-02,Gloucestershire Constabulary,Gloucestershire Constabulary,,,No Location,,,Violence and sexual offences,Unable to prosecute suspect,
31eeedc99611af969ac95dbd3d7c0ec65a71109fbf73d421b218c7bc1f16792a,2022-02,Gloucestershire Constabulary,Gloucestershire Constabulary,,,No Location,,,Violence and sexual offences,Unable to prosecute suspect,
22fd3c405bb22d5e6ce1a34a7754d62d6c701da8d88aae088cd63df142f2cfdc,2022-02,Gloucestershire Constabulary,Gloucestershire Constabulary,,,No Location,,,Violence and sexual offences,Investigation complete; no suspect identified,
1f03bc95a47eabfadd34292c406e6e392372d5e2cdbcea0e7464592801c10524,2022-02,Gloucestershire Constabulary,Gloucestershire Constabulary,,,No Location,,,Violence and sexual offences,Unable to prosecute suspect,
398fa45950adf212825d0f8bbff6c62640da1da2072ff1fccef7a12fcbebe6fb,2022-02,Gloucestershire Constabulary,Gloucestershire Constabulary,,,No Location,,,Violence and sexual offences,Unable to prosecute suspect,
9d5e3f0dc699fbebc5f7bc1289dd6c48aa52b65765c8dd3594c58981954da5bb,2022-02,Gloucestershire Constabulary,Gloucestershire Constabulary,,,No Location,,,Violence and sexual offences,Investigation complete; no suspect identified,
22a63418975e5390bf853c304f9d3897491831ffcc47697e2dba50b03f916b7a,2022-02,Gloucestershire Constabulary,Gloucestershire Constabulary,,,No Location,,,Violence and sexual offences,Investigation complete; no suspect identified,
e9cfd8c7a08e0841e0e39c1413993836c03b25e09d41bb4d4711e262b63d4638,2022-02,Gloucestershire Constabulary,Gloucestershire Constabulary,,,No Location,,,Violence and sexual offences,Court result unavailable,
1e5059c4efb96ac51306404c84262dc302adf33a6adc8e8f4086f38724243696,2022-02,Gloucestershire Constabulary,Gloucestershire Constabulary,,,No Location,,,Violence and sexual offences,Unable to prosecute suspect,
d2504474659403332cdb4db2d7bf449f682f1406ab7b371b56c4bf71ebf6a892,2022-02,Gloucestershire Constabulary,Gloucestershire Constabulary,,,No Location,,,Violence and sexual offences,Formal action is not in the public interest,
06a812189d39d7a33b08b13284228bcc8baf800d78ebb517dea4d92d6f0d1bdd,2022-02,Gloucestershire Constabulary,Gloucestershire Constabulary,,,No Location,,,Violence and sexual offences,Status update unavailable,
f3b6b88da569e642368b74ab7c32349ef0bceee133bb4ab9d5b6f03adcacbeb5,2022-02,Gloucestershire Constabulary,Gloucestershire Constabulary,,,No Location,,,Violence and sexual offences,Status update unavailable,
8eee935000c8b199470b0855d448cb322542721d6331a15f90a8c5d89eaddc8b,2022-02,Gloucestershire Constabulary,Gloucestershire Constabulary,,,No Location,,,Violence and sexual offences,Unable to prosecute suspect,
932127829e3d1f50b67dc60a902ea64855958191ac82b6c15878157aa03a3e11,2022-02,Gloucestershire Constabulary,Gloucestershire Constabulary,,,No Location,,,Violence and sexual offences,Unable to prosecute suspect,
524a997584967b2a37c730697ca137ec59f5f96fc3a8e603459c9bf8d77ed460,2022-02,Gloucestershire Constabulary,Gloucestershire Constabulary,,,No Location,,,Violence and sexual offences,Unable to prosecute suspect,
2bf53da2ea0feaafb8890d982a072ea7e408e1ed7dcd06355ae1423290297e23,2022-02,Gloucestershire Constabulary,Gloucestershire Constabulary,,,No Location,,,Violence and sexual offences,Action to be taken by another organisation,
4eb4e08bbd378b9d554c27284b59f4ce175038a7363e8bfd0f114bd7bebab22b,2022-02,Gloucestershire Constabulary,Gloucestershire Constabulary,,,No Location,,,Violence and sexual offences,Unable to prosecute suspect,
495dc1ff01d3f8334a1e974b2fe44419bc93b231c8889aa388e83931d40df8b3,2022-02,Gloucestershire Constabulary,Gloucestershire Constabulary,,,No Location,,,Violence and sexual offences,Court result unavailable,
b0210ac61bdf27f93f056eb1cb537781df0b918db56ba6e8e2a3393ff7815106,2022-02,Gloucestershire Constabulary,Gloucestershire Constabulary,,,No Location,,,Violence and sexual offences,Unable to prosecute suspect,
4a0734bc474f078439d471ff5cacaf7841d3f42e14282cab8b6c7ccf3c9f2e62,2022-02,Gloucestershire Constabulary,Gloucestershire Constabulary,,,No Location,,,Violence and sexual offences,Action to be taken by another organisation,
5a7b8d92e1ecc881080d15d8a3fb00b97854bffd97aa1c65b1761f87882a29be,2022-02,Gloucestershire Constabulary,Gloucestershire Constabulary,,,No Location,,,Violence and sexual offences,Unable to prosecute suspect,
5aff02ee478e08ea64614eb472516ba6c939e3080aacb804521eccd80fceaf35,2022-02,Gloucestershire Constabulary,Gloucestershire Constabulary,,,No Location,,,Violence and sexual offences,Unable to prosecute suspect,
09b1d2af1d77add8f865c421e89508f82b174d8a31ebfe6c04925a9a569a7ead,2022-02,Gloucestershire Constabulary,Gloucestershire Constabulary,,,No Location,,,Violence and sexual offences,Unable to prosecute suspect,
4394cb8a1f046c3ba71d46f8cbb8192523fb6acd7c62f4615b2d3c34532d7586,2022-02,Gloucestershire Constabulary,Gloucestershire Constabulary,,,No Location,,,Violence and sexual offences,Unable to prosecute suspect,
d6af75fb69de38dd8ac2e8ab798ef013ecb825e1a669767c89a5e032b99f803c,2022-02,Gloucestershire Constabulary,Gloucestershire Constabulary,,,No Location,,,Violence and sexual offences,Unable to prosecute suspect,
68b1693924a97ee6473954ce0192ef5eaf60946125d89e471efbdfed2f25b3bb,2022-02,Gloucestershire Constabulary,Gloucestershire Constabulary,,,No Location,,,Violence and sexual offences,Unable to prosecute suspect,
4d619bfafde6a39af07a346bb13829a4f200508e6e93536284cd61574420f1b3,2022-02,Gloucestershire Constabulary,Gloucestershire Constabulary,,,No Location,,,Violence and sexual offences,Unable to prosecute suspect,
58311ccc4f698090381977248598614fee6c748ea50713669ce10fd50e961108,2022-02,Gloucestershire Constabulary,Gloucestershire Constabulary,,,No Location,,,Violence and sexual offences,Unable to prosecute suspect,
923282169240bb4685a71a70c6972ef88237b3bcd4d9d457d96755226e254e1e,2022-02,Gloucestershire Constabulary,Gloucestershire Constabulary,,,No Location,,,Violence and sexual offences,Unable to prosecute suspect,
4776b3c22698b0fcbd8d6c83f1bd5004d4f2ac6e6ec207e4cde3445050d8c116,2022-02,Gloucestershire Constabulary,Gloucestershire Constabulary,,,No Location,,,Violence and sexual offences,Unable to prosecute suspect,
b01ec2a85a1072bc7d64a9947b56124ebd23ea2c7ad79826e9cdf12026bd609e,2022-02,Gloucestershire Constabulary,Gloucestershire Constabulary,,,No Location,,,Violence and sexual offences,Unable to prosecute suspect,
2de3c04ac176f763ce0f5c065c500b285197543d43951bf1fb6f9663b122c871,2022-02,Gloucestershire Constabulary,Gloucestershire Constabulary,,,No Location,,,Violence and sexual offences,Status update unavailable,
ae1761ce0ceeeaf2c27f5fc90c367747ce8f31daf7f480b456916d6f25a2b52a,2022-02,Gloucestershire Constabulary,Gloucestershire Constabulary,,,No Location,,,Violence and sexual offences,Unable to prosecute suspect,
5cf7a2a686352b53160e6f4f62e9a3bb975e27a5c26b856df09bd00d0b93e44b,2022-02,Gloucestershire Constabulary,Gloucestershire Constabulary,,,No Location,,,Violence and sexual offences,Status update unavailable,
a5cdab17cb3b08d7400bbaf717fcfdbf75f0c7a4532822e9a9de3e0533425ab8,2022-02,Gloucestershire Constabulary,Gloucestershire Constabulary,,,No Location,,,Violence and sexual offences,Unable to prosecute suspect,
ee841d9f9d38c39eadc15d4a8e647a527638cc9ae2b07e0c9339d7e87288dcbb,2022-02,Gloucestershire Constabulary,Gloucestershire Constabulary,,,No Location,,,Violence and sexual offences,Unable to prosecute suspect,
8dda0d82b9a833070128f427c64657844b2097d4a51736b294372ea245c25735,2022-02,Gloucestershire Constabulary,Gloucestershire Constabulary,,,No Location,,,Violence and sexual offences,Unable to prosecute suspect,
d5a643ea89d505edc963d9daf2aac59440e9a408b2e9b3c5e01ee65fc1c9c7cc,2022-02,Gloucestershire Constabulary,Gloucestershire Constabulary,,,No Location,,,Violence and sexual offences,Investigation complete; no suspect identified,
672d880d5a2de1ed2aaad78d141b088e49a1a16e149effb262cd1ef41f8d83cc,2022-02,Gloucestershire Constabulary,Gloucestershire Constabulary,,,No Location,,,Violence and sexual offences,Unable to prosecute suspect,
ac90e1c7cb856327d3beef592973869a592922e199bb39645807b3ee307b6014,2022-02,Gloucestershire Constabulary,Gloucestershire Constabulary,,,No Location,,,Violence and sexual offences,Unable to prosecute suspect,
2b6f329b92b6b59c8b239f354ceef7073d9c368047562e11635c2f1614be2046,2022-02,Gloucestershire Constabulary,Gloucestershire Constabulary,,,No Location,,,Violence and sexual offences,Unable to prosecute suspect,
c8d82f80f9ea4d560341a19c72c562c628713a247cd00ba34eb40ad37d031423,2022-02,Gloucestershire Constabulary,Gloucestershire Constabulary,,,No Location,,,Violence and sexual offences,Unable to prosecute suspect,
5838419a36192cb9739fa751582ed126b9295bc5fa41d1df54b7946c0bf63d45,2022-02,Gloucestershire Constabulary,Gloucestershire Constabulary,,,No Location,,,Violence and sexual offences,Unable to prosecute suspect,
5ef80e8f8c8d3d1c07b29782bcf639fff8a07dc1aff2be4cbb9362b3827c7c60,2022-02,Gloucestershire Constabulary,Gloucestershire Constabulary,,,No Location,,,Violence and sexual offences,Unable to prosecute suspect,
808e3e0a4341aa333523c3b32e4a8021ba4f107542e6163d8d1b049409826e74,2022-02,Gloucestershire Constabulary,Gloucestershire Constabulary,,,No Location,,,Violence and sexual offences,Unable to prosecute suspect,
b680f269c4ad47de2b5dd242b3c6dddb786191d41653baaaa464e1cad84f05c4,2022-02,Gloucestershire Constabulary,Gloucestershire Constabulary,,,No Location,,,Violence and sexual offences,Investigation complete; no suspect identified,
f488bacc90db5fb4fd451ab82bd2cea2c43dd26210d1f320a4973be782aa51bf,2022-02,Gloucestershire Constabulary,Gloucestershire Constabulary,,,No Location,,,Violence and sexual offences,Status update unavailable,
8dd3b3047ac9754324f6fa7b6fa0d4202263ab38f654b8860cfc954a8f643d4d,2022-02,Gloucestershire Constabulary,Gloucestershire Constabulary,,,No Location,,,Violence and sexual offences,Unable to prosecute suspect,
3087b256b5772d2e908590024deaa5e7d2d0fb9d5b973d9a04c32a2affacde77,2022-02,Gloucestershire Constabulary,Gloucestershire Constabulary,,,No Location,,,Violence and sexual offences,Unable to prosecute suspect,
11fdb190cede86509964d6e5f1815b94f9da4bbfd62c569eb88ffb9f8ebe0fe5,2022-02,Gloucestershire Constabulary,Gloucestershire Constabulary,,,No Location,,,Violence and sexual offences,Investigation complete; no suspect identified,
b085d9c531666e5221118571f4ac6a860420ee607874f3bd457987e4120ea474,2022-02,Gloucestershire Constabulary,Gloucestershire Constabulary,,,No Location,,,Violence and sexual offences,Status update unavailable,
aaf2618a69ed3f613d2f41dbc2814be8aaa70e8b6819761735d259f6fc705874,2022-02,Gloucestershire Constabulary,Gloucestershire Constabulary,,,No Location,,,Violence and sexual offences,Status update unavailable,
088e0ad9ce2ca0fac974e803b251f81aebf5721a91981f011e08c0de09347c62,2022-02,Gloucestershire Constabulary,Gloucestershire Constabulary,,,No Location,,,Violence and sexual offences,Unable to prosecute suspect,
9bb2735b0fa518013d9cdd7abde002e5400cfbee215e080b7c062b03ffb88c29,2022-02,Gloucestershire Constabulary,Gloucestershire Constabulary,,,No Location,,,Violence and sexual offences,Action to be taken by another organisation,
a9d7ed2f1de55847d811fdf1b1167a20bef4b528ed1e259deefd9ad4014ee556,2022-02,Gloucestershire Constabulary,Gloucestershire Constabulary,,,No Location,,,Violence and sexual offences,Unable to prosecute suspect,
923fe01cd01600e1e61d87607fc0c3d42e5fc955a50d9141671b489ae5aea655,2022-02,Gloucestershire Constabulary,Gloucestershire Constabulary,,,No Location,,,Violence and sexual offences,Unable to prosecute suspect,
b8d7318a2fe948a12cf1df74401f6b35362d6a9c48635066fe0b7c74898758d5,2022-02,Gloucestershire Constabulary,Gloucestershire Constabulary,,,No Location,,,Violence and sexual offences,Unable to prosecute suspect,
210b36dbfaef51be8cf63a838e2baa7a6ca51e5c42e26d8bcffe55ce40a20e11,2022-02,Gloucestershire Constabulary,Gloucestershire Constabulary,,,No Location,,,Violence and sexual offences,Unable to prosecute suspect,
5b379f0ac62bde235ed9aa7ef9cb9dca5d7d11a6e66d59d9a29e37b03f951ff0,2022-02,Gloucestershire Constabulary,Gloucestershire Constabulary,,,No Location,,,Violence and sexual offences,Awaiting court outcome,
12616887f4af5c37082ddc3c86f0445e42e169c39583ed1789aa0048f225bc65,2022-02,Gloucestershire Constabulary,Gloucestershire Constabulary,,,No Location,,,Violence and sexual offences,Court result unavailable,
942bbe4130a11a48e1a086f4654c1a0f66af3f101708b18cd7090676cd7f5b19,2022-02,Gloucestershire Constabulary,Gloucestershire Constabulary,,,No Location,,,Violence and sexual offences,Unable to prosecute suspect,
c5c2c900bb6b4b0567698d1b0659439c054005903c8bf11d931ad7705f6771a2,2022-02,Gloucestershire Constabulary,Gloucestershire Constabulary,,,No Location,,,Violence and sexual offences,Action to be taken by another organisation,
aa93b26902f8d389ec6b4eb7709e78db8d0ab5183be0f273c04a7b3319df729e,2022-02,Gloucestershire Constabulary,Gloucestershire Constabulary,,,No Location,,,Violence and sexual offences,Unable to prosecute suspect,
5c7e545e064f8f22e2f47e74a56cf921ddee179dbd158e5523ec47a8d89a7703,2022-02,Gloucestershire Constabulary,Gloucestershire Constabulary,,,No Location,,,Violence and sexual offences,Unable to prosecute suspect,
eb2a928d3f96fc63115892b4e701efc3f02d2bd1e07d95f9adca7256e3628d5a,2022-02,Gloucestershire Constabulary,Gloucestershire Constabulary,,,No Location,,,Violence and sexual offences,Unable to prosecute suspect,
ba04a2f6555b69a88e4cd13fa60a4bae668b4ae1c94b5e8e1b304f4237e54658,2022-02,Gloucestershire Constabulary,Gloucestershire Constabulary,,,No Location,,,Violence and sexual offences,Unable to prosecute suspect,
ba05f0775a2737962f07f3ed973e49fcf655e3d5d31b66ecf3300cab9f2bae01,2022-02,Gloucestershire Constabulary,Gloucestershire Constabulary,,,No Location,,,Violence and sexual offences,Unable to prosecute suspect,
92bdb406701d9f2d897b01ba8a9e264934010a7972f65a2d2953c5c289c737e0,2022-02,Gloucestershire Constabulary,Gloucestershire Constabulary,,,No Location,,,Violence and sexual offences,Unable to prosecute suspect,
393a5e8613f958b3d2a58264dccc2830286fec32b2f4379b4c1c6f41e64511b2,2022-02,Gloucestershire Constabulary,Gloucestershire Constabulary,,,No Location,,,Violence and sexual offences,Unable to prosecute suspect,
3439cc81af670be42a97a560bb2d5ca82204a43f27f9bbb77ab2fa7033bae812,2022-02,Gloucestershire Constabulary,Gloucestershire Constabulary,,,No Location,,,Violence and sexual offences,Unable to prosecute suspect,
dd12307459395392be9b4721e26b48bbf41a6dd168f6e4f8609c42ab5ef39b63,2022-02,Gloucestershire Constabulary,Gloucestershire Constabulary,,,No Location,,,Violence and sexual offences,Unable to prosecute suspect,
37dac4501df84b3cdd496c28f0702f46c266214be15708fed5f2cc10234e42d4,2022-02,Gloucestershire Constabulary,Gloucestershire Constabulary,,,No Location,,,Violence and sexual offences,Status update unavailable,
6529f2afce136626282aade504557b187f5b7bcea1eddac4639dc540abc4bbd4,2022-02,Gloucestershire Constabulary,Gloucestershire Constabulary,,,No Location,,,Violence and sexual offences,Unable to prosecute suspect,
8639a972be3c7e83979eabc23acd6762fc3b19bc638e158c84c9901dc4016071,2022-02,Gloucestershire Constabulary,Gloucestershire Constabulary,,,No Location,,,Violence and sexual offences,Action to be taken by another organisation,
7915447ed124a81f9fc6a71744c2e78f19548e064847b2a460687f614122b17c,2022-02,Gloucestershire Constabulary,Gloucestershire Constabulary,,,No Location,,,Violence and sexual offences,Status update unavailable,
434e8b44f5ec4578a929b5b3beffcbfb9296440fc0612400c6d3da91f0eed7ac,2022-02,Gloucestershire Constabulary,Gloucestershire Constabulary,,,No Location,,,Violence and sexual offences,Unable to prosecute suspect,
c9dc1bce6b60f3f6dc81c631404f06014991b67ddecfba2a1549ff7e812ba064,2022-02,Gloucestershire Constabulary,Gloucestershire Constabulary,,,No Location,,,Violence and sexual offences,Unable to prosecute suspect,
49bed519345c89ac54d8a28d3f74ee294589f5a4ea523251e159c0044f378122,2022-02,Gloucestershire Constabulary,Gloucestershire Constabulary,,,No Location,,,Violence and sexual offences,Unable to prosecute suspect,
1590caa24a9d285527cff3b9e36df90a3d239ea6155881b394b03600775237b2,2022-02,Gloucestershire Constabulary,Gloucestershire Constabulary,,,No Location,,,Violence and sexual offences,Investigation complete; no suspect identified,
ff2b5291fd26990f3af7cbee1bb268ef64a42875258bca5f4f1f5a22b8080923,2022-02,Gloucestershire Constabulary,Gloucestershire Constabulary,,,No Location,,,Violence and sexual offences,Unable to prosecute suspect,
83fa62ac1d422c27431b04417acf48ac53071e86911524beb1873bee5f948597,2022-02,Gloucestershire Constabulary,Gloucestershire Constabulary,,,No Location,,,Violence and sexual offences,Action to be taken by another organisation,
72143827f95ce9823de80868eec04c21dc1c7362f27c7c530e0766e2b1325050,2022-02,Gloucestershire Constabulary,Gloucestershire Constabulary,,,No Location,,,Violence and sexual offences,Unable to prosecute suspect,
808c284e351a3fa139904df87e3a3f97dfea3c6dfb8d3f41755f07d3b3a5aa96,2022-02,Gloucestershire Constabulary,Gloucestershire Constabulary,,,No Location,,,Violence and sexual offences,Unable to prosecute suspect,
eba5c1f7a95501b016ebf81028f2ffcb9f642186025614de7bd3df38a991f490,2022-02,Gloucestershire Constabulary,Gloucestershire Constabulary,,,No Location,,,Violence and sexual offences,Action to be taken by another organisation,
9c767adb3c80e2fd62edc931dd80ebf7e9e3f78f4bacbd6566b7491c4531edda,2022-02,Gloucestershire Constabulary,Gloucestershire Constabulary,,,No Location,,,Violence and sexual offences,Unable to prosecute suspect,
40a12bca44ca7d92cc9ca642dfb657fd9115bfa6140edd9a2a7f7ecf1c23250b,2022-02,Gloucestershire Constabulary,Gloucestershire Constabulary,,,No Location,,,Violence and sexual offences,Unable to prosecute suspect,
2de0c48c8e809e159440615b0d0bb04ead5c85b66f401e5f22f38d837a1795d4,2022-02,Gloucestershire Constabulary,Gloucestershire Constabulary,,,No Location,,,Violence and sexual offences,Unable to prosecute suspect,
755812cb07d4dde411ae96a737f200d72de2012c51972bc85b1c65bf2e19f313,2022-02,Gloucestershire Constabulary,Gloucestershire Constabulary,,,No Location,,,Other crime,Investigation complete; no suspect identified,
77253a2bf30826d65fa312b05e78c2df924035cb06cce6a3f2109585f0aa3db6,2022-02,Gloucestershire Constabulary,Gloucestershire Constabulary,,,No Location,,,Other crime,Action to be taken by another organisation,
3ebc6f33906f601669e197051f33a4c7aa79e3900cadbb76ad029c2ba237c552,2022-02,Gloucestershire Constabulary,Gloucestershire Constabulary,,,No Location,,,Other crime,Unable to prosecute suspect,
7ab3bd01678457bb8fd884117d0384626430abe13ffc7fa5846737c1f3eda34f,2022-02,Gloucestershire Constabulary,Gloucestershire Constabulary,,,No Location,,,Other crime,Unable to prosecute suspect,
1e9a07d1621bc0467adff20caf7801e615ed23e026042582f17133b64500715c,2022-02,Gloucestershire Constabulary,Gloucestershire Constabulary,,,No Location,,,Other crime,Unable to prosecute suspect,
f13d4a5033edda3e1c5279f11feb4fed80fceea0c1bb8b87d146323e92c4d798,2022-02,Gloucestershire Constabulary,Gloucestershire Constabulary,,,No Location,,,Other crime,Unable to prosecute suspect,
ba3a78e743c5ba1c11cbe186dd1745a0b5cd817e989de4322eac4358a1ed6d86,2022-02,Gloucestershire Constabulary,Gloucestershire Constabulary,,,No Location,,,Other crime,Unable to prosecute suspect,
687ce25b82f16c7fa09045493e3fbde976ed9e0b42f5f5a8b6dbabc8129a005d,2022-02,Gloucestershire Constabulary,Gloucestershire Constabulary,,,No Location,,,Other crime,Court result unavailable,
1ecfa85c42dccce607890077f17e0290d22945189e51c1129ab5bc942362798f,2022-02,Gloucestershire Constabulary,Gloucestershire Constabulary,,,No Location,,,Other crime,Status update unavailable,
ec86a8855f2581845971e164739eb30611ca66d5465935b2f14d419928065268,2022-02,Gloucestershire Constabulary,Gloucestershire Constabulary,,,No Location,,,Other crime,Investigation complete; no suspect identified,
7942fe3b159e9c1af3f96df9517b9da763c7c2ee718d127f80ee8deb14a7e6f6,2022-02,Gloucestershire Constabulary,Gloucestershire Constabulary,,,No Location,,,Other crime,Unable to prosecute suspect,
3e348dec70b365d6865ee599baeaa9cb6b854f65099fb9866552a38bfdd8a558,2022-02,Gloucestershire Constabulary,Gloucestershire Constabulary,,,No Location,,,Other crime,Unable to prosecute suspect,
