Crime ID,Month,Reported by,Falls within,Longitude,Latitude,Location,LSOA code,LSOA name,Crime type,Last outcome category,Context
7f371f0965330aa26fac1cab8901be1c20cad97d827984b4f7f3fcafa394286e,2023-06,North Wales Police,North Wales Police,-2.927163,53.193843,On or near Chantry Court,E01018330,Cheshire West and Chester 034D,Burglary,Unable to prosecute suspect,
4d007333f3f6bcb6780062dbcba3d1c8b5c4f990082de49bf35fe48c3ba9296d,2023-06,North Wales Police,North Wales Police,-2.927163,53.193843,On or near Chantry Court,E01018330,Cheshire West and Chester 034D,Violence and sexual offences,Status update unavailable,
2b5c0525a364cb4eb5e89c58952da7588f63961f749b503035358f29060d35d6,2023-06,North Wales Police,North Wales Police,-3.812494,53.319779,On or near Curzon Passage,W01000132,Conwy 001A,Criminal damage and arson,Unable to prosecute suspect,
a387ba0b544ccb6f7d61966de6c7c47cefd24c417c4e03eeff08a1978e2e7aaf,2023-06,North Wales Police,North Wales Police,-3.812494,53.319779,On or near Curzon Passage,W01000132,Conwy 001A,Criminal damage and arson,Unable to prosecute suspect,
,2023-06,North Wales Police,North Wales Police,-3.809427,53.320374,On or near Primrose Passage,W01000132,Conwy 001A,Anti-social behaviour,,
,2023-06,North Wales Police,North Wales Police,-3.806815,53.321456,On or near Victoria Avenue,W01000132,Conwy 001A,Anti-social behaviour,,
,2023-06,North Wales Police,North Wales Police,-3.814668,53.318280,On or near Clarence Drive,W01000132,Conwy 001A,Anti-social behaviour,,
,2023-06,North Wales Police,North Wales Police,-3.806815,53.321456,On or near Victoria Avenue,W01000132,Conwy 001A,Anti-social behaviour,,
,2023-06,North Wales Police,North Wales Police,-3.806815,53.321456,On or near Victoria Avenue,W01000132,Conwy 001A,Anti-social behaviour,,
,2023-06,North Wales Police,North Wales Police,-3.812072,53.321143,On or near Pleasant Street,W01000132,Conwy 001A,Anti-social behaviour,,
a524561876ff866add9b8cf0c576119019639497ce23dfd28865d93f09f2a409,2023-06,North Wales Police,North Wales Police,-3.811001,53.321384,On or near Victoria Street,W01000132,Conwy 001A,Bicycle theft,Investigation complete; no suspect identified,
2f71c7e16b313f72a107077255307c463e77a41dc2912b0bfd4cfc62b8d77e50,2023-06,North Wales Police,North Wales Police,-3.811001,53.321384,On or near Victoria Street,W01000132,Conwy 001A,Burglary,Unable to prosecute suspect,
21bbe9b67e80e9a750d0006d73cef4465bb626e8d6bb9d2797c185639b62a91d,2023-06,North Wales Police,North Wales Police,-3.814668,53.318280,On or near Clarence Drive,W01000132,Conwy 001A,Other theft,Investigation complete; no suspect identified,
9e773c315b5c83d4c672ded8bdbb437a42d2c3ac16fd9d648c4e0fcb4251fc10,2023-06,North Wales Police,North Wales Police,-3.811356,53.320542,On or near Supermarket,W01000132,Conwy 001A,Shoplifting,Investigation complete; no suspect identified,
91d972e23627889feabc3f1db650406a1f044ebc48b03e8573130702034a5fba,2023-06,North Wales Police,North Wales Police,-3.814668,53.318280,On or near Clarence Drive,W01000132,Conwy 001A,Violence and sexual offences,Investigation complete; no suspect identified,
da7866edf2883d9d8e457091f3f59fe2f0d9126d6e5e5b5685d3d74be555eeae,2023-06,North Wales Police,North Wales Police,-3.814668,53.318280,On or near Clarence Drive,W01000132,Conwy 001A,Violence and sexual offences,Unable to prosecute suspect,
e9248bec1e7c5d81c1d5bb87f59ade6477485699d876ecf0530ee202a43ba25d,2023-06,North Wales Police,North Wales Police,-3.813074,53.318215,On or near Clarence Road,W01000132,Conwy 001A,Violence and sexual offences,Investigation complete; no suspect identified,
bfb0d52442b395b9f3ca8594c941fd4c24b1cabb83201375a14f97ec35998cd8,2023-06,North Wales Police,North Wales Police,-3.811356,53.320542,On or near Supermarket,W01000132,Conwy 001A,Violence and sexual offences,Investigation complete; no suspect identified,
366936ca5523558eb03bbdf01e4dcbe64290cae45c7fa3fdbe49b4a802f164fb,2023-06,North Wales Police,North Wales Police,-3.813074,53.318215,On or near Clarence Road,W01000132,Conwy 001A,Violence and sexual offences,Further investigation is not in the public interest,
a0642f132e655429e0b191bd3ac4dbf11e236f91aab856ca8a9167e419d84544,2023-06,North Wales Police,North Wales Police,-3.809427,53.320374,On or near Primrose Passage,W01000132,Conwy 001A,Violence and sexual offences,Investigation complete; no suspect identified,
4811ce37f871764c5d4481029f993ab9e8741d6a66d1b289bbf346892bcbdf87,2023-06,North Wales Police,North Wales Police,-3.811674,53.321679,On or near Back East Parade,W01000132,Conwy 001A,Violence and sexual offences,Unable to prosecute suspect,
,2023-06,North Wales Police,North Wales Police,-3.838001,53.328828,On or near Prospect Terrace,W01000146,Conwy 001B,Anti-social behaviour,,
,2023-06,North Wales Police,North Wales Police,-3.833684,53.325856,On or near Bod-Hyfryd Road,W01000146,Conwy 001B,Anti-social behaviour,,
,2023-06,North Wales Police,North Wales Police,-3.832643,53.324343,On or near Chapel Street,W01000146,Conwy 001B,Anti-social behaviour,,
,2023-06,North Wales Police,North Wales Police,-3.834633,53.323135,On or near Clifton Road,W01000146,Conwy 001B,Anti-social behaviour,,
,2023-06,North Wales Police,North Wales Police,-3.833056,53.325910,On or near Masonic Street,W01000146,Conwy 001B,Anti-social behaviour,,
,2023-06,North Wales Police,North Wales Police,-3.835609,53.324873,On or near Clement Avenue,W01000146,Conwy 001B,Anti-social behaviour,,
,2023-06,North Wales Police,North Wales Police,-3.835609,53.324873,On or near Clement Avenue,W01000146,Conwy 001B,Anti-social behaviour,,
,2023-06,North Wales Police,North Wales Police,-3.835980,53.323033,On or near Maelgwy Road,W01000146,Conwy 001B,Anti-social behaviour,,
,2023-06,North Wales Police,North Wales Police,-3.834633,53.323135,On or near Clifton Road,W01000146,Conwy 001B,Anti-social behaviour,,
,2023-06,North Wales Police,North Wales Police,-3.832557,53.324785,On or near Windsor Passage,W01000146,Conwy 001B,Anti-social behaviour,,
,2023-06,North Wales Police,North Wales Police,-3.833056,53.325910,On or near Masonic Street,W01000146,Conwy 001B,Anti-social behaviour,,
,2023-06,North Wales Police,North Wales Police,-3.833439,53.325401,On or near Back Bod-Hyfryd Road,W01000146,Conwy 001B,Anti-social behaviour,,
,2023-06,North Wales Police,North Wales Police,-3.831746,53.327935,On or near Hill Terrace,W01000146,Conwy 001B,Anti-social behaviour,,
,2023-06,North Wales Police,North Wales Police,-3.831935,53.326728,On or near Vardre Lane,W01000146,Conwy 001B,Anti-social behaviour,,
,2023-06,North Wales Police,North Wales Police,-3.831746,53.327935,On or near Hill Terrace,W01000146,Conwy 001B,Anti-social behaviour,,
,2023-06,North Wales Police,North Wales Police,-3.831746,53.327935,On or near Hill Terrace,W01000146,Conwy 001B,Anti-social behaviour,,
,2023-06,North Wales Police,North Wales Police,-3.834304,53.326646,On or near Tudno Street,W01000146,Conwy 001B,Anti-social behaviour,,
,2023-06,North Wales Police,North Wales Police,-3.833439,53.325401,On or near Back Bod-Hyfryd Road,W01000146,Conwy 001B,Anti-social behaviour,,
9a240a8d7c2f8c68160b75de7b843943a6a2c6dbb3a9b55d00a7089d0f5ad91b,2023-06,North Wales Police,North Wales Police,-3.831746,53.327935,On or near Hill Terrace,W01000146,Conwy 001B,Burglary,Investigation complete; no suspect identified,
ff3ef5f6cfd77d0e44b0df8fb02b5aefcd5fe9b4aac73bf80c74def6417b0cbd,2023-06,North Wales Police,North Wales Police,-3.831935,53.326728,On or near Vardre Lane,W01000146,Conwy 001B,Burglary,Unable to prosecute suspect,
71d2188e9f70f982903ebef9aadebc7f17a9698158dd93d3d1f97ed1fb7676b4,2023-06,North Wales Police,North Wales Police,-3.830554,53.325706,On or near Back South Parade,W01000146,Conwy 001B,Burglary,Court result unavailable,
1040ba5305f88565b52914e50729ccd14910e4809a2408c07909265e5c902a6e,2023-06,North Wales Police,North Wales Police,-3.830554,53.325706,On or near Back South Parade,W01000146,Conwy 001B,Burglary,Unable to prosecute suspect,
563ffe26aa90da3e605415e39fe60ffadef5c32587ed07f5f617da94c1a3255a,2023-06,North Wales Police,North Wales Police,-3.834987,53.322986,On or near Breton Street,W01000146,Conwy 001B,Criminal damage and arson,Unable to prosecute suspect,
876ebe6a1e263816c03908f795f76b9b12d020e6320fc9bf0cb3bad95bad0e6d,2023-06,North Wales Police,North Wales Police,-3.831935,53.326728,On or near Vardre Lane,W01000146,Conwy 001B,Criminal damage and arson,Local resolution,
bfec5e0c0f2a4c19220b60c4d53e710cdaab4dd848738aa79ef27648a4f56e4f,2023-06,North Wales Police,North Wales Police,-3.832643,53.324343,On or near Chapel Street,W01000146,Conwy 001B,Criminal damage and arson,Investigation complete; no suspect identified,
9e00b45ad76c391e913d798eac8428d91cc7f4dd1ee20fe97d63186478152db9,2023-06,North Wales Police,North Wales Police,-3.831935,53.326728,On or near Vardre Lane,W01000146,Conwy 001B,Drugs,Further action is not in the public interest,
c08e2314e62d2148a2bd2f38b24eaf88b8fe5ec7ebc968e9bbabbbd99739fc6e,2023-06,North Wales Police,North Wales Police,-3.833439,53.325401,On or near Back Bod-Hyfryd Road,W01000146,Conwy 001B,Drugs,Further action is not in the public interest,
8843245edd65701021f1230c32924455b8ab2d76fe94c1cfcaae0f0ddfb705d4,2023-06,North Wales Police,North Wales Police,-3.830554,53.325706,On or near Back South Parade,W01000146,Conwy 001B,Other theft,Investigation complete; no suspect identified,
46e68a8525725bc74e21c85e6f1303a02060a654f7dea01224123573dbe08a9f,2023-06,North Wales Police,North Wales Police,-3.835980,53.323033,On or near Maelgwy Road,W01000146,Conwy 001B,Other theft,Unable to prosecute suspect,
4163b8c20840c3c6faf5ea6d42a03921be12ca7d7eb9080acd28ede715ad5a0b,2023-06,North Wales Police,North Wales Police,-3.831935,53.326728,On or near Vardre Lane,W01000146,Conwy 001B,Other theft,Investigation complete; no suspect identified,
ea46dbbdd3b4602f35324b07d0113e74c096f010d01056bc879ee223a5696c71,2023-06,North Wales Police,North Wales Police,-3.830485,53.325150,On or near Ty Isa Road,W01000146,Conwy 001B,Other theft,Investigation complete; no suspect identified,
0040d8a584b5c8e3f52e3304a5af96bfcfb4f99bd438a485fb0db51dc68b57b9,2023-06,North Wales Police,North Wales Police,-3.831746,53.327935,On or near Hill Terrace,W01000146,Conwy 001B,Other theft,Status update unavailable,
4e218cb6391850c2536329bec45aeb05d51c32489d638102c8014409cf17ac76,2023-06,North Wales Police,North Wales Police,-3.835609,53.324873,On or near Clement Avenue,W01000146,Conwy 001B,Other theft,Unable to prosecute suspect,
b8a4c668103739d91f414569d0b2bb082bbd412e5e2a69d91870edced42e9482,2023-06,North Wales Police,North Wales Police,-3.830554,53.325706,On or near Back South Parade,W01000146,Conwy 001B,Other theft,Investigation complete; no suspect identified,
0fb85baf637e15430ecf853b69655d8f13c31649c8e80c471af003159d281bff,2023-06,North Wales Police,North Wales Police,-3.833439,53.325401,On or near Back Bod-Hyfryd Road,W01000146,Conwy 001B,Public order,Unable to prosecute suspect,
3dda04876dbf05f9769d95d770e5cab43cd2bae17cfc916508f36a21efaa535d,2023-06,North Wales Police,North Wales Police,-3.830485,53.325150,On or near Ty Isa Road,W01000146,Conwy 001B,Public order,Investigation complete; no suspect identified,
43557a788efa62059cd5492814be77f7a96a7fdcd78615e3f537f5f6bd7e1861,2023-06,North Wales Police,North Wales Police,-3.831746,53.327935,On or near Hill Terrace,W01000146,Conwy 001B,Public order,Unable to prosecute suspect,
543eede1e744a0f9ff578fba4fb556c6e3f4be128c9411491b2f5c393f99257c,2023-06,North Wales Police,North Wales Police,-3.831935,53.326728,On or near Vardre Lane,W01000146,Conwy 001B,Public order,Investigation complete; no suspect identified,
03ea16843eeb895c03a126a2cccf22e870b6317910ed1a7f684e71f5881a47ac,2023-06,North Wales Police,North Wales Police,-3.832219,53.327065,On or near Court Street,W01000146,Conwy 001B,Public order,Investigation complete; no suspect identified,
2bc4e2d511fff372aa36adb8e92feeb535bf230940d146a081519e68d9d75e33,2023-06,North Wales Police,North Wales Police,-3.833056,53.325910,On or near Masonic Street,W01000146,Conwy 001B,Public order,Unable to prosecute suspect,
49b848e2032951cbce2929484b4fc8faa206186fa2dce6caab3f903a87f1e2ce,2023-06,North Wales Police,North Wales Police,-3.830485,53.325150,On or near Ty Isa Road,W01000146,Conwy 001B,Shoplifting,Investigation complete; no suspect identified,
dca49b1c865d48e7f99ead11ae95703c0d86e9d97e9426dc6d6c494ec2300be2,2023-06,North Wales Police,North Wales Police,-3.830485,53.325150,On or near Ty Isa Road,W01000146,Conwy 001B,Shoplifting,Investigation complete; no suspect identified,
ed1866cbe9b0467025a87e5521caaaa468a3290b61040b05af7d95276602c254,2023-06,North Wales Police,North Wales Police,-3.830485,53.325150,On or near Ty Isa Road,W01000146,Conwy 001B,Shoplifting,Investigation complete; no suspect identified,
7b8314def0534680377c078d336ca2bc1d91e09a05a5698c788b10e99021f6c8,2023-06,North Wales Police,North Wales Police,-3.830485,53.325150,On or near Ty Isa Road,W01000146,Conwy 001B,Shoplifting,Investigation complete; no suspect identified,
00a8162a8c3b3fbc10f325fba74cfa6556d9f659307c96bc1bc4b64b977c7b86,2023-06,North Wales Police,North Wales Police,-3.841062,53.321795,On or near Carroll Place,W01000146,Conwy 001B,Vehicle crime,Investigation complete; no suspect identified,
1d10e6297473ea2be38ab1216eb54bd6836ac1807594b6bca425c215ac937e98,2023-06,North Wales Police,North Wales Police,-3.835980,53.323033,On or near Maelgwy Road,W01000146,Conwy 001B,Violence and sexual offences,Unable to prosecute suspect,
abcb2e90a6c8375e4d2554f6b869a391616b616f76f7f9754540a35ee25e9577,2023-06,North Wales Police,North Wales Police,-3.830485,53.325150,On or near Ty Isa Road,W01000146,Conwy 001B,Violence and sexual offences,Unable to prosecute suspect,
90d143ee14a266ff07330b6f9dad20da2aeba3d078bc066a79a5c1562297c817,2023-06,North Wales Police,North Wales Police,-3.833470,53.327522,On or near Tan-Yr-Ogof Road,W01000146,Conwy 001B,Violence and sexual offences,Unable to prosecute suspect,
66c17cb78e1573aabb1be4af0cfca036b6db22a29657da85a082a778318fb3fa,2023-06,North Wales Police,North Wales Police,-3.831935,53.326728,On or near Vardre Lane,W01000146,Conwy 001B,Violence and sexual offences,Unable to prosecute suspect,
fdb92ccf60061765886feffe72e18df33c40d3ac7faace64e2d92e55aafc5df9,2023-06,North Wales Police,North Wales Police,-3.831935,53.326728,On or near Vardre Lane,W01000146,Conwy 001B,Violence and sexual offences,Unable to prosecute suspect,
7de75428faf7d7b8a067def9a53ac6119eeb5a5b6f09e95487ecf54e70a87425,2023-06,North Wales Police,North Wales Police,-3.831746,53.327935,On or near Hill Terrace,W01000146,Conwy 001B,Violence and sexual offences,Unable to prosecute suspect,
8fc6342ce67d1e2895e06fd6e0657b6856e235a44859fcaa8deee05a4ee5dc5d,2023-06,North Wales Police,North Wales Police,-3.838508,53.324199,On or near Arvonia Passage,W01000146,Conwy 001B,Violence and sexual offences,Unable to prosecute suspect,
40782145ec28b144d9ba5331ec914e268feb2e727b3ae21f4594d5e2f85d8110,2023-06,North Wales Police,North Wales Police,-3.833684,53.325856,On or near Bod-Hyfryd Road,W01000146,Conwy 001B,Violence and sexual offences,Unable to prosecute suspect,
32484cf24501a15301820cc0b3f6c1529eec98a9d439439dac5af63eb9e4a6cc,2023-06,North Wales Police,North Wales Police,-3.833807,53.323480,On or near Deganwy Avenue,W01000146,Conwy 001B,Violence and sexual offences,Unable to prosecute suspect,
dc65dc67305828764ebb7c6eb3938244a4966c1086c768433caa3c1113a27297,2023-06,North Wales Police,North Wales Police,-3.832219,53.327065,On or near Court Street,W01000146,Conwy 001B,Violence and sexual offences,Status update unavailable,
f42075b83cfd608bcb994cea6b44e239ad63983dda2414625d228e8f2c187ed1,2023-06,North Wales Police,North Wales Police,-3.835980,53.323033,On or near Maelgwy Road,W01000146,Conwy 001B,Violence and sexual offences,Unable to prosecute suspect,
8626f74954e2989e88a9f482750afaae2657b34d17d761a2a177334fafa45775,2023-06,North Wales Police,North Wales Police,-3.832643,53.324343,On or near Chapel Street,W01000146,Conwy 001B,Violence and sexual offences,Investigation complete; no suspect identified,
3709da3501be77e003fe9e7db8b2184c0afbb4880ccd2c5871c6c2f0c31a21b8,2023-06,North Wales Police,North Wales Police,-3.831935,53.326728,On or near Vardre Lane,W01000146,Conwy 001B,Violence and sexual offences,Status update unavailable,
df92dc3bbe14391389e40ca0f4c11068c86dccf5ca1c5d2bd9a09ac6a538fac6,2023-06,North Wales Police,North Wales Police,-3.835980,53.323033,On or near Maelgwy Road,W01000146,Conwy 001B,Violence and sexual offences,Investigation complete; no suspect identified,
316853f20dc447cbfc0328db0f4089ef983c56f2552632871bc1f98e5404655d,2023-06,North Wales Police,North Wales Police,-3.835043,53.324630,On or near Clement Street,W01000146,Conwy 001B,Violence and sexual offences,Investigation complete; no suspect identified,
559edb53cb4d40af0ceeb37309533a83b1cdf57d642ac7429f4c06ef954a155b,2023-06,North Wales Police,North Wales Police,-3.833439,53.325401,On or near Back Bod-Hyfryd Road,W01000146,Conwy 001B,Violence and sexual offences,Unable to prosecute suspect,
0de738235b61b5a8b8fe3b3184669260d232a20767acd1f8317bf1f7c493d3fc,2023-06,North Wales Police,North Wales Police,-3.832219,53.327065,On or near Court Street,W01000146,Conwy 001B,Violence and sexual offences,Investigation complete; no suspect identified,
9865dd5c62236454f39a194d2d84fb6df0ee7f3936dd961f3969c38f4c1f6cb9,2023-06,North Wales Police,North Wales Police,-3.830554,53.325706,On or near Back South Parade,W01000146,Conwy 001B,Violence and sexual offences,Investigation complete; no suspect identified,
7ff2873c8656f1fd0bb15457c0a30969a8b4de113824f4090aee1b4e79652553,2023-06,North Wales Police,North Wales Police,-3.832643,53.324343,On or near Chapel Street,W01000146,Conwy 001B,Violence and sexual offences,Unable to prosecute suspect,
b566ea90b3cbad16a55f91ad2c6b7f0a4dcdb2fee924f584d8854ae300617f95,2023-06,North Wales Police,North Wales Police,-3.833439,53.325401,On or near Back Bod-Hyfryd Road,W01000146,Conwy 001B,Violence and sexual offences,Unable to prosecute suspect,
ba2a3f620a7023d29f0ec7f055da240114f098ff65a5bc11b4017b6c6f51eee3,2023-06,North Wales Police,North Wales Police,-3.835609,53.324873,On or near Clement Avenue,W01000146,Conwy 001B,Violence and sexual offences,Investigation complete; no suspect identified,
ad0fc7d3c52559ef09c1292413cfbff4b642f6276d05056cab20050702344306,2023-06,North Wales Police,North Wales Police,-3.835980,53.323033,On or near Maelgwy Road,W01000146,Conwy 001B,Violence and sexual offences,Unable to prosecute suspect,
92251202f2b4d1715585735b6a81b042790247bd691ee3b89b5d9ac39ad3b04e,2023-06,North Wales Police,North Wales Police,-3.838508,53.324199,On or near Arvonia Passage,W01000146,Conwy 001B,Violence and sexual offences,Unable to prosecute suspect,
9c815782159353cd98190a41e86c3a96fd04b6da2d31ece1c7e35925879a8127,2023-06,North Wales Police,North Wales Police,-3.833439,53.325401,On or near Back Bod-Hyfryd Road,W01000146,Conwy 001B,Violence and sexual offences,Unable to prosecute suspect,
1666b60828dbe05d6f7c542e94ab5ea9f128deaa815b3884dd08a397296ede3d,2023-06,North Wales Police,North Wales Police,-3.832557,53.324785,On or near Windsor Passage,W01000146,Conwy 001B,Violence and sexual offences,Unable to prosecute suspect,
4a23118831246fc65ea569b964d7658b55697d840f268816085c7de2d66a1306,2023-06,North Wales Police,North Wales Police,-3.831935,53.326728,On or near Vardre Lane,W01000146,Conwy 001B,Violence and sexual offences,Unable to prosecute suspect,
,2023-06,North Wales Police,North Wales Police,-3.839848,53.322201,On or near Salisbury Court,W01000147,Conwy 001C,Anti-social behaviour,,
,2023-06,North Wales Police,North Wales Police,-3.843723,53.319785,On or near West Parade,W01000147,Conwy 001C,Anti-social behaviour,,
d6c28ca944cd5cd03837be45463db856685d3113659be95eb95b6da60d28ca41,2023-06,North Wales Police,North Wales Police,-3.839420,53.328644,On or near Ty-Gwyn Road,W01000147,Conwy 001C,Other theft,Unable to prosecute suspect,
99033a3dc96e0bcae00accc4695e0bd3cf70e51bd7c53d094cae8ade020bdbbe,2023-06,North Wales Police,North Wales Police,-3.842237,53.319449,On or near Great Ormes Road,W01000147,Conwy 001C,Shoplifting,Investigation complete; no suspect identified,
fbb9227d19c5ca6b54fb4f704c7249cedca3edf6a3ae196b8dae658095bd003f,2023-06,North Wales Police,North Wales Police,-3.841982,53.327804,On or near Llwynon Road,W01000147,Conwy 001C,Violence and sexual offences,Unable to prosecute suspect,
27202a9f3106825ee5b8b1d18f9fee156f741662ee60484ac7d3a5d937db2dc4,2023-06,North Wales Police,North Wales Police,-3.845176,53.328061,On or near Cyll Terrace,W01000147,Conwy 001C,Violence and sexual offences,Further investigation is not in the public interest,
88233c9c807fcfa34ca984487390a1b29682a3f0cbefa5df9a11c2bd741900b7,2023-06,North Wales Police,North Wales Police,-3.845176,53.328061,On or near Cyll Terrace,W01000147,Conwy 001C,Violence and sexual offences,Unable to prosecute suspect,
752d11fc92c80f401e66024048b58f5f95b595167861a1c2a9c911028a7a989e,2023-06,North Wales Police,North Wales Police,-3.836464,53.321713,On or near St Andrew'S Place,W01000147,Conwy 001C,Violence and sexual offences,Unable to prosecute suspect,
17e7c77e85de204daabc527dc5a51b9a3a395aabcc7b64c019fe99fbbc89ded8,2023-06,North Wales Police,North Wales Police,-3.841982,53.327804,On or near Llwynon Road,W01000147,Conwy 001C,Violence and sexual offences,Investigation complete; no suspect identified,
f13608867ee4c99c0d7e6f6565c7904c9218771319429b8aa993f74adfc1bed6,2023-06,North Wales Police,North Wales Police,-3.843830,53.325687,On or near Sports/Recreation Area,W01000147,Conwy 001C,Violence and sexual offences,Action to be taken by another organisation,
8121cc8cb1b9fbf045fa58fb39a059bbf12680e9de757ca07b94cfa93ff3ae75,2023-06,North Wales Police,North Wales Police,-3.826414,53.323342,On or near Clonmel Passage,W01000169,Conwy 001D,Burglary,Unable to prosecute suspect,
,2023-06,North Wales Police,North Wales Police,-3.826902,53.323505,On or near Clonmel Street,W01000169,Conwy 001D,Anti-social behaviour,,
,2023-06,North Wales Police,North Wales Police,-3.826583,53.321326,On or near Charlton Mews,W01000169,Conwy 001D,Anti-social behaviour,,
,2023-06,North Wales Police,North Wales Police,-3.830470,53.323388,On or near Norwood Passage,W01000169,Conwy 001D,Anti-social behaviour,,
,2023-06,North Wales Police,North Wales Police,-3.833870,53.321780,On or near Rathbone Passage,W01000169,Conwy 001D,Anti-social behaviour,,
,2023-06,North Wales Police,North Wales Police,-3.826583,53.321326,On or near Charlton Mews,W01000169,Conwy 001D,Anti-social behaviour,,
,2023-06,North Wales Police,North Wales Police,-3.829878,53.322543,On or near Madoc Street,W01000169,Conwy 001D,Anti-social behaviour,,
,2023-06,North Wales Police,North Wales Police,-3.829355,53.323297,On or near Parking Area,W01000169,Conwy 001D,Anti-social behaviour,,
,2023-06,North Wales Police,North Wales Police,-3.828847,53.322649,On or near Stephen Street,W01000169,Conwy 001D,Anti-social behaviour,,
,2023-06,North Wales Police,North Wales Police,-3.827836,53.321486,On or near Augusta Street,W01000169,Conwy 001D,Anti-social behaviour,,
,2023-06,North Wales Police,North Wales Police,-3.826414,53.323342,On or near Clonmel Passage,W01000169,Conwy 001D,Anti-social behaviour,,
,2023-06,North Wales Police,North Wales Police,-3.825592,53.323085,On or near Bodafon Street,W01000169,Conwy 001D,Anti-social behaviour,,
e272c34fc5354a755d96b3a1e1bacb1de7361e842174bbec28c9b26b6c1cb287,2023-06,North Wales Police,North Wales Police,-3.829355,53.323297,On or near Parking Area,W01000169,Conwy 001D,Bicycle theft,Unable to prosecute suspect,
af7a688822a6df403de65007a1d5a8f99a8de31bf22689f92037c8155cd2d98f,2023-06,North Wales Police,North Wales Police,-3.826414,53.323342,On or near Clonmel Passage,W01000169,Conwy 001D,Burglary,Unable to prosecute suspect,
1025beb241f1c23946671df3b1b610010c03ac9555311c5b62dda32de8ed4a62,2023-06,North Wales Police,North Wales Police,-3.829414,53.324663,On or near St George'S Place,W01000169,Conwy 001D,Burglary,Investigation complete; no suspect identified,
2ce00d6632ae3846b22fff565b20623cd38a5aa97257cbe37fdadc7f416ab85c,2023-06,North Wales Police,North Wales Police,-3.829414,53.324663,On or near St George'S Place,W01000169,Conwy 001D,Criminal damage and arson,Status update unavailable,
915c44c9014b153d2711e239b1653a159de74c23e03b748a6a5ea9da41ee29ca,2023-06,North Wales Police,North Wales Police,-3.826173,53.321575,On or near Charlton Street,W01000169,Conwy 001D,Criminal damage and arson,Court result unavailable,
6d7ca313df752adf5bcc862ae69b5db83ab7f9e4d44c0da28fcf29741184c016,2023-06,North Wales Police,North Wales Police,-3.826583,53.321326,On or near Charlton Mews,W01000169,Conwy 001D,Other theft,Investigation complete; no suspect identified,
956d8d964d145d34b27bf915e93f1549fc91456aed6e2d92b92a424eb1e46778,2023-06,North Wales Police,North Wales Police,-3.830470,53.323388,On or near Norwood Passage,W01000169,Conwy 001D,Other theft,Unable to prosecute suspect,
7af2478e3f8ef9ae500159efaa134f47ff5531967c34563353426c3dc93388d4,2023-06,North Wales Police,North Wales Police,-3.828585,53.323893,On or near Shopping Area,W01000169,Conwy 001D,Other theft,Investigation complete; no suspect identified,
306821a1e78829c0b1c011284928f5afaba37fd9234fb66d12fa68dd0282b9a3,2023-06,North Wales Police,North Wales Police,-3.825592,53.323085,On or near Bodafon Street,W01000169,Conwy 001D,Other theft,Court result unavailable,
321cc9f43c4dd7805b8da956a913c87e7226bc02a835e4f7d756ac9ce08c1539,2023-06,North Wales Police,North Wales Police,-3.829813,53.324171,On or near Mostyn Street,W01000169,Conwy 001D,Public order,Court result unavailable,
08781197ba14cbf57405f887d939ab9cef21e7f00bbba388ef3ee49d183c7d47,2023-06,North Wales Police,North Wales Police,-3.824409,53.322096,On or near Vaughan Street,W01000169,Conwy 001D,Public order,Unable to prosecute suspect,
21855726d70b12543d38f4a7bb43ee13762e95dbba2c41acb692434d890e7e71,2023-06,North Wales Police,North Wales Police,-3.828585,53.323893,On or near Shopping Area,W01000169,Conwy 001D,Public order,Investigation complete; no suspect identified,
d891423559ccbdaa4b1c61eb654833a2e848e9faad78d939531c4f54ee1a8bc2,2023-06,North Wales Police,North Wales Police,-3.829813,53.324171,On or near Mostyn Street,W01000169,Conwy 001D,Public order,Unable to prosecute suspect,
e4117120a8f5a52670b7afeeb2dfb2b98fa07cb910d446064a4e310a81ae6b3f,2023-06,North Wales Police,North Wales Police,-3.829878,53.322543,On or near Madoc Street,W01000169,Conwy 001D,Public order,Investigation complete; no suspect identified,
97be21eaa22598637e32c3f71b563ac66835b64e9b1e4ca7efbf016a2fc5fa62,2023-06,North Wales Police,North Wales Police,-3.830470,53.323388,On or near Norwood Passage,W01000169,Conwy 001D,Public order,Investigation complete; no suspect identified,
db492efddc9190c14436622348d4ac716ec75c72ae11f344523ba9d477bf4b12,2023-06,North Wales Police,North Wales Police,-3.829813,53.324171,On or near Mostyn Street,W01000169,Conwy 001D,Shoplifting,Investigation complete; no suspect identified,
08f7fce074630bc5294956699cf888e8c71db633a60c27bd834dd75f5dea5ba3,2023-06,North Wales Police,North Wales Police,-3.828585,53.323893,On or near Shopping Area,W01000169,Conwy 001D,Theft from the person,Investigation complete; no suspect identified,
98560f4fe47a195ef1392bdab72f0f09d4cb8fcedc5b8c376e31627e1839248d,2023-06,North Wales Police,North Wales Police,-3.826173,53.321575,On or near Charlton Street,W01000169,Conwy 001D,Vehicle crime,Investigation complete; no suspect identified,
38943770432d3334ae57e50b1ffeb8122a015cd3df7a78837054d0d926e968ad,2023-06,North Wales Police,North Wales Police,-3.829305,53.321428,On or near Edward Street,W01000169,Conwy 001D,Violence and sexual offences,Unable to prosecute suspect,
8c26a9bc71dcd1758c9ee34474ac8c764a6a7ced80dd6fc7abd737b198ab28f3,2023-06,North Wales Police,North Wales Police,-3.826583,53.321326,On or near Charlton Mews,W01000169,Conwy 001D,Violence and sexual offences,Court result unavailable,
418314decbd542045d5ef984ee6f9d9b202e7a79755243f9b90ad1956c10c52e,2023-06,North Wales Police,North Wales Police,-3.826009,53.321946,On or near John Street,W01000169,Conwy 001D,Violence and sexual offences,Investigation complete; no suspect identified,
ff4cda14b017b73d05568bb8634930544c4e02ad869f82e2c54da2b22c63041d,2023-06,North Wales Police,North Wales Police,-3.833870,53.321780,On or near Rathbone Passage,W01000169,Conwy 001D,Violence and sexual offences,Unable to prosecute suspect,
b5d3895f6cde725fdcd960b8f503ef7d863aa1484cadbfbbf9349cea0e75ade2,2023-06,North Wales Police,North Wales Police,-3.826009,53.321946,On or near John Street,W01000169,Conwy 001D,Violence and sexual offences,Unable to prosecute suspect,
fe923d17bc812c6d62a4e0a8e2b7cd680826d6a17645b429a1ecf31f47b6dc47,2023-06,North Wales Police,North Wales Police,-3.826173,53.321575,On or near Charlton Street,W01000169,Conwy 001D,Violence and sexual offences,Court result unavailable,
31f75787782cc7be53eb2aee410b896112b9fef5b8ff4f0e0e6f5540898f3101,2023-06,North Wales Police,North Wales Police,-3.828440,53.321216,On or near Albion Street,W01000169,Conwy 001D,Violence and sexual offences,Action to be taken by another organisation,
40ebb97a93017c0514e82b5de1a51b66d51c49c007cdca1973b5ab30975cff28,2023-06,North Wales Police,North Wales Police,-3.826583,53.321326,On or near Charlton Mews,W01000169,Conwy 001D,Violence and sexual offences,Investigation complete; no suspect identified,
f6477500b1c7e0b145b283248b407a6479a11c44c0c6a5efc262772a8439224a,2023-06,North Wales Police,North Wales Police,-3.830202,53.321693,On or near Albert Street,W01000169,Conwy 001D,Violence and sexual offences,Formal action is not in the public interest,
f08eacb57f6c8132d022581b5e3d418b23a9a9801895558b096a225dbc4158b5,2023-06,North Wales Police,North Wales Police,-3.831589,53.319721,On or near Central Place,W01000169,Conwy 001D,Violence and sexual offences,Unable to prosecute suspect,
319c3d73f0294cc0c06faac3fae17d099eab0695230c561e4ac2addad1d4b8fa,2023-06,North Wales Police,North Wales Police,-3.824409,53.322096,On or near Vaughan Street,W01000169,Conwy 001D,Violence and sexual offences,Formal action is not in the public interest,
ecadd31bb0c76e302085e3c0a30161cfb72f0c7ebf9c8d919fb65221f289ecb5,2023-06,North Wales Police,North Wales Police,-3.829813,53.324171,On or near Mostyn Street,W01000169,Conwy 001D,Violence and sexual offences,Unable to prosecute suspect,
c6b3b97584c4dae9cbcd19342eb41e8032b4877ce761c3446ae3ad67713bdb4b,2023-06,North Wales Police,North Wales Police,-3.832922,53.318927,On or near Trinity Avenue,W01000169,Conwy 001D,Violence and sexual offences,Court result unavailable,
040043aa0388ffaa389635986628f4a1b1442c652fd01d7491bc980f0f4d7ed5,2023-06,North Wales Police,North Wales Police,-3.832922,53.318927,On or near Trinity Avenue,W01000169,Conwy 001D,Violence and sexual offences,Court result unavailable,
6f3e5fcf84fd900117dab77f2597e0a01d91fefee74775b25affd8406ec9cc80,2023-06,North Wales Police,North Wales Police,-3.830470,53.323388,On or near Norwood Passage,W01000169,Conwy 001D,Violence and sexual offences,Unable to prosecute suspect,
,2023-06,North Wales Police,North Wales Police,-3.824059,53.318470,On or near Supermarket,W01000186,Conwy 001E,Anti-social behaviour,,
,2023-06,North Wales Police,North Wales Police,-3.824104,53.322335,On or near Vaughn Street,W01000186,Conwy 001E,Anti-social behaviour,,
,2023-06,North Wales Police,North Wales Police,-3.820547,53.321661,On or near Thomas Road,W01000186,Conwy 001E,Anti-social behaviour,,
,2023-06,North Wales Police,North Wales Police,-3.824104,53.322335,On or near Vaughn Street,W01000186,Conwy 001E,Anti-social behaviour,,
,2023-06,North Wales Police,North Wales Police,-3.824059,53.318470,On or near Supermarket,W01000186,Conwy 001E,Anti-social behaviour,,
,2023-06,North Wales Police,North Wales Police,-3.824059,53.318470,On or near Supermarket,W01000186,Conwy 001E,Anti-social behaviour,,
,2023-06,North Wales Police,North Wales Police,-3.815635,53.319848,On or near B5115,W01000186,Conwy 001E,Anti-social behaviour,,
,2023-06,North Wales Police,North Wales Police,-3.824309,53.317639,On or near Ffordd Penrhyn,W01000186,Conwy 001E,Anti-social behaviour,,
,2023-06,North Wales Police,North Wales Police,-3.824059,53.318470,On or near Supermarket,W01000186,Conwy 001E,Anti-social behaviour,,
,2023-06,North Wales Police,North Wales Police,-3.815735,53.321482,On or near Irving Road,W01000186,Conwy 001E,Anti-social behaviour,,
,2023-06,North Wales Police,North Wales Police,-3.813981,53.319423,On or near Maes Clyd,W01000186,Conwy 001E,Anti-social behaviour,,
,2023-06,North Wales Police,North Wales Police,-3.825622,53.319561,On or near Dobinson'S Lane,W01000186,Conwy 001E,Anti-social behaviour,,
,2023-06,North Wales Police,North Wales Police,-3.824059,53.318470,On or near Supermarket,W01000186,Conwy 001E,Anti-social behaviour,,
c11d4cadfba224d3ff9aae65e984a1b92880701bf83b0ad2b66f05f928c7cd4d,2023-06,North Wales Police,North Wales Police,-3.821832,53.322226,On or near Adelphi Street,W01000186,Conwy 001E,Burglary,Investigation complete; no suspect identified,
89c4b19ec583195573d3a54f97e9cb1b066a10c4ee5c4ebd40f672964de575b7,2023-06,North Wales Police,North Wales Police,-3.824104,53.322335,On or near Vaughn Street,W01000186,Conwy 001E,Burglary,Investigation complete; no suspect identified,
161ba4a83ae26fc189c01a9e6438164ac9333293a09f22588c9a7d5ee559fe7e,2023-06,North Wales Police,North Wales Police,-3.824309,53.317639,On or near Ffordd Penrhyn,W01000186,Conwy 001E,Criminal damage and arson,Unable to prosecute suspect,
4ad3494d80a05423bd1805ce116d319a1050a8b5ce56b1f3301aacb1d1074a12,2023-06,North Wales Police,North Wales Police,-3.818997,53.318062,On or near Supermarket,W01000186,Conwy 001E,Criminal damage and arson,Investigation complete; no suspect identified,
99279ff79ee199b4464954ebda64b66052e3662003e92a736660d924c0943854,2023-06,North Wales Police,North Wales Police,-3.818997,53.318062,On or near Supermarket,W01000186,Conwy 001E,Criminal damage and arson,Investigation complete; no suspect identified,
c8c1ff89bed27bb8c3aebdc36230b77a208a8f0afde178098765e6e0fc9f46fd,2023-06,North Wales Police,North Wales Police,-3.820547,53.321661,On or near Thomas Road,W01000186,Conwy 001E,Criminal damage and arson,Investigation complete; no suspect identified,
08efac174996c3a9db42ce5982993fb79d70c195abc1f844e3b4960b90430cc5,2023-06,North Wales Police,North Wales Police,-3.815635,53.319848,On or near B5115,W01000186,Conwy 001E,Criminal damage and arson,Investigation complete; no suspect identified,
200a4746f891d69aefd4ead5af5392b2a341502e5ddb51b129bc60b5adbdf8ca,2023-06,North Wales Police,North Wales Police,-3.824059,53.318470,On or near Supermarket,W01000186,Conwy 001E,Criminal damage and arson,Investigation complete; no suspect identified,
cda73a7ec334d2408c52f21194aaf4b31f5f52a206a4810902d84b457bebe20d,2023-06,North Wales Police,North Wales Police,-3.818997,53.318062,On or near Supermarket,W01000186,Conwy 001E,Drugs,Further investigation is not in the public interest,
8653986b9c0182ff921a4184f162fc0a1b8bab9e882bc0f7f94df27886b60a36,2023-06,North Wales Police,North Wales Police,-3.815735,53.321482,On or near Irving Road,W01000186,Conwy 001E,Drugs,Court result unavailable,
c4085cc6f952779b553663886b15ea82a7ef5f7fc25e8b21e3a2448f9aedb9c4,2023-06,North Wales Police,North Wales Police,-3.824059,53.318470,On or near Supermarket,W01000186,Conwy 001E,Other theft,Investigation complete; no suspect identified,
f4b3a4461e9d05af7f54ec64f4d9b5741d847362e543fff186f4cb8ed78d19e4,2023-06,North Wales Police,North Wales Police,-3.815735,53.321482,On or near Irving Road,W01000186,Conwy 001E,Other theft,Investigation complete; no suspect identified,
521e98b91305293bb8f37c6629b460dbdeb84f18c259973d91f3200d4c033d44,2023-06,North Wales Police,North Wales Police,-3.824059,53.318470,On or near Supermarket,W01000186,Conwy 001E,Other theft,Investigation complete; no suspect identified,
970dacfed757099ba4c9d96ad1433a4814436ca5f410dbeba0388cb938abe446,2023-06,North Wales Police,North Wales Police,-3.816295,53.318768,On or near Clarence Crescent,W01000186,Conwy 001E,Other theft,Investigation complete; no suspect identified,
15390caa8e32ad7edf556e01110f5bd6723ae5a893938ae9486e245bd48a15e6,2023-06,North Wales Police,North Wales Police,-3.813981,53.319423,On or near Maes Clyd,W01000186,Conwy 001E,Other theft,Investigation complete; no suspect identified,
d867ac7b55f1289a07eeaf00b9ec049be6d3ea58c16810d2a34052ca6cd73319,2023-06,North Wales Police,North Wales Police,-3.818997,53.318062,On or near Supermarket,W01000186,Conwy 001E,Other theft,Investigation complete; no suspect identified,
1f03d2a17cc11be57a286ddc4be19372334fd02f2aa4846ab4ecdfe9fe376ed8,2023-06,North Wales Police,North Wales Police,-3.821492,53.317772,On or near Ffordd Morfa,W01000186,Conwy 001E,Public order,Status update unavailable,
14ffc7231f746f91a2c3c51a8b47b9f41362c70a823c66a8d7dc1b32ac393ae4,2023-06,North Wales Police,North Wales Police,-3.821492,53.317772,On or near Ffordd Morfa,W01000186,Conwy 001E,Public order,Status update unavailable,
7a22266d1ae95a89afc2d3b723898e96641e5546d671b51583cde4f9fc3fd356,2023-06,North Wales Police,North Wales Police,-3.818997,53.318062,On or near Supermarket,W01000186,Conwy 001E,Shoplifting,Investigation complete; no suspect identified,
d550e90419e38098bed8b205c5884c455827ca59433054d1e27e834499e34ff9,2023-06,North Wales Police,North Wales Police,-3.824059,53.318470,On or near Supermarket,W01000186,Conwy 001E,Shoplifting,Unable to prosecute suspect,
ffc5721dafedfb9fa16907b52cf15dd7200963a6d2a60427ab43484d3e7022d1,2023-06,North Wales Police,North Wales Police,-3.818997,53.318062,On or near Supermarket,W01000186,Conwy 001E,Shoplifting,Investigation complete; no suspect identified,
1cb49bc80772bb9b1c55fee23f47123dcd92abe6dfe9d5cde74eab96cb6361e8,2023-06,North Wales Police,North Wales Police,-3.817895,53.319319,On or near Shopping Area,W01000186,Conwy 001E,Shoplifting,Unable to prosecute suspect,
3fa00bb283d56e2bdf7fa253a10fa0baeec1124058255269fa2147700da29634,2023-06,North Wales Police,North Wales Police,-3.821318,53.321961,On or near Bus/Coach Station,W01000186,Conwy 001E,Shoplifting,Further action is not in the public interest,
902615d241897bce519e62af276840fa2a12176cfeab6a7dd53fb7abd7cfbfd4,2023-06,North Wales Police,North Wales Police,-3.824059,53.318470,On or near Supermarket,W01000186,Conwy 001E,Shoplifting,Unable to prosecute suspect,
98e5c2ffdf6ce2b4c1874ddc008cf7feb190ff088dc38040d6ff058e2edd7daf,2023-06,North Wales Police,North Wales Police,-3.818997,53.318062,On or near Supermarket,W01000186,Conwy 001E,Shoplifting,Investigation complete; no suspect identified,
0e2d8be9dd97ff81aecf82b5a9308781f5a95bfbb303afd308aecd801369cc61,2023-06,North Wales Police,North Wales Police,-3.820311,53.320361,On or near Tudor Crescent,W01000186,Conwy 001E,Shoplifting,Investigation complete; no suspect identified,
3fe16678fda8c0e05ccdc3ad796aa8e73a1e15ffa98b3c6de2545b33e2350590,2023-06,North Wales Police,North Wales Police,-3.820311,53.320361,On or near Tudor Crescent,W01000186,Conwy 001E,Shoplifting,Further action is not in the public interest,
a03617863eda80c8bdbd24463641fde56493b150145fdd39ee883c821983f15a,2023-06,North Wales Police,North Wales Police,-3.820311,53.320361,On or near Tudor Crescent,W01000186,Conwy 001E,Shoplifting,Investigation complete; no suspect identified,
a92a1891fe2073748920ee6bd196d00dc453b6a43d1d555282526f22479b7467,2023-06,North Wales Police,North Wales Police,-3.824059,53.318470,On or near Supermarket,W01000186,Conwy 001E,Shoplifting,Investigation complete; no suspect identified,
c27a40685c0e27a26a5f23c3060fe3425879e295be673b915841fdf3698641a6,2023-06,North Wales Police,North Wales Police,-3.824059,53.318470,On or near Supermarket,W01000186,Conwy 001E,Shoplifting,Investigation complete; no suspect identified,
0001c26c818069ed24d654b56a5f9430259c4d37a24cfdf62c2cf9f31a9dde4b,2023-06,North Wales Police,North Wales Police,-3.824309,53.317639,On or near Ffordd Penrhyn,W01000186,Conwy 001E,Violence and sexual offences,Unable to prosecute suspect,
254d8065d412fc3ea284f545d4dd45cc8537f6f956766c597d4d02ddb1789e2b,2023-06,North Wales Police,North Wales Police,-3.815316,53.318693,On or near Cae Clyd,W01000186,Conwy 001E,Violence and sexual offences,Unable to prosecute suspect,
2a47a146ee5342e9f4a589e98127fc208b4e5521d31ae205964ac630ca4a8014,2023-06,North Wales Police,North Wales Police,-3.825622,53.319561,On or near Dobinson'S Lane,W01000186,Conwy 001E,Violence and sexual offences,Unable to prosecute suspect,
3565194192a71d831c49039f934ee6d906b45e18b29f917a724e3c7c4285f051,2023-06,North Wales Police,North Wales Police,-3.825536,53.320497,On or near Police Station,W01000186,Conwy 001E,Violence and sexual offences,Unable to prosecute suspect,
368b7e1dec74be978b7898526fb2f3f1f54e38da1e5e03091591306cc6564941,2023-06,North Wales Police,North Wales Police,-3.824309,53.317639,On or near Ffordd Penrhyn,W01000186,Conwy 001E,Violence and sexual offences,Court result unavailable,
fad52fb8fc72866eaf6812a468f620386eceacaa29ea67c65b7b4d092cdc5b35,2023-06,North Wales Police,North Wales Police,-3.815735,53.321482,On or near Irving Road,W01000186,Conwy 001E,Violence and sexual offences,Court result unavailable,
fb81335d833a0b3833eccc52c11a91cc054ed37ec70e8ae04add3eef99c262a2,2023-06,North Wales Police,North Wales Police,-3.825622,53.319561,On or near Dobinson'S Lane,W01000186,Conwy 001E,Violence and sexual offences,Unable to prosecute suspect,
ed95ce22a7297e8064bf23f762d6b21705dc843236fb3847ff9129ba768bd625,2023-06,North Wales Police,North Wales Police,-3.820547,53.321661,On or near Thomas Road,W01000186,Conwy 001E,Violence and sexual offences,Investigation complete; no suspect identified,
563a6d346a3f1c3fdbc72f7389d97603aa48b03716f3210d372e16c858bbf30b,2023-06,North Wales Police,North Wales Police,-3.815735,53.321482,On or near Irving Road,W01000186,Conwy 001E,Violence and sexual offences,Investigation complete; no suspect identified,
f39187e51e1a5244576e26c8c3b4230b7e5f4a9df77310c966c9dd55a98d8e5f,2023-06,North Wales Police,North Wales Police,-3.815735,53.321482,On or near Irving Road,W01000186,Conwy 001E,Violence and sexual offences,Investigation complete; no suspect identified,
a1b979a2b7587469bb89143750b70b4b41b236f14b554b51fa8f87cfbf16f2fe,2023-06,North Wales Police,North Wales Police,-3.824309,53.317639,On or near Ffordd Penrhyn,W01000186,Conwy 001E,Violence and sexual offences,Unable to prosecute suspect,
620d00500ddfc39c66e7800b61efbc496e612926945d7da748323020eec5b0e7,2023-06,North Wales Police,North Wales Police,-3.824309,53.317639,On or near Ffordd Penrhyn,W01000186,Conwy 001E,Violence and sexual offences,Unable to prosecute suspect,
5a5e6011490798027bad403e3c5e81c2d7ff836ba7a9ca0c13bacfa127df4a7d,2023-06,North Wales Police,North Wales Police,-3.820547,53.321661,On or near Thomas Road,W01000186,Conwy 001E,Violence and sexual offences,Unable to prosecute suspect,
497dbd365caa4a99fa317d47d5ca36bc6c252471a5f963ac548f37a6d078cd9c,2023-06,North Wales Police,North Wales Police,-3.821492,53.317772,On or near Ffordd Morfa,W01000186,Conwy 001E,Violence and sexual offences,Unable to prosecute suspect,
087029740cc22c07e45a4c894cc441d187c75ac4dbb310baea7d6b3f3412be64,2023-06,North Wales Police,North Wales Police,-3.824059,53.318470,On or near Supermarket,W01000186,Conwy 001E,Violence and sexual offences,Court result unavailable,
9056dd82afc431820d176c5887b5fad53346c6b2defe04822ed98720f476c05b,2023-06,North Wales Police,North Wales Police,-3.825622,53.319561,On or near Dobinson'S Lane,W01000186,Conwy 001E,Violence and sexual offences,Unable to prosecute suspect,
75a2929104e77c148372e6d1bc6a12cc33688bfefe49fe2d2823193fcdf42a31,2023-06,North Wales Police,North Wales Police,-3.821492,53.317772,On or near Ffordd Morfa,W01000186,Conwy 001E,Violence and sexual offences,Unable to prosecute suspect,
8f6c01e522295557a630a20e335d113df257dbecb735e608caa7e6f0732c471f,2023-06,North Wales Police,North Wales Police,-3.815735,53.321482,On or near Irving Road,W01000186,Conwy 001E,Violence and sexual offences,Court result unavailable,
1f5cea915782f82335af57a63eb4cd4781b331b110975ec32d1a684996779e7c,2023-06,North Wales Police,North Wales Police,-3.815735,53.321482,On or near Irving Road,W01000186,Conwy 001E,Violence and sexual offences,Unable to prosecute suspect,
,2023-06,North Wales Police,North Wales Police,-3.805370,53.317460,On or near Tan-Y-Bryn Road,W01000133,Conwy 002A,Anti-social behaviour,,
,2023-06,North Wales Police,North Wales Police,-3.802850,53.317866,On or near Nant-Y-Gamar Road,W01000133,Conwy 002A,Anti-social behaviour,,
a70edf72fd9c4c29aa28681fb931df42d491764be447e31c6b138378aa38fdcc,2023-06,North Wales Police,North Wales Police,-3.814967,53.315066,On or near Isis Court,W01000133,Conwy 002A,Criminal damage and arson,Unable to prosecute suspect,
a0ba3eb66f16373213047ade884b9800ee3adbc86316ab09427c85eae4544b96,2023-06,North Wales Police,North Wales Police,-3.840341,53.316907,On or near Church Crescent,W01000168,Conwy 002B,Burglary,Unable to prosecute suspect,
aaa3b621f3003fe30cf2de398e54a21b93dba15ee33caba85226a8f06c5aa1c5,2023-06,North Wales Police,North Wales Police,-3.833904,53.315577,On or near Ffordd Dulyn,W01000168,Conwy 002B,Criminal damage and arson,Unable to prosecute suspect,
e5e4d5b0dedff04eda86e73dc3455ac3e3bbde7f3c5ebdce368cfc79facf6d7f,2023-06,North Wales Police,North Wales Police,-3.833904,53.315577,On or near Ffordd Dulyn,W01000168,Conwy 002B,Public order,Unable to prosecute suspect,
820d71d53f81548977b83d75206df5a9ba7c67d9762aaf9d5bcd9e8e284df0e1,2023-06,North Wales Police,North Wales Police,-3.833904,53.315577,On or near Ffordd Dulyn,W01000168,Conwy 002B,Violence and sexual offences,Unable to prosecute suspect,
,2023-06,North Wales Police,North Wales Police,-3.837207,53.318025,On or near Denness Place,W01000168,Conwy 002B,Anti-social behaviour,,
,2023-06,North Wales Police,North Wales Police,-3.834005,53.316879,On or near King'S Drive,W01000168,Conwy 002B,Anti-social behaviour,,
,2023-06,North Wales Police,North Wales Police,-3.842773,53.316546,On or near Parking Area,W01000168,Conwy 002B,Anti-social behaviour,,
,2023-06,North Wales Police,North Wales Police,-3.833389,53.317230,On or near King'S Road,W01000168,Conwy 002B,Anti-social behaviour,,
,2023-06,North Wales Police,North Wales Police,-3.836161,53.314310,On or near Llys Bryniau,W01000168,Conwy 002B,Anti-social behaviour,,
,2023-06,North Wales Police,North Wales Police,-3.837027,53.312787,On or near Fairways,W01000168,Conwy 002B,Anti-social behaviour,,
,2023-06,North Wales Police,North Wales Police,-3.841872,53.316901,On or near Dale Road,W01000168,Conwy 002B,Anti-social behaviour,,
,2023-06,North Wales Police,North Wales Police,-3.834605,53.315125,On or near Alexandra Road,W01000168,Conwy 002B,Anti-social behaviour,,
1f5e72d24b22f444a9e7266bb60b83982e21b25e8ddc6e4786144272db2318d0,2023-06,North Wales Police,North Wales Police,-3.835106,53.316295,On or near Dyffryn Road,W01000168,Conwy 002B,Bicycle theft,Investigation complete; no suspect identified,
4fbb1135de13f6ab34b419ecd33bbbf3abe67989d14e525442137352afa9e7f3,2023-06,North Wales Police,North Wales Police,-3.833904,53.315577,On or near Ffordd Dulyn,W01000168,Conwy 002B,Criminal damage and arson,Unable to prosecute suspect,
a7c93b20d43021e2c01c108a01e363f76fa8ba527ae6615d24b2242c45388888,2023-06,North Wales Police,North Wales Police,-3.834005,53.316879,On or near King'S Drive,W01000168,Conwy 002B,Criminal damage and arson,Unable to prosecute suspect,
f16d5e7a68ee20b9e3ba4f9c847e90b61e6e57b9fc2e4bba3251edd5427a8779,2023-06,North Wales Police,North Wales Police,-3.840341,53.316907,On or near Church Crescent,W01000168,Conwy 002B,Criminal damage and arson,Investigation complete; no suspect identified,
a27f815c5f940ecce2f1e18b38907ccbe7a188971b7d308d4b4f58f81f1b4446,2023-06,North Wales Police,North Wales Police,-3.833904,53.315577,On or near Ffordd Dulyn,W01000168,Conwy 002B,Criminal damage and arson,Unable to prosecute suspect,
c2e523ec23fc886ee8804b4b53d86d15ff9ff5dcb3c6f8a55ffa0c3da905afdd,2023-06,North Wales Police,North Wales Police,-3.833904,53.315577,On or near Ffordd Dulyn,W01000168,Conwy 002B,Drugs,Court result unavailable,
72e3889664f84493a7af3b14b3f7058e3c52e6d49f4a3e6701312c0102230735,2023-06,North Wales Police,North Wales Police,-3.836161,53.314310,On or near Llys Bryniau,W01000168,Conwy 002B,Drugs,Further action is not in the public interest,
0bfc20902773c895a43fec756a240ea5ae36f2a289ac5ca5c554f61b1a12587c,2023-06,North Wales Police,North Wales Police,-3.834005,53.316879,On or near King'S Drive,W01000168,Conwy 002B,Drugs,Further action is not in the public interest,
68c0257f9d43181f60d260a47a115f5141700f05a6566b13c06c27bc628deeaa,2023-06,North Wales Police,North Wales Police,-3.834605,53.315125,On or near Alexandra Road,W01000168,Conwy 002B,Public order,Unable to prosecute suspect,
df1186598646e115b6446ef49480ea26110a17cbd68ae0183c142e977fa625a8,2023-06,North Wales Police,North Wales Police,-3.833904,53.315577,On or near Ffordd Dulyn,W01000168,Conwy 002B,Violence and sexual offences,Unable to prosecute suspect,
71ec2159d6414a1c6578a9ae564e3742834807976ac969b9a5655ddbda54f938,2023-06,North Wales Police,North Wales Police,-3.836651,53.316272,On or near Mowbray Road,W01000168,Conwy 002B,Violence and sexual offences,Unable to prosecute suspect,
15e0873825f3602f6de1719e14e221212389ce065758dcaf711c708b58f7b3bd,2023-06,North Wales Police,North Wales Police,-3.834931,53.313268,On or near Bridge Road,W01000168,Conwy 002B,Violence and sexual offences,Unable to prosecute suspect,
e51e2486c1bc35b65f1ee0821279070c79912bb586186382746fbc342ddc714a,2023-06,North Wales Police,North Wales Police,-3.840341,53.316907,On or near Church Crescent,W01000168,Conwy 002B,Violence and sexual offences,Unable to prosecute suspect,
b9ccbe729e34f458a3bc3861827854db420daeacd804c110ff9a95e38211f9f2,2023-06,North Wales Police,North Wales Police,-3.835106,53.316295,On or near Dyffryn Road,W01000168,Conwy 002B,Violence and sexual offences,Unable to prosecute suspect,
55b48d1c203ddad1509e7baf2b3cf1b16f29df64ce53868d9b2ccc992bdc5bf4,2023-06,North Wales Police,North Wales Police,-3.833904,53.315577,On or near Ffordd Dulyn,W01000168,Conwy 002B,Violence and sexual offences,Unable to prosecute suspect,
9e4f28d451b58d6fa323b14fc8fbe74f864ba3331b57852f1e0b4b3d8db6fa89,2023-06,North Wales Police,North Wales Police,-3.832868,53.317678,On or near King'S Avenue,W01000168,Conwy 002B,Violence and sexual offences,Unable to prosecute suspect,
db0cd8fd9b9d909962158ab71dcbf84d9c54fbbb03818edbfc1a0aec98290970,2023-06,North Wales Police,North Wales Police,-3.832868,53.317678,On or near King'S Avenue,W01000168,Conwy 002B,Violence and sexual offences,Unable to prosecute suspect,
0583d6d3a2cf9a1a5bcd09baf506001ca41d41c470db3ce37f8690cd4743f7d9,2023-06,North Wales Police,North Wales Police,-3.839463,53.318467,On or near Dolydd,W01000168,Conwy 002B,Other crime,Investigation complete; no suspect identified,
,2023-06,North Wales Police,North Wales Police,-3.821662,53.314652,On or near Sports/Recreation Area,W01000187,Conwy 002C,Anti-social behaviour,,
,2023-06,North Wales Police,North Wales Police,-3.821662,53.314652,On or near Sports/Recreation Area,W01000187,Conwy 002C,Anti-social behaviour,,
,2023-06,North Wales Police,North Wales Police,-3.825144,53.312592,On or near Maes-Y-Cwm,W01000187,Conwy 002C,Anti-social behaviour,,
,2023-06,North Wales Police,North Wales Police,-3.826699,53.312442,On or near Maes Yr Orsedd,W01000187,Conwy 002C,Anti-social behaviour,,
,2023-06,North Wales Police,North Wales Police,-3.828419,53.312290,On or near Ffordd Yr Orsedd,W01000187,Conwy 002C,Anti-social behaviour,,
,2023-06,North Wales Police,North Wales Police,-3.821662,53.314652,On or near Sports/Recreation Area,W01000187,Conwy 002C,Anti-social behaviour,,
,2023-06,North Wales Police,North Wales Police,-3.825144,53.312592,On or near Maes-Y-Cwm,W01000187,Conwy 002C,Anti-social behaviour,,
137dab955ac1084262a5195338f8adb6c7083a68e00215c6722a3d4882dcc3a9,2023-06,North Wales Police,North Wales Police,-3.824856,53.316731,On or near Ffordd Gwynedd,W01000187,Conwy 002C,Criminal damage and arson,Court result unavailable,
ea4b91289158767ed81fbc1a6dcc69dbd0da849c5f7a413fcca1a45d51dca906,2023-06,North Wales Police,North Wales Police,-3.821794,53.316742,On or near Ffordd Las,W01000187,Conwy 002C,Drugs,Formal action is not in the public interest,
0ca1b9db7a7c47088f963b10a840740f057c3789406bb936f4013db69a262402,2023-06,North Wales Police,North Wales Police,-3.821662,53.314652,On or near Sports/Recreation Area,W01000187,Conwy 002C,Drugs,Formal action is not in the public interest,
bcae8f2d957e5ab6514cea8738a0190282381f879e842cff18fe20b5d2c257e3,2023-06,North Wales Police,North Wales Police,-3.826699,53.312442,On or near Maes Yr Orsedd,W01000187,Conwy 002C,Public order,Unable to prosecute suspect,
12dc48a3671fdf2c0f2ffeb22a495b5c531f7d9c47f00c69a5197acf175b214d,2023-06,North Wales Police,North Wales Police,-3.824035,53.312267,On or near Cwm Howard Lane,W01000187,Conwy 002C,Public order,Investigation complete; no suspect identified,
4d28b79d20c94146f95614bdb0b6ba9756b4246273f8f1cb9639472cbd6b225b,2023-06,North Wales Police,North Wales Police,-3.822839,53.315917,On or near Cwm Place,W01000187,Conwy 002C,Public order,Unable to prosecute suspect,
971c4fc68c7f3de3250f64fd11583be8bb227fa90f8564006c5ab5a2d13df3e2,2023-06,North Wales Police,North Wales Police,-3.824035,53.312267,On or near Cwm Howard Lane,W01000187,Conwy 002C,Violence and sexual offences,Court result unavailable,
73345bd4f498cc63ef64cbc6b1c7dae86614fc6e3610a397cf29336da28a4f40,2023-06,North Wales Police,North Wales Police,-3.825670,53.315597,On or near Sports/Recreation Area,W01000187,Conwy 002C,Violence and sexual offences,Unable to prosecute suspect,
41bbef7867ceeae208ee748ec32f77136ae58b7d714713ad6a4c3b51e87f6c8e,2023-06,North Wales Police,North Wales Police,-3.824035,53.312267,On or near Cwm Howard Lane,W01000187,Conwy 002C,Violence and sexual offences,Investigation complete; no suspect identified,
d872782b5543252fd41dcd36141ade2be56fcfc3da12d0bd80325bed81621469,2023-06,North Wales Police,North Wales Police,-3.825144,53.312592,On or near Maes-Y-Cwm,W01000187,Conwy 002C,Violence and sexual offences,Unable to prosecute suspect,
8a24e93083b7a84fcef0026c7b6810394027be7b354e9d4ff6e428b39d2457c5,2023-06,North Wales Police,North Wales Police,-3.823743,53.316344,On or near Ffordd Dwyfor,W01000187,Conwy 002C,Violence and sexual offences,Unable to prosecute suspect,
f251b89674a90532ee2a6a94de980dc3e9dd280677f24ff17dc133905f608c37,2023-06,North Wales Police,North Wales Police,-3.824035,53.312267,On or near Cwm Howard Lane,W01000187,Conwy 002C,Violence and sexual offences,Unable to prosecute suspect,
9c3f78d7c790d9c02275dc44f9a967392f517d7133bc4832a0052321d3b3f498,2023-06,North Wales Police,North Wales Police,-3.824856,53.316731,On or near Ffordd Gwynedd,W01000187,Conwy 002C,Violence and sexual offences,Unable to prosecute suspect,
6c6c23c336feca12a9d0b0568d37b4b0ac4210ecc79fa0e0eb390d61188a227d,2023-06,North Wales Police,North Wales Police,-3.824856,53.316731,On or near Ffordd Gwynedd,W01000187,Conwy 002C,Violence and sexual offences,Unable to prosecute suspect,
6e1814a8a95216b792ff7e2c50d2d44453a2b47b7361b683c85142e3a8f2f241,2023-06,North Wales Police,North Wales Police,-3.824856,53.316731,On or near Ffordd Gwynedd,W01000187,Conwy 002C,Violence and sexual offences,Unable to prosecute suspect,
83abdc04dc4f7433cbadf5b0e9541b916272cd45212e10be8c148e3b9a469c6a,2023-06,North Wales Police,North Wales Police,-3.824856,53.316731,On or near Ffordd Gwynedd,W01000187,Conwy 002C,Violence and sexual offences,Unable to prosecute suspect,
cdd3ba2f93d22782fc7293acdfa16baaec45c3d08236d35b6f2d9b2b2b98ad94,2023-06,North Wales Police,North Wales Police,-3.828419,53.312290,On or near Ffordd Yr Orsedd,W01000187,Conwy 002C,Violence and sexual offences,Status update unavailable,
afd2cf0675926638af5abedfba5025402ecddbdc7fa7aaf188f0584826e0ba57,2023-06,North Wales Police,North Wales Police,-3.822839,53.315917,On or near Cwm Place,W01000187,Conwy 002C,Violence and sexual offences,Unable to prosecute suspect,
3ff0cc4c2111edd7e7c17d98a682f52d04612363ce5afe3b8514d24a3dcca93e,2023-06,North Wales Police,North Wales Police,-3.824856,53.316731,On or near Ffordd Gwynedd,W01000187,Conwy 002C,Other crime,Unable to prosecute suspect,
,2023-06,North Wales Police,North Wales Police,-3.821210,53.312211,On or near Bodnant Crescent,W01000188,Conwy 002D,Anti-social behaviour,,
,2023-06,North Wales Police,North Wales Police,-3.822159,53.311226,On or near Erddig Close,W01000188,Conwy 002D,Anti-social behaviour,,
a08ebb5d2bdc47bd3f5ba481c5ed9f4f6104c499a9a71149317f9875c8bed637,2023-06,North Wales Police,North Wales Police,-3.823533,53.311771,On or near Ewloe Drive,W01000188,Conwy 002D,Burglary,Unable to prosecute suspect,
839477351d5cc309cdd2e2c54556e40f8a4ba0c11b4822eb6e0142794390df22,2023-06,North Wales Police,North Wales Police,-3.816654,53.314492,On or near Lon Gwalia,W01000188,Conwy 002D,Criminal damage and arson,Investigation complete; no suspect identified,
3c9f7c17f3cb1f33f9b7ebc9c765b67708544bd05a87f12452a9b6524b39c23c,2023-06,North Wales Police,North Wales Police,-3.822828,53.312825,On or near Bodnant Road,W01000188,Conwy 002D,Criminal damage and arson,Investigation complete; no suspect identified,
600ac828cdb1b07fadcb298fd80597ff97d600846d3c23484d50ee54f9e608b3,2023-06,North Wales Police,North Wales Police,-3.823533,53.311771,On or near Ewloe Drive,W01000188,Conwy 002D,Public order,Unable to prosecute suspect,
9e413a747fc05f51051e3d4f5b7ef4c9c723703f783a39b9fc619b05aeced05e,2023-06,North Wales Police,North Wales Police,-3.822828,53.312825,On or near Bodnant Road,W01000188,Conwy 002D,Public order,Unable to prosecute suspect,
14e649d244d359aa4dd14e006bfb527d2690a45994d0e3a0d9962106b82bfba4,2023-06,North Wales Police,North Wales Police,-3.823533,53.311771,On or near Ewloe Drive,W01000188,Conwy 002D,Violence and sexual offences,Unable to prosecute suspect,
32388d793d0fc74662341b7c79790708f062e8e0051925a7d91c008dcca06363,2023-06,North Wales Police,North Wales Police,-3.822828,53.312825,On or near Bodnant Road,W01000188,Conwy 002D,Violence and sexual offences,Unable to prosecute suspect,
7439eab6572e6e644c26f6506e3be4a1611e5662f517f107c3957f9a79a74c21,2023-06,North Wales Police,North Wales Police,-3.819584,53.312101,On or near Criccieth Close,W01000188,Conwy 002D,Violence and sexual offences,Action to be taken by another organisation,
45d6b1a0ba5f1ac8ec2dd03b4ac7cdf3950c5b318befafa1c6879d6bedbb7e58,2023-06,North Wales Police,North Wales Police,-3.823533,53.311771,On or near Ewloe Drive,W01000188,Conwy 002D,Violence and sexual offences,Unable to prosecute suspect,
a58df5603ec173a4513aeaa3fe0f5c0cfa6eb10edf1ae31d033d3b2fac9c559e,2023-06,North Wales Police,North Wales Police,-3.821210,53.312211,On or near Bodnant Crescent,W01000188,Conwy 002D,Violence and sexual offences,Investigation complete; no suspect identified,
7671678ed8d391a96b50e50622a3e4a02b7c157dd8d6f87297fbe934620021f5,2023-06,North Wales Police,North Wales Police,-3.822828,53.312825,On or near Bodnant Road,W01000188,Conwy 002D,Violence and sexual offences,Investigation complete; no suspect identified,
fa4bcf5c7bddb0997ff8dde18ae28cbc5fe4ecddabc8b8406e3a3233a2517d0d,2023-06,North Wales Police,North Wales Police,-3.765443,53.303799,On or near Sports/Recreation Area,W01000154,Conwy 003A,Violence and sexual offences,Unable to prosecute suspect,
,2023-06,North Wales Police,North Wales Police,-3.750519,53.301466,On or near Cwrt Penmaen,W01000154,Conwy 003A,Anti-social behaviour,,
,2023-06,North Wales Police,North Wales Police,-3.762036,53.304901,On or near Cambrian Drive,W01000154,Conwy 003A,Anti-social behaviour,,
,2023-06,North Wales Police,North Wales Police,-3.743997,53.301616,On or near Broadway,W01000154,Conwy 003A,Anti-social behaviour,,
84468565c5a99c506c330216b2cf601016337a6e4ad7b84c1e41d7bc766769a0,2023-06,North Wales Police,North Wales Police,-3.750640,53.301842,On or near Berwyn Court,W01000154,Conwy 003A,Criminal damage and arson,Unable to prosecute suspect,
b6ca1d7e596d7c45c16fc34efee338e09b2af09c23f74c1cbface937710f814d,2023-06,North Wales Police,North Wales Police,-3.765443,53.303799,On or near Sports/Recreation Area,W01000154,Conwy 003A,Other theft,Unable to prosecute suspect,
02e2876f2ef9b00802f594f0c53ea83371531a3ae1cb3d5f2cab76fe73aa7c0c,2023-06,North Wales Police,North Wales Police,-3.761692,53.298011,On or near Parking Area,W01000154,Conwy 003A,Other theft,Investigation complete; no suspect identified,
411dd1b26e7ad7e388258b7929737a1164bb8d872387f9960637e270318d0283,2023-06,North Wales Police,North Wales Police,-3.750640,53.301842,On or near Berwyn Court,W01000154,Conwy 003A,Violence and sexual offences,Investigation complete; no suspect identified,
1b8dfdad8e620cc3082561d44c33d784c21e2f802e6e85c232e503edf9737fba,2023-06,North Wales Police,North Wales Police,-3.750640,53.301842,On or near Berwyn Court,W01000154,Conwy 003A,Violence and sexual offences,Investigation complete; no suspect identified,
7288bd2f42d9cd67ba75f98e13ee762a15bdfd027d470f822481afaaca507a3b,2023-06,North Wales Police,North Wales Police,-3.750640,53.301842,On or near Berwyn Court,W01000154,Conwy 003A,Violence and sexual offences,Investigation complete; no suspect identified,
467d512997543d1b8859aed1a245365d5ef78d60fbce1af9384a73c1c738fec6,2023-06,North Wales Police,North Wales Police,-3.750640,53.301842,On or near Berwyn Court,W01000154,Conwy 003A,Violence and sexual offences,Investigation complete; no suspect identified,
9e634d97b1392f3f4ba5eb14dd4d47170161f5d792d7aacc873dd99a5bce793e,2023-06,North Wales Police,North Wales Police,-3.765443,53.303799,On or near Sports/Recreation Area,W01000154,Conwy 003A,Violence and sexual offences,Unable to prosecute suspect,
0952925753f1e4abccf3bb7e2826dc226e0173e95b0198bb845f40d8ef94a82c,2023-06,North Wales Police,North Wales Police,-3.750640,53.301842,On or near Berwyn Court,W01000154,Conwy 003A,Violence and sexual offences,Investigation complete; no suspect identified,
bcd4f6311f23f3f7236cb4bedbe24338f801bc0f570e5767bc4017c71ef97c8e,2023-06,North Wales Police,North Wales Police,-3.750640,53.301842,On or near Berwyn Court,W01000154,Conwy 003A,Violence and sexual offences,Investigation complete; no suspect identified,
9e38e94f224578cdc2538e149e0dade7b12614e726f9f7303b4a5668d9dca3d8,2023-06,North Wales Police,North Wales Police,-3.762036,53.304901,On or near Cambrian Drive,W01000154,Conwy 003A,Violence and sexual offences,Unable to prosecute suspect,
e9463d2c43f41377961e6ce19f2b128693559fab37e067d3a74272f720b213b5,2023-06,North Wales Police,North Wales Police,-3.750640,53.301842,On or near Berwyn Court,W01000154,Conwy 003A,Violence and sexual offences,Unable to prosecute suspect,
ffd5c25585b58f440e8283deb4a28919b7c49f5ce187e1ec80bdbe01b2de0f68,2023-06,North Wales Police,North Wales Police,-3.762036,53.304901,On or near Cambrian Drive,W01000154,Conwy 003A,Violence and sexual offences,Unable to prosecute suspect,
684b4b4b507c805675138a446aef2a9fc1ca717bd655f4971efadbefb341dd99,2023-06,North Wales Police,North Wales Police,-3.750640,53.301842,On or near Berwyn Court,W01000154,Conwy 003A,Violence and sexual offences,Investigation complete; no suspect identified,
1c36cadbef93f86a6b023b3fa3c1ac4f9d5cc1af4b4fe91692768ecaa2d97411,2023-06,North Wales Police,North Wales Police,-3.750640,53.301842,On or near Berwyn Court,W01000154,Conwy 003A,Violence and sexual offences,Unable to prosecute suspect,
a2d98e424866022e5a1acc508801ae28183c556161babcf97d5158cb297bddef,2023-06,North Wales Police,North Wales Police,-3.750640,53.301842,On or near Berwyn Court,W01000154,Conwy 003A,Violence and sexual offences,Investigation complete; no suspect identified,
dd565d6bdf1570f75efc638a16a7cc939b725815d1ab68b0c394793c7d41f7f5,2023-06,North Wales Police,North Wales Police,-3.750640,53.301842,On or near Berwyn Court,W01000154,Conwy 003A,Violence and sexual offences,Investigation complete; no suspect identified,
03329dbb51836666f3a6a739f47a839b76f096a62b43ed538ef6923a8ae7b218,2023-06,North Wales Police,North Wales Police,-3.777734,53.317164,On or near Sunningdale Drive,W01000173,Conwy 003B,Violence and sexual offences,Further investigation is not in the public interest,
,2023-06,North Wales Police,North Wales Police,-3.777734,53.317164,On or near Sunningdale Drive,W01000173,Conwy 003B,Anti-social behaviour,,
3fee41c0395aac1b14f934e7b031b2a18bdfa0f7a917c585cf814488ad51427a,2023-06,North Wales Police,North Wales Police,-3.782919,53.316934,On or near Hendwr Lane,W01000173,Conwy 003B,Criminal damage and arson,Court result unavailable,
7c84fef0b8f90687daba4f54c670c39305e621a7f647ed8a809465345573d151,2023-06,North Wales Police,North Wales Police,-3.782919,53.316934,On or near Hendwr Lane,W01000173,Conwy 003B,Other theft,Investigation complete; no suspect identified,
f450d74a288c9b3f76f7fd39524235e778231d36f752fdf4150f88546fc84f32,2023-06,North Wales Police,North Wales Police,-3.782919,53.316934,On or near Hendwr Lane,W01000173,Conwy 003B,Violence and sexual offences,Unable to prosecute suspect,
92533cc4224971d8eb21bf6bc7f46071e6a36f6b6c9e233863af578bf1eb5e85,2023-06,North Wales Police,North Wales Police,-3.780215,53.310544,On or near Parking Area,W01000173,Conwy 003B,Violence and sexual offences,Unable to prosecute suspect,
c8d6c0d9c39496120ffd8bd60bb48d7650d6a9aabc0ed0c682a5d78ed2f138d6,2023-06,North Wales Police,North Wales Police,-3.777734,53.317164,On or near Sunningdale Drive,W01000173,Conwy 003B,Violence and sexual offences,Further action is not in the public interest,
6b6f48edf1cab234dee4810ded58d1df32813b45b53429c30c818fc42e286919,2023-06,North Wales Police,North Wales Police,-3.796823,53.309120,On or near Park/Open Space,W01000173,Conwy 003B,Violence and sexual offences,Unable to prosecute suspect,
6897f73162d51f99d5730a04bc9090c031090923bb60e62493436460c5333700,2023-06,North Wales Police,North Wales Police,-3.781894,53.316464,On or near Ormeside,W01000173,Conwy 003B,Violence and sexual offences,Unable to prosecute suspect,
,2023-06,North Wales Police,North Wales Police,-3.777139,53.315133,On or near Maes Y Gwenith,W01000174,Conwy 003C,Anti-social behaviour,,
,2023-06,North Wales Police,North Wales Police,-3.774039,53.317831,On or near Penrhyn Beach,W01000174,Conwy 003C,Anti-social behaviour,,
bcc9757c1520fc0fab7f786104066f0d193e23674d237640cb3cfa66290fa313,2023-06,North Wales Police,North Wales Police,-3.775420,53.317846,On or near Supermarket,W01000174,Conwy 003C,Shoplifting,Investigation complete; no suspect identified,
ede03dce3afa5238dfedd9d5b6ff983ae3b0345d3371c69df283db899e23e314,2023-06,North Wales Police,North Wales Police,-3.774177,53.316831,On or near Shaftesbury Avenue,W01000174,Conwy 003C,Vehicle crime,Investigation complete; no suspect identified,
41897c9bb71c75806f17d13d61d5bb3631761f7910630c76cf8603f63c46c44d,2023-06,North Wales Police,North Wales Police,-3.774039,53.317831,On or near Penrhyn Beach,W01000174,Conwy 003C,Violence and sexual offences,Unable to prosecute suspect,
5274a432de3d1677b84940202b1ca5f2fe6bfbd1e668307d7166f41724fabc35,2023-06,North Wales Police,North Wales Police,-3.774039,53.317831,On or near Penrhyn Beach,W01000174,Conwy 003C,Violence and sexual offences,Unable to prosecute suspect,
4d0d7ccf055f4edb7bfe74064593c16b93b2b190a93061a0a8c73bada755d3b5,2023-06,North Wales Police,North Wales Police,-3.778956,53.314413,On or near Gloddaeth View,W01000174,Conwy 003C,Violence and sexual offences,Unable to prosecute suspect,
9389a2d4b093a8a26cc359d03d7c4cd9f6bfe41fc1e19bc893e5a05400eacd0e,2023-06,North Wales Police,North Wales Police,-3.771854,53.316551,On or near Church Close,W01000174,Conwy 003C,Violence and sexual offences,Status update unavailable,
,2023-06,North Wales Police,North Wales Police,-3.771961,53.322770,On or near Traeth Penrhyn,W01000175,Conwy 003D,Anti-social behaviour,,
98a0f42e33b74e659e1b53ba9376a2a4d49d89b7da2ada24d7157ba56dd09722,2023-06,North Wales Police,North Wales Police,-3.770758,53.313286,On or near Goronwy Gardens,W01000175,Conwy 003D,Other theft,Status update unavailable,
734b4575cddcf0c62cf860d371de6d49c89de0399ec97e65609a6d92c09e56b8,2023-06,North Wales Police,North Wales Police,-3.770320,53.315764,On or near Garden Drive,W01000175,Conwy 003D,Public order,Formal action is not in the public interest,
adb1f2aabd4a7c7d89b26aab143bbc43ef574bebb05433b07e1910b3e433bf25,2023-06,North Wales Police,North Wales Police,-3.774970,53.312774,On or near Marie Close,W01000175,Conwy 003D,Violence and sexual offences,Unable to prosecute suspect,
a505c963b18e5963bd96de945a3222eaa1cd4131af89ff45ba454098ca506720,2023-06,North Wales Police,North Wales Police,-3.771961,53.322770,On or near Traeth Penrhyn,W01000175,Conwy 003D,Violence and sexual offences,Unable to prosecute suspect,
,2023-06,North Wales Police,North Wales Police,-3.742878,53.306199,On or near St George'S Road,W01000155,Conwy 004A,Anti-social behaviour,,
5c2d0f714836bcd7d7fb0d654ecb22ab82463d16ffb05f07875940955ffbc845,2023-06,North Wales Police,North Wales Police,-3.740420,53.307026,On or near Everard Road,W01000155,Conwy 004A,Burglary,Unable to prosecute suspect,
eddc8c0a9f3e70f6d9cd142376fe6bbcd73c64d29a49915b29c938fd40674592,2023-06,North Wales Police,North Wales Police,-3.740420,53.307026,On or near Everard Road,W01000155,Conwy 004A,Vehicle crime,Investigation complete; no suspect identified,
0d2b004c083aadcf9815471407b6def88456c901eb2e955a02b620fe2bc28a9b,2023-06,North Wales Police,North Wales Police,-3.744050,53.301076,On or near Brettenham Road,W01000155,Conwy 004A,Violence and sexual offences,Further investigation is not in the public interest,
a2333f65001bacfa0290b5f4bd90a887bd46c232bba06ee5a6fbaea48154e47b,2023-06,North Wales Police,North Wales Police,-3.741906,53.307741,On or near Woodlands Avenue,W01000155,Conwy 004A,Violence and sexual offences,Action to be taken by another organisation,
220903e26d382e89e878d5ab993410cb7af62451fd61963aed059279a2e56912,2023-06,North Wales Police,North Wales Police,-3.744873,53.301001,On or near Royd Terrace,W01000155,Conwy 004A,Violence and sexual offences,Status update unavailable,
b369708542061509a199f18fa016f4cdd274e830112ab225f286a090dd661b44,2023-06,North Wales Police,North Wales Police,-3.742878,53.306199,On or near St George'S Road,W01000155,Conwy 004A,Violence and sexual offences,Unable to prosecute suspect,
9429075c6f886bce621bb2d4551032f57cf54d72604cc91136d48a81d445aec0,2023-06,North Wales Police,North Wales Police,-3.741906,53.307741,On or near Woodlands Avenue,W01000155,Conwy 004A,Violence and sexual offences,Unable to prosecute suspect,
1fe668a8191e1da90fda6e073c63117dad3602f445f91ecfaf89680f43feb54d,2023-06,North Wales Police,North Wales Police,-3.743167,53.301133,On or near Willoughby Road,W01000155,Conwy 004A,Violence and sexual offences,Action to be taken by another organisation,
0985f331530f5b8d6b1a8cc059a1a3b6bb36c3830310bec57136afffb2723ad3,2023-06,North Wales Police,North Wales Police,-3.741906,53.307741,On or near Woodlands Avenue,W01000155,Conwy 004A,Other crime,Formal action is not in the public interest,
17e6fc943793dd66a0636debaa93531a1100661b94265c3d042e9ac224cce023,2023-06,North Wales Police,North Wales Police,-3.741195,53.310557,On or near Supermarket,W01000156,Conwy 004B,Shoplifting,Court result unavailable,
,2023-06,North Wales Police,North Wales Police,-3.743172,53.310824,On or near Penrhyn Parc,W01000156,Conwy 004B,Anti-social behaviour,,
,2023-06,North Wales Police,North Wales Police,-3.740409,53.311548,On or near Parking Area,W01000156,Conwy 004B,Anti-social behaviour,,
,2023-06,North Wales Police,North Wales Police,-3.748805,53.313870,On or near The Crescent,W01000156,Conwy 004B,Anti-social behaviour,,
,2023-06,North Wales Police,North Wales Police,-3.743172,53.310824,On or near Penrhyn Parc,W01000156,Conwy 004B,Anti-social behaviour,,
,2023-06,North Wales Police,North Wales Police,-3.756709,53.316622,On or near Glan-Y-Mor Road,W01000156,Conwy 004B,Anti-social behaviour,,
,2023-06,North Wales Police,North Wales Police,-3.740409,53.311548,On or near Parking Area,W01000156,Conwy 004B,Anti-social behaviour,,
297c7b426b1c0d7314fee7ef6fa05768c583c93b6d86ae01ab9fd1efbc5f28ba,2023-06,North Wales Police,North Wales Police,-3.740807,53.310994,On or near Colwyn Avenue,W01000156,Conwy 004B,Bicycle theft,Investigation complete; no suspect identified,
a0f18f36c7ab89305f581e70e9c46278487d1b04203ddc96c58812aaf00300c6,2023-06,North Wales Police,North Wales Police,-3.741675,53.313139,On or near Trillo Avenue,W01000156,Conwy 004B,Bicycle theft,Investigation complete; no suspect identified,
afbc01b4ffe0cfc9477839c46e7a011b3739841df6ecbcd15b3dfb57efb169ab,2023-06,North Wales Police,North Wales Police,-3.741195,53.310557,On or near Supermarket,W01000156,Conwy 004B,Burglary,Court result unavailable,
a75b330f8baa14f9e6d09ca08026a3f9abdaebc39f72c235aeb79af1fce9335c,2023-06,North Wales Police,North Wales Police,-3.738947,53.309169,On or near Rhos Promenade,W01000156,Conwy 004B,Burglary,Investigation complete; no suspect identified,
b3ecb4fc99dcd31791ff773e546f254343165336b4a1112198574da3b5e37610,2023-06,North Wales Police,North Wales Police,-3.741195,53.310557,On or near Supermarket,W01000156,Conwy 004B,Burglary,Court result unavailable,
59f8bc577d96e636ec1a1402bcbfa6a4ff362239da91abaef82e1368a2ad80be,2023-06,North Wales Police,North Wales Police,-3.738947,53.309169,On or near Rhos Promenade,W01000156,Conwy 004B,Criminal damage and arson,Further action is not in the public interest,
d25c80944e6d87ea5d5c37a0cdc02038bf86bb7b7cb685b0ad7978b44a0021c4,2023-06,North Wales Police,North Wales Police,-3.741195,53.310557,On or near Supermarket,W01000156,Conwy 004B,Criminal damage and arson,Investigation complete; no suspect identified,
8503d98ac6188f4ddc3fd318c1f6a5db7cd7295f32ec752b66e8ece70c109344,2023-06,North Wales Police,North Wales Police,-3.738947,53.309169,On or near Rhos Promenade,W01000156,Conwy 004B,Criminal damage and arson,Unable to prosecute suspect,
111f86b4c18dcd9d1f008bfe1b9f9fcb5872a17d548758a2d4f2efee089de5b1,2023-06,North Wales Police,North Wales Police,-3.738947,53.309169,On or near Rhos Promenade,W01000156,Conwy 004B,Other theft,Investigation complete; no suspect identified,
d861e7f305691394ad71216ffadc053218d3cc1e79a2d782d9fa1bc12e270d22,2023-06,North Wales Police,North Wales Police,-3.738906,53.309277,On or near Rhos Promenade,W01000156,Conwy 004B,Public order,Status update unavailable,
7d4482b082f0c51e89f998524613f6437154b944b7c4e1d7ee9c775edb22193a,2023-06,North Wales Police,North Wales Police,-3.738947,53.309169,On or near Rhos Promenade,W01000156,Conwy 004B,Shoplifting,Unable to prosecute suspect,
cb7ee599f779cd935ad28febc6d4accd73152b568d7fb8bda1695beca9094460,2023-06,North Wales Police,North Wales Police,-3.741195,53.310557,On or near Supermarket,W01000156,Conwy 004B,Shoplifting,Investigation complete; no suspect identified,
b497d5e5709ab4285f440823a05fa59fe0e3db381150d6142f73cba0d40a6b75,2023-06,North Wales Police,North Wales Police,-3.741195,53.310557,On or near Supermarket,W01000156,Conwy 004B,Shoplifting,Investigation complete; no suspect identified,
dbb976a1a0e07d4d31d202db3b1ffa9ac2905e37d04db501368a69f91ab12c05,2023-06,North Wales Police,North Wales Police,-3.741195,53.310557,On or near Supermarket,W01000156,Conwy 004B,Shoplifting,Unable to prosecute suspect,
b56cbd6f7b15bd3dd33e90097fa84d9e11202f05e0aabbbb33210509a55485e2,2023-06,North Wales Police,North Wales Police,-3.738947,53.309169,On or near Rhos Promenade,W01000156,Conwy 004B,Shoplifting,Unable to prosecute suspect,
1afec02413857698b2f734f64f1e395cc5fb6ecc23e03f9c01324f74539f32e8,2023-06,North Wales Police,North Wales Police,-3.741195,53.310557,On or near Supermarket,W01000156,Conwy 004B,Shoplifting,Investigation complete; no suspect identified,
c4f1f5274958a790f82a1d13842b94e4a49a9acfb879b9225d30a6db9f83c3b4,2023-06,North Wales Police,North Wales Police,-3.741195,53.310557,On or near Supermarket,W01000156,Conwy 004B,Shoplifting,Investigation complete; no suspect identified,
35680dc7475d9b78c48e1f27177a212a581a75e04cb5442c22c2a98ccd848546,2023-06,North Wales Police,North Wales Police,-3.741195,53.310557,On or near Supermarket,W01000156,Conwy 004B,Shoplifting,Court result unavailable,
f42b9ac60a0077fb6a1649f73bd9a6b493331aba43635cd13a8ee7c5a3acbaa9,2023-06,North Wales Police,North Wales Police,-3.741195,53.310557,On or near Supermarket,W01000156,Conwy 004B,Shoplifting,Further investigation is not in the public interest,
f1eed5c911ba692e9607494e39b622bb81c9dd21600ecbec9d6ec9d8c8ef68df,2023-06,North Wales Police,North Wales Police,-3.741195,53.310557,On or near Supermarket,W01000156,Conwy 004B,Shoplifting,Status update unavailable,
9299511b1be51e56ab6896add37c3cac55ee0af8f20c29870a1f1b0884557819,2023-06,North Wales Police,North Wales Police,-3.751023,53.314872,On or near Rhyd Drive,W01000156,Conwy 004B,Vehicle crime,Investigation complete; no suspect identified,
4e64d9326f05d5e0c59ea38d7c83500845220f82e86da18a1fedd0e457b75a2b,2023-06,North Wales Police,North Wales Police,-3.751023,53.314872,On or near Rhyd Drive,W01000156,Conwy 004B,Vehicle crime,Investigation complete; no suspect identified,
a148cfba76f522f7b6a3a9be1738b51460561a232b42b343d58e1029a8f228ee,2023-06,North Wales Police,North Wales Police,-3.743172,53.310824,On or near Penrhyn Parc,W01000156,Conwy 004B,Violence and sexual offences,Unable to prosecute suspect,
ea2470dcf4bab0b843b4d3a8961a6843183e7bd7adf1afad3e1f97cfa215dc2c,2023-06,North Wales Police,North Wales Police,-3.745838,53.312520,On or near Newton Road,W01000156,Conwy 004B,Violence and sexual offences,Unable to prosecute suspect,
fca4b1b2493f632525949f3bfb31265d753b609f0bed5a1e47f4f37cf6f82983,2023-06,North Wales Police,North Wales Police,-3.748805,53.313870,On or near The Crescent,W01000156,Conwy 004B,Violence and sexual offences,Court result unavailable,
53233181d21619feed03d96dca81b4f5ad26ad656b11ea800881f423ea0c3495,2023-06,North Wales Police,North Wales Police,-3.742481,53.310070,On or near Colwyn Crescent,W01000156,Conwy 004B,Violence and sexual offences,Unable to prosecute suspect,
4d771cc12f049808166daefecfc019349f6ce5037a22a93b5019f4d10630c1aa,2023-06,North Wales Police,North Wales Police,-3.748805,53.313870,On or near The Crescent,W01000156,Conwy 004B,Violence and sexual offences,Investigation complete; no suspect identified,
6d6c4e8aac92758450125cbb334f1ef467fd151e0ff69d86b90eda02dab15c36,2023-06,North Wales Police,North Wales Police,-3.748805,53.313870,On or near The Crescent,W01000156,Conwy 004B,Violence and sexual offences,Investigation complete; no suspect identified,
79c1ad46a71e3f94a94bee636dcea772db2c13f963f70684ddf9b3137f5be4c9,2023-06,North Wales Police,North Wales Police,-3.738947,53.309169,On or near Rhos Promenade,W01000156,Conwy 004B,Violence and sexual offences,Investigation complete; no suspect identified,
,2023-06,North Wales Police,North Wales Police,-3.743068,53.309001,On or near Park Way,W01000157,Conwy 004C,Anti-social behaviour,,
,2023-06,North Wales Police,North Wales Police,-3.743068,53.309001,On or near Park Way,W01000157,Conwy 004C,Anti-social behaviour,,
,2023-06,North Wales Police,North Wales Police,-3.748640,53.309099,On or near Bryn Eglwys,W01000157,Conwy 004C,Anti-social behaviour,,
,2023-06,North Wales Police,North Wales Police,-3.748640,53.309099,On or near Bryn Eglwys,W01000157,Conwy 004C,Anti-social behaviour,,
,2023-06,North Wales Police,North Wales Police,-3.752159,53.312194,On or near First Avenue,W01000157,Conwy 004C,Anti-social behaviour,,
,2023-06,North Wales Police,North Wales Police,-3.748640,53.309099,On or near Bryn Eglwys,W01000157,Conwy 004C,Anti-social behaviour,,
,2023-06,North Wales Police,North Wales Police,-3.748640,53.309099,On or near Bryn Eglwys,W01000157,Conwy 004C,Anti-social behaviour,,
764578d74678245ad392a1b4e0b83c3ee49b74cc2d88f3344d2b0dda1ed81094,2023-06,North Wales Police,North Wales Police,-3.747539,53.310796,On or near Victor Wilde Drive,W01000157,Conwy 004C,Burglary,Unable to prosecute suspect,
b5509751f35d3900e4317392ba397a1a55eb1fb8b0002678ab7d0eacf7ed4034,2023-06,North Wales Police,North Wales Police,-3.756709,53.316622,On or near Glan-Y-Mor Road,W01000157,Conwy 004C,Criminal damage and arson,Unable to prosecute suspect,
32d65df377f8e7e095097c98eaee9fc6ae548d7bad63f16f0dcc2afdf87e29ec,2023-06,North Wales Police,North Wales Police,-3.756709,53.316622,On or near Glan-Y-Mor Road,W01000157,Conwy 004C,Drugs,Formal action is not in the public interest,
ccc57240e77b246303cd589e2379f9974f3b430a9627c92cbe8b1bdd77e892eb,2023-06,North Wales Police,North Wales Police,-3.743698,53.311212,On or near Hawthorn Avenue,W01000157,Conwy 004C,Other theft,Investigation complete; no suspect identified,
c6374a68577a48bdf7f92e6f7eb426efd4fea697a119cfbe258fb7005183cd39,2023-06,North Wales Police,North Wales Police,-3.748640,53.309099,On or near Bryn Eglwys,W01000157,Conwy 004C,Violence and sexual offences,Investigation complete; no suspect identified,
b33f6ecb943f95a69633e532249a5ff82787a93e06d9bcfd75161f82a31989ed,2023-06,North Wales Police,North Wales Police,-3.748640,53.309099,On or near Bryn Eglwys,W01000157,Conwy 004C,Violence and sexual offences,Unable to prosecute suspect,
9242d7b2952c4150e891e558142bd62e038c2779f95110e4618e611de2db3497,2023-06,North Wales Police,North Wales Police,-3.756709,53.316622,On or near Glan-Y-Mor Road,W01000157,Conwy 004C,Violence and sexual offences,Unable to prosecute suspect,
1ce3cdcd8601675cff5a7e3d987e59af82fb643e2748cabb4958dbf9dbf449bf,2023-06,North Wales Police,North Wales Police,-3.748640,53.309099,On or near Bryn Eglwys,W01000157,Conwy 004C,Violence and sexual offences,Unable to prosecute suspect,
01abe83e295e28770813306434c9815f1a1379857666da220c027d5ccc688234,2023-06,North Wales Police,North Wales Police,-3.748640,53.309099,On or near Bryn Eglwys,W01000157,Conwy 004C,Violence and sexual offences,Unable to prosecute suspect,
2599092eaae9408c3dd6ded2a1c62e696835dac10577dabbb19559d3b90f1c5f,2023-06,North Wales Police,North Wales Police,-3.752159,53.312194,On or near First Avenue,W01000157,Conwy 004C,Violence and sexual offences,Unable to prosecute suspect,
1624b9aaab7b277dd109b5b97f2aad754fb0aec140f904701e4ff9a7eda0d29a,2023-06,North Wales Police,North Wales Police,-3.748640,53.309099,On or near Bryn Eglwys,W01000157,Conwy 004C,Violence and sexual offences,Status update unavailable,
,2023-06,North Wales Police,North Wales Police,-3.753871,53.310002,On or near Marlborough Drive,W01000158,Conwy 004D,Anti-social behaviour,,
,2023-06,North Wales Police,North Wales Police,-3.755895,53.311411,On or near Rochester Way,W01000158,Conwy 004D,Anti-social behaviour,,
,2023-06,North Wales Police,North Wales Police,-3.753871,53.310002,On or near Marlborough Drive,W01000158,Conwy 004D,Anti-social behaviour,,
,2023-06,North Wales Police,North Wales Police,-3.755895,53.311411,On or near Rochester Way,W01000158,Conwy 004D,Anti-social behaviour,,
23dca8c87ab8bfe9c6cad669801cef3edefb24c29d49a38547ccde85f6870b21,2023-06,North Wales Police,North Wales Police,-3.752634,53.311684,On or near Second Avenue,W01000158,Conwy 004D,Criminal damage and arson,Unable to prosecute suspect,
06656c65af31ae2602db0ee0b0ff172951bd438f02a7a6acb85d331a8a658d59,2023-06,North Wales Police,North Wales Police,-3.752634,53.311684,On or near Second Avenue,W01000158,Conwy 004D,Drugs,Further investigation is not in the public interest,
551c18b561386f1588666cdc4f13587ee66b489cbbfeb51aa2e2612af582357a,2023-06,North Wales Police,North Wales Police,-3.756051,53.308280,On or near Supermarket,W01000158,Conwy 004D,Shoplifting,Investigation complete; no suspect identified,
de994e8bfb3414e3c9b635ee340952c76c23ee9cd249e6b4a0334697fa1218f2,2023-06,North Wales Police,North Wales Police,-3.756051,53.308280,On or near Supermarket,W01000158,Conwy 004D,Shoplifting,Further investigation is not in the public interest,
b6d1d0dc80ec052e2f4ae4337df28b0d1b8acd3757a28b443d91f07d25642f01,2023-06,North Wales Police,North Wales Police,-3.756051,53.308280,On or near Supermarket,W01000158,Conwy 004D,Shoplifting,Investigation complete; no suspect identified,
6e9bab8fc4ad00bdc0d8f1a9255e59e3b598176ab517a00b659e6e26dfd30ab4,2023-06,North Wales Police,North Wales Police,-3.756051,53.308280,On or near Supermarket,W01000158,Conwy 004D,Shoplifting,Investigation complete; no suspect identified,
ab076ecb2e84f649e41985480f9f13cab06073a1ed8aaa6515fde089f8e112d2,2023-06,North Wales Police,North Wales Police,-3.756051,53.308280,On or near Supermarket,W01000158,Conwy 004D,Shoplifting,Investigation complete; no suspect identified,
aa243d474dc3fc74e10807c7f2d87926621e9c894cd57218c44092fc77b8953c,2023-06,North Wales Police,North Wales Police,-3.756051,53.308280,On or near Supermarket,W01000158,Conwy 004D,Shoplifting,Investigation complete; no suspect identified,
2edca3548c6dc3f36d3a40e0b1231941e840418d4b47c79008b120f44bfe5ec9,2023-06,North Wales Police,North Wales Police,-3.756051,53.308280,On or near Supermarket,W01000158,Conwy 004D,Shoplifting,Investigation complete; no suspect identified,
1aae963efa71bee0b3408a07c082f2f94915c57d6210d098b628e059db46f7e1,2023-06,North Wales Police,North Wales Police,-3.747708,53.306497,On or near Llys Brompton,W01000158,Conwy 004D,Violence and sexual offences,Court result unavailable,
a89ca2cee8ed872d0b2799f5f8afe976045074b1e30d1727c5ffa43c146516fe,2023-06,North Wales Police,North Wales Police,-3.753871,53.310002,On or near Marlborough Drive,W01000158,Conwy 004D,Violence and sexual offences,Investigation complete; no suspect identified,
a4deccb1b888cba98397b86f0d2d478bfa77f73a72182305418c232f9d1c4a28,2023-06,North Wales Police,North Wales Police,-3.753871,53.310002,On or near Marlborough Drive,W01000158,Conwy 004D,Violence and sexual offences,Unable to prosecute suspect,
b3d8a6b9bb32c16b61e23270b6b25eca42a574afbc74a79f4f6a548a4bda6b10,2023-06,North Wales Police,North Wales Police,-3.752634,53.311684,On or near Second Avenue,W01000158,Conwy 004D,Other crime,Unable to prosecute suspect,
,2023-06,North Wales Police,North Wales Police,-3.529153,53.309014,On or near Aled Gardens,W01000149,Conwy 005A,Anti-social behaviour,,
,2023-06,North Wales Police,North Wales Police,-3.529153,53.309014,On or near Aled Gardens,W01000149,Conwy 005A,Anti-social behaviour,,
933909546ff65464583e4df4a933f93ce52ca4570dbb4a418af55509bedf66fe,2023-06,North Wales Police,North Wales Police,-3.520978,53.308741,On or near Moelwyn Avenue West,W01000149,Conwy 005A,Burglary,Investigation complete; no suspect identified,
25e0f7b8b9515d0df931035e024380c6ff5e44517717805a0067a198b75f1f9a,2023-06,North Wales Police,North Wales Police,-3.525621,53.308053,On or near Sea View Court,W01000149,Conwy 005A,Burglary,Investigation complete; no suspect identified,
c46f92bffd788d7c6674106df4b85729c859ab2ce8940902b017d98928c62353,2023-06,North Wales Police,North Wales Police,-3.529153,53.309014,On or near Aled Gardens,W01000149,Conwy 005A,Criminal damage and arson,Court result unavailable,
ab60ddd6b981cfaf19d4798a10fb9dbb973ca7878ac4aa88f53325f243e4bfde,2023-06,North Wales Police,North Wales Police,-3.523784,53.306206,On or near Parc Morfa,W01000149,Conwy 005A,Criminal damage and arson,Unable to prosecute suspect,
74c9869e139351b90a446b1b2272bb9c90ba45e7407b9c48d55a5b32580ff563,2023-06,North Wales Police,North Wales Police,-3.519670,53.310367,On or near The Square,W01000149,Conwy 005A,Criminal damage and arson,Unable to prosecute suspect,
3caea52880729a12535e3f201794848533d4ec7b91a5b53e897ace7a60fbd60d,2023-06,North Wales Police,North Wales Police,-3.526599,53.310647,On or near The Circle,W01000149,Conwy 005A,Public order,Unable to prosecute suspect,
5d9500b8569bdb48a3eada503842715accb457c013604a7c81a0da73b0a41a20,2023-06,North Wales Police,North Wales Police,-3.522562,53.306456,On or near Lon Olwen,W01000149,Conwy 005A,Public order,Unable to prosecute suspect,
dafad2d5f5b76c954ffa797f379c09c61ae9d6e06cd70bef8cbfbc2534b1a7df,2023-06,North Wales Police,North Wales Police,-3.522562,53.306456,On or near Lon Olwen,W01000149,Conwy 005A,Public order,Unable to prosecute suspect,
e87ffac78af43132507381fc7473ee561d3129ffbb6146c49f1401e4e11caf6c,2023-06,North Wales Police,North Wales Police,-3.529153,53.309014,On or near Aled Gardens,W01000149,Conwy 005A,Violence and sexual offences,Unable to prosecute suspect,
78c4d9194f64678e922f994151f5c20c2eedaa9ffeab5bac35df3339e1893acc,2023-06,North Wales Police,North Wales Police,-3.519689,53.310897,On or near Parking Area,W01000149,Conwy 005A,Violence and sexual offences,Unable to prosecute suspect,
b58e0b4c405e7a00504085e30c676b687319cee84350a91c04189f80cc619c06,2023-06,North Wales Police,North Wales Police,-3.522562,53.306456,On or near Lon Olwen,W01000149,Conwy 005A,Violence and sexual offences,Action to be taken by another organisation,
d1dd9b9f5801817d3dd1a0c666182d49c85d3ec53538b4c1de04707278282cbb,2023-06,North Wales Police,North Wales Police,-3.519689,53.310897,On or near Parking Area,W01000149,Conwy 005A,Violence and sexual offences,Unable to prosecute suspect,
,2023-06,North Wales Police,North Wales Police,-3.513635,53.302722,On or near Lowther Close,W01000150,Conwy 005B,Anti-social behaviour,,
,2023-06,North Wales Police,North Wales Police,-3.515119,53.301399,On or near Lyndon Drive,W01000150,Conwy 005B,Anti-social behaviour,,
1ce4a24fb2a2168baadea40e31870784feabb92d698b593ab4fe592f180919cd,2023-06,North Wales Police,North Wales Police,-3.517590,53.308847,On or near Trem-Y-Ffair,W01000150,Conwy 005B,Other theft,Investigation complete; no suspect identified,
562ffeee888683149981bc4fc6d52d60a8516fbebe0aef36486ea11612f19117,2023-06,North Wales Police,North Wales Police,-3.517194,53.306147,On or near Glandwr Crescent,W01000150,Conwy 005B,Shoplifting,Investigation complete; no suspect identified,
3ec04342558b5efd9248c4c03f99aecd4b1d4349505165702e550ff5e917fd0b,2023-06,North Wales Police,North Wales Police,-3.508977,53.299140,On or near Parc Gwellyn,W01000150,Conwy 005B,Violence and sexual offences,Unable to prosecute suspect,
c05bfc5a69837d5d961c9bc89466a3773d5b2ddedc7ca2e4a9ebb1ca7fec3695,2023-06,North Wales Police,North Wales Police,-3.513970,53.299463,On or near Cwrt Hyde,W01000150,Conwy 005B,Violence and sexual offences,Formal action is not in the public interest,
66242c68a0ce96f8ed9e3db0c2b6d1fcdad2a4d312ac6147b2d439a733c329a8,2023-06,North Wales Police,North Wales Police,-3.513970,53.299463,On or near Cwrt Hyde,W01000150,Conwy 005B,Violence and sexual offences,Formal action is not in the public interest,
bf70d205e4e8f393963efa293eb3c7c695c2be52accfc19eeed8a2afad48f5e6,2023-06,North Wales Police,North Wales Police,-3.517659,53.308262,On or near Llys-Y-Marchog,W01000150,Conwy 005B,Violence and sexual offences,Unable to prosecute suspect,
9a1a0605d0cd44bed8b25a44959430b19f9aa613208eabc51a44b18ffcde527b,2023-06,North Wales Police,North Wales Police,-3.515067,53.302470,On or near Bryn Elian Grove,W01000150,Conwy 005B,Violence and sexual offences,Unable to prosecute suspect,
a5677cadf26070a20f55c04c065cb93eb26bd98f79dfb47e34fe7e26e31f1ae1,2023-06,North Wales Police,North Wales Police,-3.513970,53.299463,On or near Cwrt Hyde,W01000150,Conwy 005B,Violence and sexual offences,Unable to prosecute suspect,
00efeb4f853749aa02cf64d054dea9be2969efc76a325d9efed3fa74cf18c8c6,2023-06,North Wales Police,North Wales Police,-3.514683,53.296281,On or near Kingsway,W01000150,Conwy 005B,Violence and sexual offences,Investigation complete; no suspect identified,
3559c31fdff21d39e8b733b85b510d05c06efb43c209f0ae65a0c03a3b7d64b2,2023-06,North Wales Police,North Wales Police,-3.521670,53.302026,On or near Argoed,W01000151,Conwy 005C,Other theft,Unable to prosecute suspect,
,2023-06,North Wales Police,North Wales Police,-3.524213,53.301382,On or near Cynlas,W01000151,Conwy 005C,Anti-social behaviour,,
,2023-06,North Wales Police,North Wales Police,-3.522995,53.304688,On or near Llugwy Road,W01000151,Conwy 005C,Anti-social behaviour,,
,2023-06,North Wales Police,North Wales Police,-3.525260,53.303805,On or near Sports/Recreation Area,W01000151,Conwy 005C,Anti-social behaviour,,
00a9e699de04fa9c7a33ffcd0954af4a3f7336372c0008ed62c6a54d994c5b49,2023-06,North Wales Police,North Wales Police,-3.521670,53.302026,On or near Argoed,W01000151,Conwy 005C,Criminal damage and arson,Investigation complete; no suspect identified,
527461c2d638adad0d690e984b06d75bbd1811bf3f65c02df19d7875f9c27803,2023-06,North Wales Police,North Wales Police,-3.521670,53.302026,On or near Argoed,W01000151,Conwy 005C,Criminal damage and arson,Court result unavailable,
7c72c62c06de54803d2255323196810014f7315bb4c13cb49ee8ffcf6875a4a5,2023-06,North Wales Police,North Wales Police,-3.521670,53.302026,On or near Argoed,W01000151,Conwy 005C,Criminal damage and arson,Investigation complete; no suspect identified,
6a37ab4366f756897d5a30fa06c57f44ad19831d3a29bd8da11df85b2ba5c939,2023-06,North Wales Police,North Wales Police,-3.512834,53.305087,On or near Trefnant Avenue,W01000151,Conwy 005C,Criminal damage and arson,Investigation complete; no suspect identified,
3fbcb78163d6ef0bc95ec962ef7aef710cbc8c25fdc196cc467f4adf21586031,2023-06,North Wales Police,North Wales Police,-3.524213,53.301382,On or near Cynlas,W01000151,Conwy 005C,Other theft,Unable to prosecute suspect,
6e3a0228b2ab625c166de92acff38e959494069d90214a9da5fb3e4f780eff85,2023-06,North Wales Police,North Wales Police,-3.519764,53.302869,On or near Maesgwyn,W01000151,Conwy 005C,Possession of weapons,Court result unavailable,
71cd036a36208efcc608330d1999e6d56b9964cd96b8d83955ef953e6b004083,2023-06,North Wales Police,North Wales Police,-3.512293,53.303809,On or near Llys Dafydd,W01000151,Conwy 005C,Public order,Unable to prosecute suspect,
1947caf96fbb48435803e394a97cdeedaea32c2180a8aee83b5d1a2e57db0b59,2023-06,North Wales Police,North Wales Police,-3.521670,53.302026,On or near Argoed,W01000151,Conwy 005C,Shoplifting,Investigation complete; no suspect identified,
3e0357ec597e4e11a2163722eaf2f5280def6167b372bb1c31be26a38382cadb,2023-06,North Wales Police,North Wales Police,-3.509582,53.302683,On or near Hafan Yr Ewyn,W01000151,Conwy 005C,Vehicle crime,Investigation complete; no suspect identified,
95d353af22fdb61d2f44066e0e849b84184f3796f2485889eb97ee51970b7601,2023-06,North Wales Police,North Wales Police,-3.524213,53.301382,On or near Cynlas,W01000151,Conwy 005C,Violence and sexual offences,Action to be taken by another organisation,
,2023-06,North Wales Police,North Wales Police,-3.517252,53.307800,On or near Llys Pendefig,W01000152,Conwy 005D,Anti-social behaviour,,
ed48a9153927544ff94bf6d2309c7c533165f8888ea930ffac60b0b99fee5ced,2023-06,North Wales Police,North Wales Police,-3.514004,53.313568,On or near Southlands Road,W01000152,Conwy 005D,Bicycle theft,Investigation complete; no suspect identified,
dc8c7ebb050d376862307fcb2544a279a7c5b229e7ddf9b9df75587cb6b34e91,2023-06,North Wales Police,North Wales Police,-3.516850,53.312534,On or near Betws Avenue,W01000152,Conwy 005D,Drugs,Court result unavailable,
4a0992898266694d4de9dec7714a03dcce3d6bfbe5cf45ad82dd07af23aca187,2023-06,North Wales Police,North Wales Police,-3.519016,53.313090,On or near Roland Avenue,W01000152,Conwy 005D,Other theft,Investigation complete; no suspect identified,
81d72bbdd78c69779fcb4470d05ce372c00c03197be951cfbd521a22e3160f44,2023-06,North Wales Police,North Wales Police,-3.511508,53.312161,On or near Llys Glanrafon,W01000152,Conwy 005D,Other theft,Status update unavailable,
bdf105ac64001744f2726b44dfb91f8f9c7811730d1ef6f9fe63bc7bef02f4d3,2023-06,North Wales Police,North Wales Police,-3.521476,53.312196,On or near Astley Court,W01000152,Conwy 005D,Other theft,Investigation complete; no suspect identified,
2d8f0daed2cf635b6d2aa7b2f35da95f6c1a2cd03c61c1bebedf3a4d140ae76a,2023-06,North Wales Police,North Wales Police,-3.516850,53.312534,On or near Betws Avenue,W01000152,Conwy 005D,Other theft,Unable to prosecute suspect,
78a0ebf4ce07cfc54358c8df2fd4261163aac6b36e1b3f9023b71ae1932444b5,2023-06,North Wales Police,North Wales Police,-3.516850,53.312534,On or near Betws Avenue,W01000152,Conwy 005D,Possession of weapons,Unable to prosecute suspect,
7487daaea4532bcb91f8345c6a83b432952d327d150c11b5fc0364024e3db9ab,2023-06,North Wales Police,North Wales Police,-3.517252,53.307800,On or near Llys Pendefig,W01000152,Conwy 005D,Public order,Court result unavailable,
7dd6c8498c590eb1be1a7f7be78beea6e08284f3d3834c92c1dfb93446d0243d,2023-06,North Wales Police,North Wales Police,-3.517252,53.307800,On or near Llys Pendefig,W01000152,Conwy 005D,Vehicle crime,Investigation complete; no suspect identified,
5ba51e54e152d4f284a908d410ff794d6f6d0caf1228040bad8f6881efcc5d2c,2023-06,North Wales Police,North Wales Police,-3.511474,53.312916,On or near Wellington Road,W01000152,Conwy 005D,Violence and sexual offences,Investigation complete; no suspect identified,
74b2b6c50006df2de5cae8cd38d1887f4b0e1f2c40ed309f6d5d6e139fd82432,2023-06,North Wales Police,North Wales Police,-3.511474,53.312916,On or near Wellington Road,W01000152,Conwy 005D,Violence and sexual offences,Unable to prosecute suspect,
e894768c249f7c847fa0efc0c025915a597eeb0fa881335ddafd43c70248e6bb,2023-06,North Wales Police,North Wales Police,-3.514004,53.313568,On or near Southlands Road,W01000152,Conwy 005D,Violence and sexual offences,Unable to prosecute suspect,
f7a6a9610bdab2d7ef58215d5d9018326c4becc46e01ac7cb6edf761d23ebf90,2023-06,North Wales Police,North Wales Police,-3.511474,53.312916,On or near Wellington Road,W01000152,Conwy 005D,Violence and sexual offences,Investigation complete; no suspect identified,
3d83f27057361789c9b9a3c6aef6c7807a7de58c25158abc67bb6bc364de0a7f,2023-06,North Wales Police,North Wales Police,-3.512464,53.312454,On or near Plas Foryd,W01000152,Conwy 005D,Violence and sexual offences,Action to be taken by another organisation,
bc3e3132939df240f33f1941fd32107931c121f193f0cdf85b9b2b8961c1fde5,2023-06,North Wales Police,North Wales Police,-3.517629,53.312074,On or near Moelwyn Avenue North,W01000152,Conwy 005D,Violence and sexual offences,Unable to prosecute suspect,
0891df19fe985c6851349a0a565b0f50e77f8082ca277802347f8d99ca576fbd,2023-06,North Wales Police,North Wales Police,-3.517252,53.307800,On or near Llys Pendefig,W01000152,Conwy 005D,Violence and sexual offences,Unable to prosecute suspect,
13516f0f30809eb84b5bed06190614164b37ef0566427ab1cb00365c5e64ac43,2023-06,North Wales Police,North Wales Police,-3.511474,53.312916,On or near Wellington Road,W01000152,Conwy 005D,Violence and sexual offences,Investigation complete; no suspect identified,
a92e3c85c249f74d733b91c785c4408cc44db5d88666612d45fa409bd142cf8e,2023-06,North Wales Police,North Wales Police,-3.516850,53.312534,On or near Betws Avenue,W01000152,Conwy 005D,Violence and sexual offences,Investigation complete; no suspect identified,
300c8c48b114ef1165c47f4ea1ff970029149f2b289ecff38b82716c6057d287,2023-06,North Wales Police,North Wales Police,-3.553136,53.299876,On or near Towyn Road,W01000184,Conwy 005E,Criminal damage and arson,Unable to prosecute suspect,
,2023-06,North Wales Police,North Wales Police,-3.539094,53.299142,On or near Bryn Teg,W01000184,Conwy 005E,Anti-social behaviour,,
,2023-06,North Wales Police,North Wales Police,-3.553136,53.299876,On or near Towyn Road,W01000184,Conwy 005E,Anti-social behaviour,,
,2023-06,North Wales Police,North Wales Police,-3.543695,53.296484,On or near Trem-Y-Castell,W01000184,Conwy 005E,Anti-social behaviour,,
,2023-06,North Wales Police,North Wales Police,-3.539667,53.300060,On or near Awelon,W01000184,Conwy 005E,Anti-social behaviour,,
8474132e1b52d2c55aa1a20b8c6a0f24d1ceb447d1a9eff950bbcb06be342e30,2023-06,North Wales Police,North Wales Police,-3.544076,53.302475,On or near Wendover Avenue,W01000184,Conwy 005E,Bicycle theft,Investigation complete; no suspect identified,
8506d702d6c8bd605272d850a3ce551d9782b8a182e7130e91558d6f030dc1e4,2023-06,North Wales Police,North Wales Police,-3.544076,53.302475,On or near Wendover Avenue,W01000184,Conwy 005E,Bicycle theft,Investigation complete; no suspect identified,
e3a39060da7ae590850a059d264b326e38072f7c43c7c8bb8c9614b1d4be97a9,2023-06,North Wales Police,North Wales Police,-3.553136,53.299876,On or near Towyn Road,W01000184,Conwy 005E,Criminal damage and arson,Unable to prosecute suspect,
66840805e145615d0c42317ad4b1260fbdbfae9367ccc03a9fd5d6b5cef2bb17,2023-06,North Wales Police,North Wales Police,-3.541180,53.302486,On or near Parking Area,W01000184,Conwy 005E,Criminal damage and arson,Investigation complete; no suspect identified,
07c52be604af38d9d6c29265b6168cf8550e206001a5e09fe8eaecb6c7c949ac,2023-06,North Wales Police,North Wales Police,-3.541180,53.302486,On or near Parking Area,W01000184,Conwy 005E,Criminal damage and arson,Unable to prosecute suspect,
28c841f928502b0e121459703fb7602439e9c06eb13842cfe44b17fd2f1c87c6,2023-06,North Wales Police,North Wales Police,-3.534795,53.301876,On or near Llys Tudor,W01000184,Conwy 005E,Criminal damage and arson,Investigation complete; no suspect identified,
c31c455ed401c59dfcad7ae9250e8561266af4ee9a932ed1a4996b2fecc5e095,2023-06,North Wales Police,North Wales Police,-3.535218,53.305727,On or near Peris Avenue,W01000184,Conwy 005E,Drugs,Status update unavailable,
d98878ce262c43e8471910c86d98c87a3ef3430fbec2260af88522b9aa9e487b,2023-06,North Wales Police,North Wales Police,-3.535218,53.305727,On or near Peris Avenue,W01000184,Conwy 005E,Drugs,Court result unavailable,
419dd38fffae2de267a5905465eb19dd422e0d88ed37264071f6795b66ad1eb6,2023-06,North Wales Police,North Wales Police,-3.537099,53.302098,On or near Llys Arthur,W01000184,Conwy 005E,Other theft,Investigation complete; no suspect identified,
436ab34f26c980fabbfffa3db87b33af5977141ad4e30f09a9df4e17eff4c38d,2023-06,North Wales Police,North Wales Police,-3.553136,53.299876,On or near Towyn Road,W01000184,Conwy 005E,Public order,Unable to prosecute suspect,
7361f757e7a1b2b0d65c73c2ce6d34c1bf08b4dc8bf06627e278e07334c2d059,2023-06,North Wales Police,North Wales Police,-3.537099,53.302098,On or near Llys Arthur,W01000184,Conwy 005E,Public order,Unable to prosecute suspect,
c0e4c834f0a7e428b65ce1b298a0ddef75db6f615de548bd2f12d99c3aa248a6,2023-06,North Wales Police,North Wales Police,-3.541180,53.302486,On or near Parking Area,W01000184,Conwy 005E,Public order,Unable to prosecute suspect,
5ad1f03e6d84f309328706f469956450380378b773ac936fed84d957ef5f58b3,2023-06,North Wales Police,North Wales Police,-3.531076,53.297321,On or near Parc Y Castell,W01000184,Conwy 005E,Public order,Investigation complete; no suspect identified,
d0488a7ebe5f480736cfec517c3ed2c246bfd4803adaa530b304ae2207b4f7af,2023-06,North Wales Police,North Wales Police,-3.540019,53.303166,On or near Bryn Road,W01000184,Conwy 005E,Public order,Investigation complete; no suspect identified,
23b81c4f6478cf48f49a426c1216add24c059ad5c05f4629b836d004d635ec58,2023-06,North Wales Police,North Wales Police,-3.542678,53.301172,On or near Towyn Road,W01000184,Conwy 005E,Shoplifting,Investigation complete; no suspect identified,
14648acbaa7abe023910e8e56fd89f81b02e9267b97532f4fc6a64e23479b95e,2023-06,North Wales Police,North Wales Police,-3.542446,53.302649,On or near Maes Y Llan,W01000184,Conwy 005E,Vehicle crime,Investigation complete; no suspect identified,
51f7157533d5b8fef1da76280782e2bfe6f6bb6e2dd2408d577c02c1a16c0b70,2023-06,North Wales Police,North Wales Police,-3.553136,53.299876,On or near Towyn Road,W01000184,Conwy 005E,Vehicle crime,Investigation complete; no suspect identified,
0416bf7458bea5d238e0f1e34149d02961dbf0cc4655aca4f36813a05e79335a,2023-06,North Wales Police,North Wales Police,-3.535218,53.305727,On or near Peris Avenue,W01000184,Conwy 005E,Violence and sexual offences,Unable to prosecute suspect,
06a3dce9783b57b22862accc89f611af5b3d58600aa4a23c7e0c1482e3936c40,2023-06,North Wales Police,North Wales Police,-3.553136,53.299876,On or near Towyn Road,W01000184,Conwy 005E,Violence and sexual offences,Unable to prosecute suspect,
6d08533f3a1576ca018335687838ea873e1c7e91fc34ee44dba66a0aa823cea5,2023-06,North Wales Police,North Wales Police,-3.541891,53.299735,On or near Llys Nant,W01000184,Conwy 005E,Violence and sexual offences,Unable to prosecute suspect,
7e428d7e80427682ce6974e054868f26a9c451dca335b7eace22517c4105c15c,2023-06,North Wales Police,North Wales Police,-3.535218,53.305727,On or near Peris Avenue,W01000184,Conwy 005E,Violence and sexual offences,Unable to prosecute suspect,
24adaabe87bf88ed070907a0528b3b8e9fcc8b6b5e81aa5f6952a7304b4cad1c,2023-06,North Wales Police,North Wales Police,-3.544106,53.282500,On or near Rhuddlan Road,W01000184,Conwy 005E,Violence and sexual offences,Status update unavailable,
a8760c0d161245f178dccdc38d7c058a9bb7004ffd224a43c76f8e6d8cc53835,2023-06,North Wales Police,North Wales Police,-3.537099,53.302098,On or near Llys Arthur,W01000184,Conwy 005E,Violence and sexual offences,Formal action is not in the public interest,
747ad49b24aa5f62a65c2f887984857a0574598f2f6bdc298ad12522dabb9163,2023-06,North Wales Police,North Wales Police,-3.544076,53.302475,On or near Wendover Avenue,W01000184,Conwy 005E,Violence and sexual offences,Unable to prosecute suspect,
3e947946165945ab376dfd25a3072ee9174e0e6c2700252f23226775e8b3674d,2023-06,North Wales Police,North Wales Police,-3.535218,53.305727,On or near Peris Avenue,W01000184,Conwy 005E,Violence and sexual offences,Unable to prosecute suspect,
a10fbf1893ea7a1433fb34aa9544fb016e39740754eeffeefbb8ee1ee30b391b,2023-06,North Wales Police,North Wales Police,-3.553136,53.299876,On or near Towyn Road,W01000184,Conwy 005E,Violence and sexual offences,Unable to prosecute suspect,
be118fbfa08a038b48be2e9483d462264b3cedd2628cd710a516d0d650172aaa,2023-06,North Wales Police,North Wales Police,-3.553136,53.299876,On or near Towyn Road,W01000184,Conwy 005E,Violence and sexual offences,Unable to prosecute suspect,
76ed3737bf7a3fca4d6562e31629fdd52d9ce1e3ca9fa709b77ea531a7c49ccf,2023-06,North Wales Police,North Wales Police,-3.545243,53.304860,On or near San Remo Avenue,W01000184,Conwy 005E,Violence and sexual offences,Court result unavailable,
d9865d5aa2985889b997aafbcfb6054f4c213a1eba09349b1c762f7a4d50d303,2023-06,North Wales Police,North Wales Police,-3.553136,53.299876,On or near Towyn Road,W01000184,Conwy 005E,Violence and sexual offences,Unable to prosecute suspect,
bdca00ada9348cfa31d12131fa3eab4c9f0871dab9756cf32b2f9b9eb00fdf5b,2023-06,North Wales Police,North Wales Police,-3.553136,53.299876,On or near Towyn Road,W01000184,Conwy 005E,Violence and sexual offences,Unable to prosecute suspect,
0ff43ce9a896131ed78012a2287b7d30895993ad7a5681b41ac280159e6d3279,2023-06,North Wales Police,North Wales Police,-3.535218,53.305727,On or near Peris Avenue,W01000184,Conwy 005E,Violence and sexual offences,Investigation complete; no suspect identified,
2690fc782f441550716dcdd973fe0ed2435345fe9a4227c5b12f99ac93759e7b,2023-06,North Wales Police,North Wales Police,-3.534795,53.301876,On or near Llys Tudor,W01000184,Conwy 005E,Violence and sexual offences,Unable to prosecute suspect,
8b472c7b07571f5f1b52844bc6819c957e19b0176dbb54c2661fb13e35fd5792,2023-06,North Wales Police,North Wales Police,-3.535218,53.305727,On or near Peris Avenue,W01000184,Conwy 005E,Violence and sexual offences,Court result unavailable,
c09361ad2e576490ba7cef679981e03386780a5a63848bd5b6c6a9cbe963c904,2023-06,North Wales Police,North Wales Police,-3.535218,53.305727,On or near Peris Avenue,W01000184,Conwy 005E,Violence and sexual offences,Investigation complete; no suspect identified,
17bfb153469ac3e697039673e88d4cc55331a4f4d6079dc1bb33baab249e46d9,2023-06,North Wales Police,North Wales Police,-3.539667,53.300060,On or near Awelon,W01000184,Conwy 005E,Violence and sexual offences,Unable to prosecute suspect,
7ac4255b5ffbbc9399799f53c62451268d0eec2297a2ae9adc33e7081722437e,2023-06,North Wales Police,North Wales Police,-3.535218,53.305727,On or near Peris Avenue,W01000184,Conwy 005E,Violence and sexual offences,Unable to prosecute suspect,
8a512f91d4a16791095913c9f6765ef9a25f52c8c08af3589d5052e142fd54a9,2023-06,North Wales Police,North Wales Police,-3.537099,53.302098,On or near Llys Arthur,W01000184,Conwy 005E,Violence and sexual offences,Investigation complete; no suspect identified,
23cf520695993577205d507aac8503a9e9633547486a16681fd7113f1b100554,2023-06,North Wales Police,North Wales Police,-3.535218,53.305727,On or near Peris Avenue,W01000184,Conwy 005E,Violence and sexual offences,Court result unavailable,
2e980ffb7a835d31cda1b8f61a140cc0f8e2b0717d89e814b444d34a50022a5d,2023-06,North Wales Police,North Wales Police,-3.553136,53.299876,On or near Towyn Road,W01000184,Conwy 005E,Violence and sexual offences,Unable to prosecute suspect,
8c743a2478924f379d9671b021d66c1e6a6c74fa7bf4e08b45d64d193fd030d3,2023-06,North Wales Police,North Wales Police,-3.553136,53.299876,On or near Towyn Road,W01000184,Conwy 005E,Violence and sexual offences,Unable to prosecute suspect,
84fbc1cc7c73b79d4934f858a683371be4493e2d1be03d643fc293b73ff90593,2023-06,North Wales Police,North Wales Police,-3.541180,53.302486,On or near Parking Area,W01000184,Conwy 005E,Violence and sexual offences,Investigation complete; no suspect identified,
58f3bd1c28062e3a6dc4afff469b180e7c33e7ad1b55debbb623293df34c99bd,2023-06,North Wales Police,North Wales Police,-3.541180,53.302486,On or near Parking Area,W01000184,Conwy 005E,Violence and sexual offences,Court result unavailable,
95dfa1e4c286cec8d188b97206ed2dd8c933abcfc67b1543f49bee205dde9eca,2023-06,North Wales Police,North Wales Police,-3.826431,53.305119,On or near Maes Briallon,W01000135,Conwy 006A,Criminal damage and arson,Investigation complete; no suspect identified,
c59726a5276557c5e67432dcc9478d98a46e5be1fbcaa1545ef8ecaed63df5cd,2023-06,North Wales Police,North Wales Police,-3.813244,53.305231,On or near Cae Rhos,W01000135,Conwy 006A,Violence and sexual offences,Unable to prosecute suspect,
4cacb4a0a9f10b107f60415f94a22356bcc73ba8a296f531bad049fc7968bfb6,2023-06,North Wales Police,North Wales Police,-3.817692,53.302897,On or near Bryn Maelgwyn Lane,W01000135,Conwy 006A,Violence and sexual offences,Investigation complete; no suspect identified,
a12cb995460f3c28ccb1293053b4ea0dfdbc71abbf8dbd6d429a924bbb34e52f,2023-06,North Wales Police,North Wales Police,-3.813244,53.305231,On or near Cae Rhos,W01000135,Conwy 006A,Violence and sexual offences,Unable to prosecute suspect,
248fb36cc5297592d043d7a091de9470a8e7e974588582e62a4adce95803024a,2023-06,North Wales Police,North Wales Police,-3.817692,53.302897,On or near Bryn Maelgwyn Lane,W01000135,Conwy 006A,Violence and sexual offences,Investigation complete; no suspect identified,
5636519063907127a16be4485aef4ee679ddec9e7c007523975bc865fa166878,2023-06,North Wales Police,North Wales Police,-3.827554,53.302926,On or near Arfryn,W01000135,Conwy 006A,Violence and sexual offences,Unable to prosecute suspect,
92eece60ceb322ee386c33d23fa1752c74778ea497cc36fcb05c9db3b2f846fc,2023-06,North Wales Police,North Wales Police,-3.827554,53.302926,On or near Arfryn,W01000135,Conwy 006A,Violence and sexual offences,Unable to prosecute suspect,
,2023-06,North Wales Police,North Wales Police,-3.822730,53.292931,On or near Maelgwyn Drive,W01000136,Conwy 006B,Anti-social behaviour,,
4e0f74934b39ab0f8d7c7cc08975c11e05d9f500b4276ce49ccb9a1572f1427e,2023-06,North Wales Police,North Wales Police,-3.834478,53.295709,On or near Back York Road,W01000136,Conwy 006B,Burglary,Status update unavailable,
6dc0d4bb60cad7e10862aca69e2ef4d89c59306d643b9ca74c201ad1bb56dd3c,2023-06,North Wales Police,North Wales Police,-3.821185,53.294331,On or near Tan-Y-Fron,W01000136,Conwy 006B,Other theft,Unable to prosecute suspect,
027e8fdd7df8d2a5546056d5c4ae4c1fb3d363f44d8a915030b2b37a2a6f288e,2023-06,North Wales Police,North Wales Police,-3.821029,53.293506,On or near Heulfryn,W01000136,Conwy 006B,Violence and sexual offences,Court result unavailable,
e2bfa3e85a032ff65df0113f2d1a024d6af019d3c0fd8ab473106b0cb1a33035,2023-06,North Wales Police,North Wales Police,-3.822730,53.292931,On or near Maelgwyn Drive,W01000136,Conwy 006B,Violence and sexual offences,Further investigation is not in the public interest,
55f48242bac8c46af83920d3f91af1b22ef838df8d4f3d2e0b7259cb15ef332f,2023-06,North Wales Police,North Wales Police,-3.822983,53.291462,On or near Park Road,W01000136,Conwy 006B,Violence and sexual offences,Court result unavailable,
,2023-06,North Wales Police,North Wales Police,-3.821065,53.290817,On or near Hillcrest Road,W01000165,Conwy 006C,Anti-social behaviour,,
58b7a058d81cf542a0c8640620fe0b3bea8d0335f32630fde7e808f32b5a44a2,2023-06,North Wales Police,North Wales Police,-3.821065,53.290817,On or near Hillcrest Road,W01000165,Conwy 006C,Burglary,Court result unavailable,
6380457d7566883a4f4cd36f08851ca9a490cf31bb1e623fc016bf0f3d269825,2023-06,North Wales Police,North Wales Police,-3.815319,53.287633,On or near St George'S Drive,W01000165,Conwy 006C,Violence and sexual offences,Further investigation is not in the public interest,
4456ed5d2cfe51f34b09d9659111897adfcd0dd9f01430fd1781fc3ee6691537,2023-06,North Wales Police,North Wales Police,-3.815577,53.285597,On or near New Road,W01000165,Conwy 006C,Violence and sexual offences,Investigation complete; no suspect identified,
50f4a3faf78c35eecd41356308d801a5c40216dfcc9e0a7be5bbf0ef9619accd,2023-06,North Wales Police,North Wales Police,-3.814853,53.289033,On or near Overlea Gardens,W01000165,Conwy 006C,Violence and sexual offences,Investigation complete; no suspect identified,
,2023-06,North Wales Police,North Wales Police,-3.811987,53.285490,On or near Ferndale Road,W01000166,Conwy 006D,Anti-social behaviour,,
,2023-06,North Wales Police,North Wales Police,-3.809026,53.285355,On or near Broad Street,W01000166,Conwy 006D,Anti-social behaviour,,
,2023-06,North Wales Police,North Wales Police,-3.809218,53.286332,On or near Plas Tre Marl,W01000166,Conwy 006D,Anti-social behaviour,,
,2023-06,North Wales Police,North Wales Police,-3.807955,53.294091,On or near Llys Wynne,W01000166,Conwy 006D,Anti-social behaviour,,
,2023-06,North Wales Police,North Wales Police,-3.810620,53.284018,On or near Cyffordd Llandudno,W01000166,Conwy 006D,Anti-social behaviour,,
,2023-06,North Wales Police,North Wales Police,-3.810620,53.284018,On or near Cyffordd Llandudno,W01000166,Conwy 006D,Anti-social behaviour,,
32fa628dd4e097174f03cd75f783cdaa09a9b01f084b595d4f306c32f55ef845,2023-06,North Wales Police,North Wales Police,-3.810620,53.284018,On or near Cyffordd Llandudno,W01000166,Conwy 006D,Criminal damage and arson,Unable to prosecute suspect,
bc0f4dcfa0948aff5ee9094b10cd0f1ed9952a12f69d513c12a6bac932c12818,2023-06,North Wales Police,North Wales Police,-3.809458,53.289879,On or near Y Glyn,W01000166,Conwy 006D,Criminal damage and arson,Unable to prosecute suspect,
66b855eb1e24bc7765d71e4c4fa79b1ec1ade8c3438ba5c6703f6cc6af5876cb,2023-06,North Wales Police,North Wales Police,-3.815867,53.295967,On or near Parc Pentwyn,W01000166,Conwy 006D,Criminal damage and arson,Court result unavailable,
977bc8939a029c4b3d3f102f306029f5f6945c6f62554cacc10ae98ac59b3cf8,2023-06,North Wales Police,North Wales Police,-3.807078,53.288603,On or near Marl Avenue,W01000166,Conwy 006D,Criminal damage and arson,Investigation complete; no suspect identified,
b6c77e7341ec1ef51e1d862de14de6833a950e854998b21abe785ea4d809f910,2023-06,North Wales Police,North Wales Police,-3.810620,53.284018,On or near Cyffordd Llandudno,W01000166,Conwy 006D,Shoplifting,Investigation complete; no suspect identified,
dc29f286e4a3d7c405862e9da3674a43a4f4e905ae8b8480164d4259f40d3017,2023-06,North Wales Police,North Wales Police,-3.810620,53.284018,On or near Cyffordd Llandudno,W01000166,Conwy 006D,Shoplifting,Investigation complete; no suspect identified,
2a82f396b63fcd0620483b2fc237964249cc99b245506a17ba366faa37b756da,2023-06,North Wales Police,North Wales Police,-3.810620,53.284018,On or near Cyffordd Llandudno,W01000166,Conwy 006D,Shoplifting,Investigation complete; no suspect identified,
cc22ed90e5df95145b02eedc521fcb25625ffdfccd44b9c6d2c4cd0cfdfd7f0c,2023-06,North Wales Police,North Wales Police,-3.806181,53.287960,On or near Marl Drive,W01000166,Conwy 006D,Violence and sexual offences,Unable to prosecute suspect,
874ed34b258d4a47da6adf999fa92d5481bb588512191befa6754cf0ddaaf893,2023-06,North Wales Police,North Wales Police,-3.802168,53.287436,On or near Parc Castell,W01000166,Conwy 006D,Violence and sexual offences,Unable to prosecute suspect,
a16631802a857f5cb84ba91237dc701ec1f557fd6a676fbed8c6e8850fe18e15,2023-06,North Wales Police,North Wales Police,-3.809685,53.294200,On or near Woodlands,W01000166,Conwy 006D,Violence and sexual offences,Action to be taken by another organisation,
521685a4211bd2da068f9bed5598e6d62e33c2a9d9e96c767b1ac292e1d0f747,2023-06,North Wales Police,North Wales Police,-3.807955,53.294091,On or near Llys Wynne,W01000166,Conwy 006D,Violence and sexual offences,Unable to prosecute suspect,
2e1c9722bdc2f68cf4218130f6e84fdf3c810a64d2027f689684a89db91f8507,2023-06,North Wales Police,North Wales Police,-3.807686,53.290922,On or near Clos Belyn,W01000166,Conwy 006D,Violence and sexual offences,Unable to prosecute suspect,
4714f958dd67193a6f7c70d4c4d88bdfa5996ed5fafc919aa5d4662e1de394c4,2023-06,North Wales Police,North Wales Police,-3.809360,53.291481,On or near Llys Onnen,W01000166,Conwy 006D,Violence and sexual offences,Action to be taken by another organisation,
f782b7320d71fa68445e2b082a11a9a29df0363739e4e48c990e2f71a032ee93,2023-06,North Wales Police,North Wales Police,-3.809218,53.286332,On or near Plas Tre Marl,W01000166,Conwy 006D,Violence and sexual offences,Unable to prosecute suspect,
ebc7d6d06c908b51ecece7bfb24264e3834589b9d75c4f1592d3b53ddeaf8b3b,2023-06,North Wales Police,North Wales Police,-3.811829,53.288845,On or near Lon Goed,W01000166,Conwy 006D,Violence and sexual offences,Unable to prosecute suspect,
1b6a7bd12ed90ee8293ae9523b1fc9f71d06e8196465266e36286bc312d5fc0f,2023-06,North Wales Police,North Wales Police,-3.810620,53.284018,On or near Cyffordd Llandudno,W01000166,Conwy 006D,Violence and sexual offences,Unable to prosecute suspect,
1904d2e46cf437ead9dd54965c7bbdf87dddb4cc4c0b365b1e52b6d64491d85a,2023-06,North Wales Police,North Wales Police,-3.810620,53.284018,On or near Cyffordd Llandudno,W01000166,Conwy 006D,Violence and sexual offences,Unable to prosecute suspect,
8cd2abb1276e7eae07c9917986987cde43625fb23b96b15c33f6f4d0b571f534,2023-06,North Wales Police,North Wales Police,-3.806181,53.287960,On or near Marl Drive,W01000166,Conwy 006D,Violence and sexual offences,Unable to prosecute suspect,
09af2e8fc850f239279d448dfdcf7985d3b3ce289a391daef2c366f53e09c8ef,2023-06,North Wales Police,North Wales Police,-3.809685,53.294200,On or near Woodlands,W01000166,Conwy 006D,Other crime,Action to be taken by another organisation,
6da2f2b86c2e6d6757ca78e8b56c088f475ac9ac50e2b4f5dd4fc50724c9be9d,2023-06,North Wales Police,North Wales Police,-3.711361,53.286716,On or near Fron Road,W01000139,Conwy 007A,Violence and sexual offences,Unable to prosecute suspect,
,2023-06,North Wales Police,North Wales Police,-3.705444,53.289192,On or near Kyffin Close,W01000139,Conwy 007A,Anti-social behaviour,,
6da4527066f67f7f97cb65a7f39a877c4b9c298d32114a83460f8f361c545719,2023-06,North Wales Police,North Wales Police,-3.710462,53.288248,On or near Hospital,W01000139,Conwy 007A,Criminal damage and arson,Unable to prosecute suspect,
4f0b74e4d62c5780d6d1f23f74e57b6b340b9c7c65c555ff52de4c7d6f277cf0,2023-06,North Wales Police,North Wales Police,-3.701692,53.290297,On or near Parking Area,W01000139,Conwy 007A,Criminal damage and arson,Investigation complete; no suspect identified,
de1769079f85a1d970a2aa59d01fb59c83e17c070a26980d7f8df09b657d68aa,2023-06,North Wales Police,North Wales Police,-3.706453,53.287407,On or near Windsor Drive,W01000139,Conwy 007A,Other theft,Unable to prosecute suspect,
7170b9f896b346b2777c6a0b332701732d61348a2665803b7ac44b1c3886356d,2023-06,North Wales Police,North Wales Police,-3.705444,53.289192,On or near Kyffin Close,W01000139,Conwy 007A,Possession of weapons,Unable to prosecute suspect,
79cf0119717485c8501afae16e96ea989e0b5ee98dc4ee994da0d2fa7b1b4adc,2023-06,North Wales Police,North Wales Police,-3.713155,53.288048,On or near Bryn Eirias Close,W01000139,Conwy 007A,Public order,Court result unavailable,
31d17608dd686b66794f9979c29e68bd539cf69a20e4cc1a14f9508d5095c1c6,2023-06,North Wales Police,North Wales Police,-3.705444,53.289192,On or near Kyffin Close,W01000139,Conwy 007A,Public order,Unable to prosecute suspect,
d77cf2c124f19eec2482f618eae9a26600a2d7266f699ecf8774a64115690613,2023-06,North Wales Police,North Wales Police,-3.705444,53.289192,On or near Kyffin Close,W01000139,Conwy 007A,Public order,Unable to prosecute suspect,
141ecce12336d2029c13c1e75f5b265b3e2d734005f4b93730773b7222b0bc83,2023-06,North Wales Police,North Wales Police,-3.710462,53.288248,On or near Hospital,W01000139,Conwy 007A,Violence and sexual offences,Investigation complete; no suspect identified,
d95ef4a7a820d2ae5fdf8fa582f49fd560874bca85ee9602a2ffaf6373d2dd79,2023-06,North Wales Police,North Wales Police,-3.706453,53.287407,On or near Windsor Drive,W01000139,Conwy 007A,Violence and sexual offences,Status update unavailable,
d51f36d104188a074d19cae64a6db5fc1ad1d0489d967f2121d05fdc12b18c8b,2023-06,North Wales Police,North Wales Police,-3.706453,53.287407,On or near Windsor Drive,W01000139,Conwy 007A,Violence and sexual offences,Unable to prosecute suspect,
63a13ff8df4c16b7c4a757ae14457157018e3d580e41213662a03c8620b87c3d,2023-06,North Wales Police,North Wales Police,-3.701692,53.290297,On or near Parking Area,W01000139,Conwy 007A,Violence and sexual offences,Investigation complete; no suspect identified,
159151cf5355f003cd52dce9c82412ffdc2be194801e00e379d478efd1812dec,2023-06,North Wales Police,North Wales Police,-3.710462,53.288248,On or near Hospital,W01000139,Conwy 007A,Violence and sexual offences,Unable to prosecute suspect,
80f20eb8730015c65292942d38014bb25408d568dcb230a1a25ca35b744ea48d,2023-06,North Wales Police,North Wales Police,-3.724268,53.291690,On or near Beech Mount,W01000143,Conwy 007B,Violence and sexual offences,Unable to prosecute suspect,
,2023-06,North Wales Police,North Wales Police,-3.724064,53.292961,On or near Rhiw Bank Avenue,W01000143,Conwy 007B,Anti-social behaviour,,
,2023-06,North Wales Police,North Wales Police,-3.724064,53.292961,On or near Rhiw Bank Avenue,W01000143,Conwy 007B,Anti-social behaviour,,
,2023-06,North Wales Police,North Wales Police,-3.726280,53.292479,On or near Victor Road,W01000143,Conwy 007B,Anti-social behaviour,,
,2023-06,North Wales Police,North Wales Police,-3.725497,53.292023,On or near Agnes Grove,W01000143,Conwy 007B,Anti-social behaviour,,
71fa41fa34a1a5f1ff68a7194684201cc3ee0cf8b26b453c7233059367d581fc,2023-06,North Wales Police,North Wales Police,-3.725962,53.293518,On or near Police Station,W01000143,Conwy 007B,Burglary,Status update unavailable,
e412bf8463120e113bdda41e64af18b2c96d87ab9132f55690faede441884a6c,2023-06,North Wales Police,North Wales Police,-3.727506,53.292362,On or near Grove Park West,W01000143,Conwy 007B,Burglary,Unable to prosecute suspect,
cb60c6dc38c10c0232dbc44aaa3db312eabf5acdd2613519cffeb98517a78565,2023-06,North Wales Police,North Wales Police,-3.725962,53.293518,On or near Police Station,W01000143,Conwy 007B,Criminal damage and arson,Investigation complete; no suspect identified,
d76133fb9c0898d0ff987efca9e500ca8daac0d86dc1321546591d56aeed094f,2023-06,North Wales Police,North Wales Police,-3.723838,53.293306,On or near A547,W01000143,Conwy 007B,Criminal damage and arson,Investigation complete; no suspect identified,
90e1a4b2062cce456e3ee86027bedae8f4fc682b903a958531e36d9838cabfc6,2023-06,North Wales Police,North Wales Police,-3.724952,53.291905,On or near Gladys Grove,W01000143,Conwy 007B,Other theft,Unable to prosecute suspect,
85cf645136124446f72619494a90a635f29250b8f3bda9cd328810e984e26803,2023-06,North Wales Police,North Wales Police,-3.725497,53.292023,On or near Agnes Grove,W01000143,Conwy 007B,Other theft,Unable to prosecute suspect,
0bedd9fb30c6de113a6b4d9122d7c5afe5fc6a479b86dd9d328fa8f0271a33ec,2023-06,North Wales Police,North Wales Police,-3.724064,53.292961,On or near Rhiw Bank Avenue,W01000143,Conwy 007B,Other theft,Unable to prosecute suspect,
a0d3f74be9616492f50c674bc64015f3e7f40ac7ab24f65269030b476e0068ac,2023-06,North Wales Police,North Wales Police,-3.725847,53.290301,On or near Grange Road,W01000143,Conwy 007B,Other theft,Investigation complete; no suspect identified,
ab97c284ab489a0dc7f38d3bd03905de3474a1822eb7283f21c14a0eb910a0b9,2023-06,North Wales Police,North Wales Police,-3.727506,53.292362,On or near Grove Park West,W01000143,Conwy 007B,Possession of weapons,Court result unavailable,
faec0f2f8f6ff6cf657901d06a3936848445c5031f592fc0dbab56f022cf2b43,2023-06,North Wales Police,North Wales Police,-3.725497,53.292023,On or near Agnes Grove,W01000143,Conwy 007B,Violence and sexual offences,Court result unavailable,
359559d00f2c8a1bc76c026a97361e05200a1a2f41c7a277feb7bcb70c05fcc2,2023-06,North Wales Police,North Wales Police,-3.726280,53.292479,On or near Victor Road,W01000143,Conwy 007B,Violence and sexual offences,Unable to prosecute suspect,
372eca34b171d1c4602047b803bb98cc70794800bed5bac27e735b6d594933b7,2023-06,North Wales Police,North Wales Police,-3.725497,53.292023,On or near Agnes Grove,W01000143,Conwy 007B,Violence and sexual offences,Status update unavailable,
85da300014e6675045c2f4b73de79b5543ad43791e752d671b1283211388e12b,2023-06,North Wales Police,North Wales Police,-3.724064,53.292961,On or near Rhiw Bank Avenue,W01000143,Conwy 007B,Violence and sexual offences,Unable to prosecute suspect,
fa98891fe887f1f61e8baa1062072ac5bb3b32db185a0f822eb920fa33b1b647,2023-06,North Wales Police,North Wales Police,-3.725962,53.293518,On or near Police Station,W01000143,Conwy 007B,Violence and sexual offences,Unable to prosecute suspect,
852356ed91d94dc25f113683156a4e898fd7d227fd4be99424bfae7051a2dc9a,2023-06,North Wales Police,North Wales Police,-3.725235,53.293339,On or near Douglas Road,W01000143,Conwy 007B,Violence and sexual offences,Unable to prosecute suspect,
cfe00bddc4f2b597d1a289d5f69d484498af96c0c278b0221b46b939ccbad840,2023-06,North Wales Police,North Wales Police,-3.724064,53.292961,On or near Rhiw Bank Avenue,W01000143,Conwy 007B,Violence and sexual offences,Unable to prosecute suspect,
55610a41865a8ada7b2c8a73ef31db4b0f015d9985688bf7f8665d510e208fb3,2023-06,North Wales Police,North Wales Police,-3.726280,53.292479,On or near Victor Road,W01000143,Conwy 007B,Violence and sexual offences,Unable to prosecute suspect,
14542f109da0e5b4e169caf038c54be8fc4c7f8a815969a0b121ddd1427fd13e,2023-06,North Wales Police,North Wales Police,-3.723838,53.293306,On or near A547,W01000143,Conwy 007B,Violence and sexual offences,Unable to prosecute suspect,
3b1ee683197f5eaabfc15ce7e54ef1c5148255253efbb1f0d0e30a2077f8593e,2023-06,North Wales Police,North Wales Police,-3.725235,53.293339,On or near Douglas Road,W01000143,Conwy 007B,Violence and sexual offences,Unable to prosecute suspect,
63071f9bc34e9f1d80c3020bdedfea92af9d519fa45a3430ee63a5273dc4f834,2023-06,North Wales Police,North Wales Police,-3.725235,53.293339,On or near Douglas Road,W01000143,Conwy 007B,Violence and sexual offences,Unable to prosecute suspect,
cdd95603e1619d8ae92b50e51aab76840f64a68bd5f0583ab2cd58f7631757a5,2023-06,North Wales Police,North Wales Police,-3.723838,53.293306,On or near A547,W01000143,Conwy 007B,Violence and sexual offences,Unable to prosecute suspect,
75ca3a2b8c80a18e4507ab1492d812bdd4bc20cf1cad019001f538db9f56d23f,2023-06,North Wales Police,North Wales Police,-3.724064,53.292961,On or near Rhiw Bank Avenue,W01000143,Conwy 007B,Violence and sexual offences,Investigation complete; no suspect identified,
,2023-06,North Wales Police,North Wales Police,-3.723838,53.293306,On or near A547,W01000144,Conwy 007C,Anti-social behaviour,,
,2023-06,North Wales Police,North Wales Police,-3.719902,53.292445,On or near Lawson Road,W01000144,Conwy 007C,Anti-social behaviour,,
,2023-06,North Wales Police,North Wales Police,-3.724453,53.295165,On or near Shopping Area,W01000144,Conwy 007C,Anti-social behaviour,,
,2023-06,North Wales Police,North Wales Police,-3.719902,53.292445,On or near Lawson Road,W01000144,Conwy 007C,Anti-social behaviour,,
,2023-06,North Wales Police,North Wales Police,-3.718917,53.294051,On or near Trevor Road,W01000144,Conwy 007C,Anti-social behaviour,,
,2023-06,North Wales Police,North Wales Police,-3.721247,53.292678,On or near Belgrave Road,W01000144,Conwy 007C,Anti-social behaviour,,
,2023-06,North Wales Police,North Wales Police,-3.718917,53.294051,On or near Trevor Road,W01000144,Conwy 007C,Anti-social behaviour,,
,2023-06,North Wales Police,North Wales Police,-3.724833,53.294172,On or near Back Bay View Road,W01000144,Conwy 007C,Anti-social behaviour,,
,2023-06,North Wales Police,North Wales Police,-3.719902,53.292445,On or near Lawson Road,W01000144,Conwy 007C,Anti-social behaviour,,
,2023-06,North Wales Police,North Wales Police,-3.722147,53.292674,On or near Back Belgrave Road,W01000144,Conwy 007C,Anti-social behaviour,,
,2023-06,North Wales Police,North Wales Police,-3.723838,53.293306,On or near A547,W01000144,Conwy 007C,Anti-social behaviour,,
,2023-06,North Wales Police,North Wales Police,-3.719902,53.292445,On or near Lawson Road,W01000144,Conwy 007C,Anti-social behaviour,,
,2023-06,North Wales Police,North Wales Police,-3.727605,53.294060,On or near Woodland Road East,W01000144,Conwy 007C,Anti-social behaviour,,
,2023-06,North Wales Police,North Wales Police,-3.724453,53.295165,On or near Shopping Area,W01000144,Conwy 007C,Anti-social behaviour,,
,2023-06,North Wales Police,North Wales Police,-3.724833,53.294172,On or near Back Bay View Road,W01000144,Conwy 007C,Anti-social behaviour,,
,2023-06,North Wales Police,North Wales Police,-3.722147,53.292674,On or near Back Belgrave Road,W01000144,Conwy 007C,Anti-social behaviour,,
,2023-06,North Wales Police,North Wales Police,-3.720590,53.290812,On or near Petrol Station,W01000144,Conwy 007C,Anti-social behaviour,,
,2023-06,North Wales Police,North Wales Police,-3.723838,53.293306,On or near A547,W01000144,Conwy 007C,Anti-social behaviour,,
,2023-06,North Wales Police,North Wales Police,-3.723838,53.293306,On or near A547,W01000144,Conwy 007C,Anti-social behaviour,,
,2023-06,North Wales Police,North Wales Police,-3.720324,53.291370,On or near The Dingle,W01000144,Conwy 007C,Anti-social behaviour,,
,2023-06,North Wales Police,North Wales Police,-3.719902,53.292445,On or near Lawson Road,W01000144,Conwy 007C,Anti-social behaviour,,
009f79be1ee977c2a8a3ed4ca7c5e07f9953af0ff915a3d3112c11851a0045ab,2023-06,North Wales Police,North Wales Police,-3.715743,53.290869,On or near Sports/Recreation Area,W01000144,Conwy 007C,Bicycle theft,Investigation complete; no suspect identified,
b67ea0631d06c732e559417053f6dd632fb2026d4a0395bf4d16b7497ff70f80,2023-06,North Wales Police,North Wales Police,-3.720738,53.294564,On or near Pendorlan Avenue,W01000144,Conwy 007C,Burglary,Unable to prosecute suspect,
bbbfd4cb44516141f2d82a5b59a5209c2350e5c5009bf499570a95e9c391b651,2023-06,North Wales Police,North Wales Police,-3.714366,53.292435,On or near Park/Open Space,W01000144,Conwy 007C,Criminal damage and arson,Local resolution,
af27a6434a5eaf1a8bc26b4c82ff1ecf541d5f5b1c920ac501fe01b0f51cff97,2023-06,North Wales Police,North Wales Police,-3.726806,53.295843,On or near Station Road,W01000144,Conwy 007C,Criminal damage and arson,Unable to prosecute suspect,
7c39c05fd1805309fe32b2eb7eba38c5f489d70494664364148dc187e7d69447,2023-06,North Wales Police,North Wales Police,-3.723838,53.293306,On or near A547,W01000144,Conwy 007C,Criminal damage and arson,Status update unavailable,
13260232d00ce0715c6feae20e4c5a00e253e60693932ccb4d4ae939cde9a359,2023-06,North Wales Police,North Wales Police,-3.727605,53.294060,On or near Woodland Road East,W01000144,Conwy 007C,Criminal damage and arson,Investigation complete; no suspect identified,
b2053916ba89cdd10a98a6f83c46ffa79f33cc97a2643b7570dfd8de5be8c9bf,2023-06,North Wales Police,North Wales Police,-3.727605,53.294060,On or near Woodland Road East,W01000144,Conwy 007C,Criminal damage and arson,Investigation complete; no suspect identified,
304ef3c44e2b63c7b0d0c9a32678caa529e1bdff9d6039d953a73005f7119e2d,2023-06,North Wales Police,North Wales Police,-3.726241,53.295222,On or near Parking Area,W01000144,Conwy 007C,Criminal damage and arson,Formal action is not in the public interest,
7ea6fc810ba0acaab34146ff5fae92ff0a79869de25bf284b6b0f008f6753a56,2023-06,North Wales Police,North Wales Police,-3.726806,53.295843,On or near Station Road,W01000144,Conwy 007C,Other theft,Investigation complete; no suspect identified,
f1c89b78e5886e8c6b8a81cfadfd1bce4f53fc6915f04544741b64a8635dfb9a,2023-06,North Wales Police,North Wales Police,-3.720738,53.294564,On or near Pendorlan Avenue,W01000144,Conwy 007C,Other theft,Unable to prosecute suspect,
237af1f4f93a4ec04d760f98ef9940b3e466c417f80e63286562852688bed730,2023-06,North Wales Police,North Wales Police,-3.725777,53.294518,On or near Sea View Road,W01000144,Conwy 007C,Other theft,Investigation complete; no suspect identified,
699a635b94525dc5b72215038959543c84844312116d3c2a5948f7381af04ff8,2023-06,North Wales Police,North Wales Police,-3.724453,53.295165,On or near Shopping Area,W01000144,Conwy 007C,Other theft,Unable to prosecute suspect,
07abb3ec95a972aed346965e838ca16c0c8ccaef4c9ad3f8a7640192660655f7,2023-06,North Wales Police,North Wales Police,-3.726241,53.295222,On or near Parking Area,W01000144,Conwy 007C,Public order,Unable to prosecute suspect,
214546d4c3d0c450ad83436868f725a809eea286a94f6d8f6ef875a58ffc0e30,2023-06,North Wales Police,North Wales Police,-3.726241,53.295222,On or near Parking Area,W01000144,Conwy 007C,Public order,Court result unavailable,
6cd8018699542e033ea340e6a060b33c982377b31443676dbca24db8851efa90,2023-06,North Wales Police,North Wales Police,-3.720324,53.291370,On or near The Dingle,W01000144,Conwy 007C,Public order,Unable to prosecute suspect,
107862de94b149741aebc0d922d0a235cecbce3d33f1f84c3d770b5f23788cca,2023-06,North Wales Police,North Wales Police,-3.720590,53.290812,On or near Petrol Station,W01000144,Conwy 007C,Public order,Investigation complete; no suspect identified,
fb2570f186e3052c68288ac63782891b3ef61e21b02c1c7c4d8da6034bdb3805,2023-06,North Wales Police,North Wales Police,-3.722147,53.292674,On or near Back Belgrave Road,W01000144,Conwy 007C,Public order,Unable to prosecute suspect,
711191ec4088fff0f238952c114ce1d97f928301f02576527a24bdf643320659,2023-06,North Wales Police,North Wales Police,-3.726241,53.295222,On or near Parking Area,W01000144,Conwy 007C,Public order,Court result unavailable,
e7d0be11340cb5535bb19fa24aab8dcfcedcf7609dcbabb8dc503f22cf82b89d,2023-06,North Wales Police,North Wales Police,-3.726241,53.295222,On or near Parking Area,W01000144,Conwy 007C,Public order,Court result unavailable,
3999e5edc94d4e624e4186a4807e56a1a726bbc00e0d8f1454795727338e1148,2023-06,North Wales Police,North Wales Police,-3.724453,53.295165,On or near Shopping Area,W01000144,Conwy 007C,Shoplifting,Investigation complete; no suspect identified,
3220dc8c399dd454d02583be8c0b5584ed81948b00a60b9ffc59ce3aafd8956f,2023-06,North Wales Police,North Wales Police,-3.724453,53.295165,On or near Shopping Area,W01000144,Conwy 007C,Shoplifting,Court result unavailable,
09d66df77649566a3b04600adf6ee8507224a12a5330d2a51a4511f04153eb21,2023-06,North Wales Police,North Wales Police,-3.726241,53.295222,On or near Parking Area,W01000144,Conwy 007C,Shoplifting,Court result unavailable,
2ff9a94d94c320a8b7344675aa83c027a0fab833fd8c12c94056ba9d24040444,2023-06,North Wales Police,North Wales Police,-3.724453,53.295165,On or near Shopping Area,W01000144,Conwy 007C,Shoplifting,Unable to prosecute suspect,
dc829c5d037dcfeec64c0e77b8180b855f403b3ede2e41cdc563477bfac07100,2023-06,North Wales Police,North Wales Police,-3.724453,53.295165,On or near Shopping Area,W01000144,Conwy 007C,Shoplifting,Investigation complete; no suspect identified,
53d173b9b746901d6d6360443b2f374f3db4ce03b63dfb3ea2c7207f63f3cf6b,2023-06,North Wales Police,North Wales Police,-3.724453,53.295165,On or near Shopping Area,W01000144,Conwy 007C,Shoplifting,Unable to prosecute suspect,
2e0fbbbbc245bed7e184ac67eb3bdffd12c1fdc81408c1f4875585ec70cf087f,2023-06,North Wales Police,North Wales Police,-3.724453,53.295165,On or near Shopping Area,W01000144,Conwy 007C,Shoplifting,Unable to prosecute suspect,
f2297fbb266d730f76d086fb3b437232d3a5261d6283439e8901a4437fd730d1,2023-06,North Wales Police,North Wales Police,-3.724453,53.295165,On or near Shopping Area,W01000144,Conwy 007C,Shoplifting,Investigation complete; no suspect identified,
11535b3b32137978cc933497aed1f48a7c9c04ccdf2a0ef0bf8dbb22f31d508a,2023-06,North Wales Police,North Wales Police,-3.719961,53.293901,On or near Greenfield Road,W01000144,Conwy 007C,Violence and sexual offences,Unable to prosecute suspect,
54abbcb00fffc3a7100e1515f0f2fc08f8ce27e4db86d1af975b6c00aeb24d5c,2023-06,North Wales Police,North Wales Police,-3.720324,53.291370,On or near The Dingle,W01000144,Conwy 007C,Violence and sexual offences,Unable to prosecute suspect,
b4a65d2b488884e0dcb5986b4495fc2df4869effd71048ec63e4a4a95d283113,2023-06,North Wales Police,North Wales Police,-3.726241,53.295222,On or near Parking Area,W01000144,Conwy 007C,Violence and sexual offences,Unable to prosecute suspect,
0872844852dbdc5b1a603de406a78650f125a465a38a7e69fd29c224b1cb2fe7,2023-06,North Wales Police,North Wales Police,-3.726806,53.295843,On or near Station Road,W01000144,Conwy 007C,Violence and sexual offences,Unable to prosecute suspect,
31261ad31b2c5f5e59803dd3785e8ca7014b72719cd7b4fb61193b1e53a76637,2023-06,North Wales Police,North Wales Police,-3.719961,53.293901,On or near Greenfield Road,W01000144,Conwy 007C,Violence and sexual offences,Unable to prosecute suspect,
0213c9719240a7d24d98a71fe857aacbf30bef7aa23acdb5d307c2fa59e1ac2f,2023-06,North Wales Police,North Wales Police,-3.716290,53.294790,On or near Promenade,W01000144,Conwy 007C,Violence and sexual offences,Unable to prosecute suspect,
dec726f697686a61d65d9324db7170f7caeebd28dfd136a3bc75c87b006d1476,2023-06,North Wales Police,North Wales Police,-3.723595,53.292113,On or near Meirion Gardens,W01000144,Conwy 007C,Violence and sexual offences,Unable to prosecute suspect,
86b03181254fb8ecaaea8a09a0c053483c0e8bf2a8ee9e46aef3c8d0b959434c,2023-06,North Wales Police,North Wales Police,-3.716290,53.294790,On or near Promenade,W01000144,Conwy 007C,Violence and sexual offences,Unable to prosecute suspect,
a32d9d0687989a4921a5dda8adb2ad6a913784ec53d899db2f2cdf22da208c87,2023-06,North Wales Police,North Wales Police,-3.724833,53.294172,On or near Back Bay View Road,W01000144,Conwy 007C,Violence and sexual offences,Action to be taken by another organisation,
dca633b6164c43de5d4da385a357a98e6c67c041d971fbf5f34d009649f4d27d,2023-06,North Wales Police,North Wales Police,-3.724453,53.295165,On or near Shopping Area,W01000144,Conwy 007C,Violence and sexual offences,Unable to prosecute suspect,
3dc72dd72bcdf0109735553416153e55aaa60c5c037eb530015eaa40931ab4ff,2023-06,North Wales Police,North Wales Police,-3.725777,53.294518,On or near Sea View Road,W01000144,Conwy 007C,Violence and sexual offences,Unable to prosecute suspect,
42cece9db46b4bfc28f5a8c58f50b65e70ed912f0078818e76a85bfcd969c3a1,2023-06,North Wales Police,North Wales Police,-3.716290,53.294790,On or near Promenade,W01000144,Conwy 007C,Violence and sexual offences,Unable to prosecute suspect,
16c479b88d037bfe61b9540bea8b957af1c9237b828c246bf2513bc88f029dce,2023-06,North Wales Police,North Wales Police,-3.724453,53.295165,On or near Shopping Area,W01000144,Conwy 007C,Violence and sexual offences,Unable to prosecute suspect,
06a895e89d9f484b31153b58e54c080727cf75fe4b1c3799bc35a1d31d1ef67c,2023-06,North Wales Police,North Wales Police,-3.724820,53.295568,On or near Shopping Area,W01000144,Conwy 007C,Violence and sexual offences,Investigation complete; no suspect identified,
add9494d8274f3470862ed8bcae25590668ff2ed6550a9991dfa2e8dc20e1cbc,2023-06,North Wales Police,North Wales Police,-3.721462,53.293178,On or near Grove Road,W01000144,Conwy 007C,Violence and sexual offences,Investigation complete; no suspect identified,
47231f86298bf9cb648ecc0ee08ec0ab6e7d0cc52c53ca7b6b1d43e586be2dec,2023-06,North Wales Police,North Wales Police,-3.719902,53.292445,On or near Lawson Road,W01000144,Conwy 007C,Violence and sexual offences,Unable to prosecute suspect,
58741a757baac3ed7ebf69b875cdf672789d8d145f85c4e0e30b42ca2b831a44,2023-06,North Wales Police,North Wales Police,-3.727605,53.294060,On or near Woodland Road East,W01000144,Conwy 007C,Violence and sexual offences,Court result unavailable,
329dbfa76978a09392e03b2216d386a3feb981153dd50b3f16f4ac0f3e36291b,2023-06,North Wales Police,North Wales Police,-3.726241,53.295222,On or near Parking Area,W01000144,Conwy 007C,Violence and sexual offences,Unable to prosecute suspect,
0ce1393ecec479fa39e347920af2a5fd8b82ddadff46f238f568c249797351dd,2023-06,North Wales Police,North Wales Police,-3.727605,53.294060,On or near Woodland Road East,W01000144,Conwy 007C,Violence and sexual offences,Court result unavailable,
8c28684d2115ec1a79f9e3c6b6c2bf5a7be70233f4ad5794674d4564e4bae770,2023-06,North Wales Police,North Wales Police,-3.726806,53.295843,On or near Station Road,W01000144,Conwy 007C,Violence and sexual offences,Local resolution,
424b549751dc5f7743290d7dbd0ca616885cdd9b9a48d3620bacfa0d3fd63576,2023-06,North Wales Police,North Wales Police,-3.726806,53.295843,On or near Station Road,W01000144,Conwy 007C,Violence and sexual offences,Unable to prosecute suspect,
d7323b03ffd442400b2b18a520943b515963729a5739cbe0c5ba3c57992cc08f,2023-06,North Wales Police,North Wales Police,-3.724833,53.294172,On or near Back Bay View Road,W01000144,Conwy 007C,Other crime,Further investigation is not in the public interest,
50a6d7b69b344301a2850aa94e9c3312ffbfcc5d8a453c36463398d7835d879a,2023-06,North Wales Police,North Wales Police,-3.726241,53.295222,On or near Parking Area,W01000144,Conwy 007C,Other crime,Investigation complete; no suspect identified,
1e70026279d35ff15f5936b6333ca85c7d6df9c8ae88d30f7543481e142efe58,2023-06,North Wales Police,North Wales Police,-3.731018,53.296851,On or near Mostyn Road,W01000182,Conwy 007D,Other theft,Further action is not in the public interest,
,2023-06,North Wales Police,North Wales Police,-3.730454,53.298081,On or near Petrol Station,W01000182,Conwy 007D,Anti-social behaviour,,
,2023-06,North Wales Police,North Wales Police,-3.725924,53.296665,On or near Colwyn Bay,W01000182,Conwy 007D,Anti-social behaviour,,
,2023-06,North Wales Police,North Wales Police,-3.726150,53.296688,On or near Parking Area,W01000182,Conwy 007D,Anti-social behaviour,,
,2023-06,North Wales Police,North Wales Police,-3.728596,53.294459,On or near Woodland Road West,W01000182,Conwy 007D,Anti-social behaviour,,
,2023-06,North Wales Police,North Wales Police,-3.726806,53.295843,On or near Station Road,W01000182,Conwy 007D,Anti-social behaviour,,
,2023-06,North Wales Police,North Wales Police,-3.736544,53.300996,On or near Chatsworth Close,W01000182,Conwy 007D,Anti-social behaviour,,
,2023-06,North Wales Police,North Wales Police,-3.726806,53.295843,On or near Station Road,W01000182,Conwy 007D,Anti-social behaviour,,
,2023-06,North Wales Police,North Wales Police,-3.725924,53.296665,On or near Colwyn Bay,W01000182,Conwy 007D,Anti-social behaviour,,
,2023-06,North Wales Police,North Wales Police,-3.728789,53.296632,On or near Hawarden Road,W01000182,Conwy 007D,Anti-social behaviour,,
,2023-06,North Wales Police,North Wales Police,-3.732011,53.298392,On or near Princes Drive,W01000182,Conwy 007D,Anti-social behaviour,,
,2023-06,North Wales Police,North Wales Police,-3.728789,53.296632,On or near Hawarden Road,W01000182,Conwy 007D,Anti-social behaviour,,
,2023-06,North Wales Police,North Wales Police,-3.728789,53.296632,On or near Hawarden Road,W01000182,Conwy 007D,Anti-social behaviour,,
cce276013d1db0e9bf686c9e451a0eebb9ade0c2baa848d154c36cd5b12870dc,2023-06,North Wales Police,North Wales Police,-3.741315,53.302464,On or near Francis Avenue,W01000182,Conwy 007D,Criminal damage and arson,Investigation complete; no suspect identified,
8add055ae0d0e95d03a09a63a239b8b486690129bc98dc4c53a19f38033da5ad,2023-06,North Wales Police,North Wales Police,-3.732011,53.298392,On or near Princes Drive,W01000182,Conwy 007D,Other theft,Unable to prosecute suspect,
0d8b44554ea75dc7e1888fc2ce22e33d3eaee450e0781b5da27f889c5dcf633d,2023-06,North Wales Police,North Wales Police,-3.728789,53.296632,On or near Hawarden Road,W01000182,Conwy 007D,Other theft,Investigation complete; no suspect identified,
6c6a3162f60294a38a9004fdd0f074fe00de5eac4e8a5c93e9ed02f5b221016b,2023-06,North Wales Police,North Wales Police,-3.731018,53.296851,On or near Mostyn Road,W01000182,Conwy 007D,Other theft,Unable to prosecute suspect,
f4a6ecf3d3fc6f67264c0a0f10d7eca79eca4455e2ef1a0002eeeb3994983535,2023-06,North Wales Police,North Wales Police,-3.734192,53.298891,On or near Kingsway,W01000182,Conwy 007D,Other theft,Unable to prosecute suspect,
6102d99367bb6154d7ee58070fbe8f0fd791a8a5c039fe53d02c93e3f8ac9e10,2023-06,North Wales Police,North Wales Police,-3.730454,53.298081,On or near Petrol Station,W01000182,Conwy 007D,Other theft,Investigation complete; no suspect identified,
6fae83c062c1d53d473af0076afbf08eedf50fa77ca831f62ce39cff8ee16035,2023-06,North Wales Police,North Wales Police,-3.731018,53.296851,On or near Mostyn Road,W01000182,Conwy 007D,Public order,Unable to prosecute suspect,
85b79db7da1a2a22111aad6a31ae1eaedb836f87809caca1134e280c6fb7a59a,2023-06,North Wales Police,North Wales Police,-3.732011,53.298392,On or near Princes Drive,W01000182,Conwy 007D,Public order,Unable to prosecute suspect,
e0c3bf38c71dfaa293ca452a7fc7215c5212d5da0d12bf5d5c5ca44dadcb28ec,2023-06,North Wales Police,North Wales Police,-3.725924,53.296665,On or near Colwyn Bay,W01000182,Conwy 007D,Public order,Unable to prosecute suspect,
521a8b4531fce0e461d1afff7b9f47e986e12a86080d743236c35f5150830c35,2023-06,North Wales Police,North Wales Police,-3.728789,53.296632,On or near Hawarden Road,W01000182,Conwy 007D,Public order,Unable to prosecute suspect,
0c7313c1139cbaca88a497da9650ee0c5e6046d39b27e9e3d71385dc463c1c57,2023-06,North Wales Police,North Wales Police,-3.728271,53.295705,On or near Penrhyn Road,W01000182,Conwy 007D,Violence and sexual offences,Unable to prosecute suspect,
f4b55331460e3cd9cf530c2278a8a9db95eb756b3e39c033a9571e7ad1d603d6,2023-06,North Wales Police,North Wales Police,-3.728271,53.295705,On or near Penrhyn Road,W01000182,Conwy 007D,Violence and sexual offences,Investigation complete; no suspect identified,
5c46b4d0497f77b4b2477431345a53417ddf7d1d45dd99e4d1a67f0359f7d8eb,2023-06,North Wales Police,North Wales Police,-3.737829,53.300870,On or near Wainright Close,W01000182,Conwy 007D,Violence and sexual offences,Status update unavailable,
ef52f0c45944affc5e774f61283e1d7fc8ae6d9347383162ded8637d50080e7d,2023-06,North Wales Police,North Wales Police,-3.731018,53.296851,On or near Mostyn Road,W01000182,Conwy 007D,Violence and sexual offences,Unable to prosecute suspect,
58758394e4d7bdee2d850add59738779d826aede09a99f9b9e8f3ec74a71180e,2023-06,North Wales Police,North Wales Police,-3.729227,53.295232,On or near Llewelyn Road,W01000182,Conwy 007D,Violence and sexual offences,Unable to prosecute suspect,
2ee19381a2062f6ff19bfcd3c9a2fe9925dda14268a351c8bfbd115cc8f933ca,2023-06,North Wales Police,North Wales Police,-3.732940,53.299844,On or near Sea Bank Road,W01000182,Conwy 007D,Violence and sexual offences,Unable to prosecute suspect,
a371fdc0e25787d1877015daba8cfd666fc25c867b79f7c568e223673dd51ef9,2023-06,North Wales Police,North Wales Police,-3.726150,53.296688,On or near Parking Area,W01000182,Conwy 007D,Violence and sexual offences,Unable to prosecute suspect,
69ee485c7bac1d842cd714ecd6e01d42ef1fc4c30bd13afd576749c212eaca03,2023-06,North Wales Police,North Wales Police,-3.725924,53.296665,On or near Colwyn Bay,W01000182,Conwy 007D,Violence and sexual offences,Status update unavailable,
fdd82d90781321b5eaa7904070d4970a9a2c6d9391058019b9bd71a41d721f5b,2023-06,North Wales Police,North Wales Police,-3.732940,53.299844,On or near Sea Bank Road,W01000182,Conwy 007D,Violence and sexual offences,Unable to prosecute suspect,
13f32aff0401ef7bc34e3b93520ce3c03a6956ddfbdf604816a8d93f735cdb37,2023-06,North Wales Police,North Wales Police,-3.741315,53.302464,On or near Francis Avenue,W01000182,Conwy 007D,Violence and sexual offences,Investigation complete; no suspect identified,
0e7d7a8b21675b70ae84a5a7542c96fb91fcddefd537b4037a93a4306a52b676,2023-06,North Wales Police,North Wales Police,-3.728271,53.295705,On or near Penrhyn Road,W01000182,Conwy 007D,Violence and sexual offences,Investigation complete; no suspect identified,
8d567a92a71cc4161499199b9367a24aa096ac0fa730c6fb14039eccd6e83bde,2023-06,North Wales Police,North Wales Police,-3.728271,53.295705,On or near Penrhyn Road,W01000182,Conwy 007D,Violence and sexual offences,Unable to prosecute suspect,
d115fdddb037a15eed7bc7a6c5ff096db6c1930630d7dce804cc2a70b01378b6,2023-06,North Wales Police,North Wales Police,-3.734192,53.298891,On or near Kingsway,W01000182,Conwy 007D,Violence and sexual offences,Unable to prosecute suspect,
465089872ba8e50e573ef2846236224cf6f61a7094304dbfe51eadd2988de502,2023-06,North Wales Police,North Wales Police,-3.732011,53.298392,On or near Princes Drive,W01000182,Conwy 007D,Violence and sexual offences,Unable to prosecute suspect,
33ddd72d4029c10e75c026e8c47fb669bfcd84544a0c04a2660cf5b05fb322b6,2023-06,North Wales Police,North Wales Police,-3.732011,53.298392,On or near Princes Drive,W01000182,Conwy 007D,Violence and sexual offences,Unable to prosecute suspect,
298cae4177c374cbade27371c9e37bb8d3fcc01e15abb643cfed50922e57230a,2023-06,North Wales Police,North Wales Police,-3.726150,53.296688,On or near Parking Area,W01000182,Conwy 007D,Other crime,Unable to prosecute suspect,
,2023-06,North Wales Police,North Wales Police,-3.702543,53.287166,On or near David Edwards Close,W01000138,Conwy 008A,Anti-social behaviour,,
,2023-06,North Wales Police,North Wales Police,-3.713672,53.285990,On or near Ffordd Bugail,W01000138,Conwy 008A,Anti-social behaviour,,
,2023-06,North Wales Police,North Wales Police,-3.701772,53.289271,On or near Green Hill,W01000138,Conwy 008A,Anti-social behaviour,,
,2023-06,North Wales Police,North Wales Police,-3.713672,53.285990,On or near Ffordd Bugail,W01000138,Conwy 008A,Anti-social behaviour,,
24caca0ea0bd46402efd09bb74585b6666026d4b7b29faf65e54d7a18a8b7335,2023-06,North Wales Police,North Wales Police,-3.697710,53.281805,On or near Cwrt Dyffryn,W01000138,Conwy 008A,Criminal damage and arson,Investigation complete; no suspect identified,
81e486d2e982dc9a4a0584f81c44a8ca0be5661275c787f8bcd8aa207aa8de02,2023-06,North Wales Police,North Wales Police,-3.697421,53.282852,On or near Ddol Ddu,W01000138,Conwy 008A,Criminal damage and arson,Court result unavailable,
44cdbaff8baa8494f04f0407f455d7bc3f2647e8ddaffa66faec6e3715305fe6,2023-06,North Wales Police,North Wales Police,-3.696862,53.283111,On or near Dol Elian,W01000138,Conwy 008A,Criminal damage and arson,Unable to prosecute suspect,
4566e04cf78730c586a2c651f64961862d1ed9cb6e72f49e4a7ce72c06eaad4a,2023-06,North Wales Police,North Wales Police,-3.703566,53.289866,On or near Petrol Station,W01000138,Conwy 008A,Other theft,Investigation complete; no suspect identified,
b719581266a0b63bad9edb89c6ebcde3caa346378d29aa0b90164a40e1c5d068,2023-06,North Wales Police,North Wales Police,-3.703566,53.289866,On or near Petrol Station,W01000138,Conwy 008A,Other theft,Investigation complete; no suspect identified,
3cc902eba40de2924c31898c7d93dce7e038fea14fdf267bfb117d4d0868cd9f,2023-06,North Wales Police,North Wales Police,-3.703566,53.289866,On or near Petrol Station,W01000138,Conwy 008A,Shoplifting,Court result unavailable,
70987ef8dc233bb387a8410d13a2cc4d2528db3c81da1d4ab0e1e830fc474f86,2023-06,North Wales Police,North Wales Police,-3.703566,53.289866,On or near Petrol Station,W01000138,Conwy 008A,Shoplifting,Formal action is not in the public interest,
0e7e96a6c04b532ff18ceb1e7af823aa48a8ac05162d9397e7f752f1404cc26f,2023-06,North Wales Police,North Wales Police,-3.703566,53.289866,On or near Petrol Station,W01000138,Conwy 008A,Shoplifting,Investigation complete; no suspect identified,
a3d5d9063059b41ce1cd892e818af8fc8bcc1bf8efb33dbbacf132942cf24bfd,2023-06,North Wales Police,North Wales Police,-3.703566,53.289866,On or near Petrol Station,W01000138,Conwy 008A,Shoplifting,Investigation complete; no suspect identified,
4f34c87ca6274912fd362f23393ac4c62f6d0be89e134c66c8f19acc40cff769,2023-06,North Wales Police,North Wales Police,-3.702543,53.287166,On or near David Edwards Close,W01000138,Conwy 008A,Vehicle crime,Investigation complete; no suspect identified,
91bfdae75611958c9c01f54374edb990b0ab565d7e77a3e93bb1c8475110d701,2023-06,North Wales Police,North Wales Police,-3.712948,53.285515,On or near Ffordd-Y-Fedwen,W01000138,Conwy 008A,Violence and sexual offences,Unable to prosecute suspect,
8d8a1da860cbb4445c3e8ef0b31d674b83788c0b3737ef98f4251c168a0a4365,2023-06,North Wales Police,North Wales Police,-3.698612,53.284884,On or near Cwm Teg,W01000138,Conwy 008A,Violence and sexual offences,Unable to prosecute suspect,
7d03f7f9223f72ef4b2474bb6a2af8ad55b0c13dea92d40b15fcc1206b9c1d6d,2023-06,North Wales Police,North Wales Police,-3.702543,53.287166,On or near David Edwards Close,W01000138,Conwy 008A,Violence and sexual offences,Unable to prosecute suspect,
709b5eb9d0c50506298947e3adbfcc31b99343a5c4875f3279d68f27924e7c98,2023-06,North Wales Police,North Wales Police,-3.712948,53.285515,On or near Ffordd-Y-Fedwen,W01000138,Conwy 008A,Violence and sexual offences,Unable to prosecute suspect,
a7f2afe0025e2bdd29063b8435368405988fac407d5913de8b6bc33e680c5a77,2023-06,North Wales Police,North Wales Police,-3.703363,53.287801,On or near Sandhills Road,W01000138,Conwy 008A,Violence and sexual offences,Status update unavailable,
10688e5fad47e9994f625ec454c7cfec2e560b32e5de5223cab09467efa8a42b,2023-06,North Wales Police,North Wales Police,-3.712445,53.285675,On or near Ffordd Celyn,W01000138,Conwy 008A,Violence and sexual offences,Investigation complete; no suspect identified,
b8711430d2143065e9f2882bc6ff9522ca32052fe42499884b6f850a9b000e38,2023-06,North Wales Police,North Wales Police,-3.712931,53.285839,On or near Tan Y Fron,W01000138,Conwy 008A,Other crime,Unable to prosecute suspect,
0c940eb8331fe333925d378ccc0de638f2a5d2c805710d6a61af7285dd4d6543,2023-06,North Wales Police,North Wales Police,-3.716685,53.282567,On or near Ffordd Dawel,W01000145,Conwy 008B,Public order,Unable to prosecute suspect,
,2023-06,North Wales Police,North Wales Police,-3.718017,53.287124,On or near Sports/Recreation Area,W01000145,Conwy 008B,Anti-social behaviour,,
,2023-06,North Wales Police,North Wales Police,-3.723104,53.289972,On or near Kenneth Avenue,W01000145,Conwy 008B,Anti-social behaviour,,
,2023-06,North Wales Police,North Wales Police,-3.721950,53.290393,On or near Nant-Y-Glyn Avenue,W01000145,Conwy 008B,Anti-social behaviour,,
,2023-06,North Wales Police,North Wales Police,-3.720507,53.285452,On or near Eirias View,W01000145,Conwy 008B,Anti-social behaviour,,
,2023-06,North Wales Police,North Wales Police,-3.720933,53.289356,On or near Rosemary Avenue,W01000145,Conwy 008B,Anti-social behaviour,,
a64033c344c2c0563a3ff14ddac420c65d361986da3fee24913a2d43b2043013,2023-06,North Wales Police,North Wales Police,-3.719342,53.285603,On or near Clos Foxhall,W01000145,Conwy 008B,Criminal damage and arson,Unable to prosecute suspect,
245dcab1f7267bf1950132f8e31529af85247c585db995e7814340b380e60961,2023-06,North Wales Police,North Wales Police,-3.724973,53.290556,On or near Dundonald Road,W01000145,Conwy 008B,Criminal damage and arson,Investigation complete; no suspect identified,
0b5fa38806369af8a2468d8c4e16c184e2102b1aab0d8713b3c26eae32893ff7,2023-06,North Wales Police,North Wales Police,-3.717344,53.284014,On or near Severn Road,W01000145,Conwy 008B,Other theft,Investigation complete; no suspect identified,
c29c3c13f2384c4b278a0c90c975d1e0d4f4c33291547187be93817ddeca2b6c,2023-06,North Wales Police,North Wales Police,-3.716772,53.282853,On or near Heol Dirion,W01000145,Conwy 008B,Other theft,Unable to prosecute suspect,
8398dcbbb4eff3c06afd78d1d719e49c4050f430af96d4af9f7fd516ec450a74,2023-06,North Wales Police,North Wales Police,-3.720933,53.289356,On or near Rosemary Avenue,W01000145,Conwy 008B,Public order,Unable to prosecute suspect,
304058dba1ae187864210916394915b0b728eabee524361610fe5b6a8e2f440e,2023-06,North Wales Police,North Wales Police,-3.721930,53.291014,On or near The Close,W01000145,Conwy 008B,Public order,Unable to prosecute suspect,
96d62d93b545e2c76fae90c9b9f0c1f0879cd6c157ec89ba8004fc1a32934202,2023-06,North Wales Police,North Wales Police,-3.716772,53.282853,On or near Heol Dirion,W01000145,Conwy 008B,Violence and sexual offences,Unable to prosecute suspect,
02e37756c5d6fddb9c2c8683137147ab6b52f50afa7c18e6a0b4836c233704b1,2023-06,North Wales Police,North Wales Police,-3.716772,53.282853,On or near Heol Dirion,W01000145,Conwy 008B,Violence and sexual offences,Unable to prosecute suspect,
43e3391078d8357f567e2f792a39a11fae9ebf56b85cc61c6705306a423ceba4,2023-06,North Wales Police,North Wales Police,-3.715867,53.284988,On or near Maes-Y-Glyn,W01000145,Conwy 008B,Violence and sexual offences,Unable to prosecute suspect,
1c07d3277499c9794d5a50178e285a9b8bb862c6e4189272f43c6113e272bab9,2023-06,North Wales Police,North Wales Police,-3.715867,53.284988,On or near Maes-Y-Glyn,W01000145,Conwy 008B,Violence and sexual offences,Action to be taken by another organisation,
a1a758de063f6102fb954c6d3e66615cc5a89373f6b1aad3d77c9cee48a93d55,2023-06,North Wales Police,North Wales Police,-3.718549,53.284904,On or near Valley Road,W01000145,Conwy 008B,Other crime,Unable to prosecute suspect,
1ccbf30127497e5f85dea1f7fa130d8be9325fae9e6d15d8a5bbdccd9669cd4f,2023-06,North Wales Police,North Wales Police,-3.718549,53.284904,On or near Valley Road,W01000145,Conwy 008B,Other crime,Unable to prosecute suspect,
,2023-06,North Wales Police,North Wales Police,-3.733498,53.287682,On or near Rhodfa'R Grug,W01000180,Conwy 008C,Anti-social behaviour,,
093e4004b4678089f706b9a19f6758cdc0f7f5a239d1cc0b8191f912fa1e2795,2023-06,North Wales Police,North Wales Police,-3.722520,53.287391,On or near Nant-Y-Glyn Road,W01000180,Conwy 008C,Burglary,Investigation complete; no suspect identified,
59df4e491b6274e3373352c5808b3cf6f4e59f40d44f3db755eecd7480467b0c,2023-06,North Wales Police,North Wales Police,-3.733498,53.287682,On or near Rhodfa'R Grug,W01000180,Conwy 008C,Criminal damage and arson,Investigation complete; no suspect identified,
5b78fbc5c044e2370303e6ac95f6a37133a04cd1ea1f49df5ea88559bc2120c7,2023-06,North Wales Police,North Wales Police,-3.734193,53.287051,On or near Bryn Garan,W01000180,Conwy 008C,Other theft,Investigation complete; no suspect identified,
a759962b829821b19b33b2730e4e5d4efabb121287bc4d8b328d1a25d5af76a9,2023-06,North Wales Police,North Wales Police,-3.740454,53.287185,On or near Troon Way,W01000181,Conwy 008D,Public order,Investigation complete; no suspect identified,
ce67e364b2dd689abf674322529e67aa7b0d15971b13605d75fc146791057271,2023-06,North Wales Police,North Wales Police,-3.735188,53.284214,On or near Bryn Carrog,W01000181,Conwy 008D,Violence and sexual offences,Unable to prosecute suspect,
6274056fd5ce4799ae3c64572847913ffa77526f57bc254ea77f4d11ca2b8594,2023-06,North Wales Police,North Wales Police,-3.729313,53.293631,On or near Rhodfar Riviere'S,W01000183,Conwy 008E,Other theft,Investigation complete; no suspect identified,
97186bf04b6e803bc9d95c09e67db4a397a344978bf7d23d048d8c926bade755,2023-06,North Wales Police,North Wales Police,-3.738279,53.299011,On or near Grosvenor Road,W01000183,Conwy 008E,Vehicle crime,Investigation complete; no suspect identified,
f6ef75027b992c39d24eb06edebf72eb03ca49e2ad2fe8c0ffa4d1173955c7c2,2023-06,North Wales Police,North Wales Police,-3.738279,53.299011,On or near Grosvenor Road,W01000183,Conwy 008E,Violence and sexual offences,Court result unavailable,
696478fa8b6576b46a75fcb1156d3ee2d00ea342a33d434c3149c84b89246473,2023-06,North Wales Police,North Wales Police,-3.738723,53.299967,On or near Parking Area,W01000183,Conwy 008E,Violence and sexual offences,Status update unavailable,
0d5ac99086c9c5c21a327961793f760973688a53e4b78beb469e4716cd18a9ee,2023-06,North Wales Police,North Wales Police,-3.740655,53.295093,On or near Oak Drive,W01000183,Conwy 008E,Violence and sexual offences,Unable to prosecute suspect,
99836f190889343853d8c3699b564be856e19d484d8b889016df366074ff45b0,2023-06,North Wales Police,North Wales Police,-3.738723,53.299967,On or near Parking Area,W01000183,Conwy 008E,Violence and sexual offences,Court result unavailable,
,2023-06,North Wales Police,North Wales Police,-3.698046,53.288758,On or near Cadwgan Avenue,W01000126,Conwy 009A,Anti-social behaviour,,
,2023-06,North Wales Police,North Wales Police,-3.698046,53.288758,On or near Cadwgan Avenue,W01000126,Conwy 009A,Anti-social behaviour,,
9c03623ee289ae3b455aa1586d4e39164c6e939f51220acce77c6bab8f15c5b0,2023-06,North Wales Police,North Wales Police,-3.691311,53.286517,On or near Alpine Road,W01000126,Conwy 009A,Other theft,Investigation complete; no suspect identified,
161638a0667f9c854f6cc2cd2ea185cca3283e18c7e74a8f95cf98707cdf71dd,2023-06,North Wales Police,North Wales Police,-3.699868,53.288175,On or near Pen-Y-Bryn,W01000126,Conwy 009A,Other theft,Investigation complete; no suspect identified,
bc4110edda9410c628c2a63bf991bacf5d36698d788ca7d93907ec1bb6a16ad5,2023-06,North Wales Police,North Wales Police,-3.698046,53.288758,On or near Cadwgan Avenue,W01000126,Conwy 009A,Other theft,Investigation complete; no suspect identified,
3ef3a15241fee850b2ccf09f032072efbeea1251bbfed189ae5b414c9fb5fa07,2023-06,North Wales Police,North Wales Police,-3.697574,53.287461,On or near Fair Mount,W01000126,Conwy 009A,Public order,Investigation complete; no suspect identified,
2f0399cded936756640e24dbb9705481fa4deef072d11d32c7944725c0277d9b,2023-06,North Wales Police,North Wales Police,-3.694966,53.287507,On or near Bodelwyddan Avenue,W01000126,Conwy 009A,Shoplifting,Offender given a caution,
e5fcfefae1343a523d3a0e0c3405ac7f1abee2387ca14e2c1f3639c60fda9de4,2023-06,North Wales Police,North Wales Police,-3.694966,53.287507,On or near Bodelwyddan Avenue,W01000126,Conwy 009A,Shoplifting,Offender given a caution,
4536f94c2cf282ad4305268fc7f63ff0ea1c5be284413f472155f3b47e1f1f1a,2023-06,North Wales Police,North Wales Police,-3.694966,53.287507,On or near Bodelwyddan Avenue,W01000126,Conwy 009A,Shoplifting,Investigation complete; no suspect identified,
20baee0f82a905102c82e3b1567fc8d3f059f158efa9f46ebe31fd9264bbb4c5,2023-06,North Wales Police,North Wales Police,-3.694966,53.287507,On or near Bodelwyddan Avenue,W01000126,Conwy 009A,Shoplifting,Offender given a caution,
915c71819a734588a1a77a3de5522cd3680289c03b2d34f8ab1d8d1a09a06401,2023-06,North Wales Police,North Wales Police,-3.694528,53.286309,On or near Hayden Close,W01000126,Conwy 009A,Violence and sexual offences,Unable to prosecute suspect,
270d15737b521021ca3e91d0ef4e01040f066608d7df055d1d8b859b1a6b268b,2023-06,North Wales Police,North Wales Police,-3.684228,53.288756,On or near Craig Road,W01000126,Conwy 009A,Violence and sexual offences,Investigation complete; no suspect identified,
c3c49dbaad5bd2a71f7648f1a284a51f3897ff1aa97144730cf65792b5963965,2023-06,North Wales Police,North Wales Police,-3.697574,53.287461,On or near Fair Mount,W01000126,Conwy 009A,Violence and sexual offences,Investigation complete; no suspect identified,
571dbad4ce7218c54e17c5e60a9deeb55cd16acbf993f552ea7462d31e84d1d3,2023-06,North Wales Police,North Wales Police,-3.697574,53.287461,On or near Fair Mount,W01000126,Conwy 009A,Violence and sexual offences,Unable to prosecute suspect,
d5966cfcb6d063540cbb15da5ff080636c0daae640e0ceb084ac6bbaec682e9f,2023-06,North Wales Police,North Wales Police,-3.697635,53.288252,On or near Wellington Road,W01000126,Conwy 009A,Violence and sexual offences,Unable to prosecute suspect,
b41fc95d1d1b16697e661bc12832af2425dc1316efcaeca94572b87810544946,2023-06,North Wales Police,North Wales Police,-3.699868,53.288175,On or near Pen-Y-Bryn,W01000126,Conwy 009A,Violence and sexual offences,Unable to prosecute suspect,
ad355c5693dd532a06ecaec54c02bdf2f6ed49e206587bdaf3d86d81b1ddaaad,2023-06,North Wales Police,North Wales Police,-3.694528,53.286309,On or near Hayden Close,W01000126,Conwy 009A,Violence and sexual offences,Unable to prosecute suspect,
64a3ba126efd6bc9770a5c10a751bcbd5fc8117e11975113f2d859f7d35223c1,2023-06,North Wales Police,North Wales Police,-3.697574,53.287461,On or near Fair Mount,W01000126,Conwy 009A,Violence and sexual offences,Unable to prosecute suspect,
2aaeaa9fff7845911ceb8b4775d189ba79d29313d366329e81c6c90afa42e3b0,2023-06,North Wales Police,North Wales Police,-3.697574,53.287461,On or near Fair Mount,W01000126,Conwy 009A,Violence and sexual offences,Unable to prosecute suspect,
082f3995c3890f0bfe4bdf94ae89675b2866095b301de68d9676cf5cdd5455a8,2023-06,North Wales Police,North Wales Police,-3.697574,53.287461,On or near Fair Mount,W01000126,Conwy 009A,Violence and sexual offences,Unable to prosecute suspect,
4ecf766d0b34ea219af2f41c5ee28eca97303d6c96fb1401a45782ab80ec6ff8,2023-06,North Wales Police,North Wales Police,-3.694528,53.286309,On or near Hayden Close,W01000126,Conwy 009A,Violence and sexual offences,Unable to prosecute suspect,
0320846aa2a04c7bc592fce32780abbfc229263706fd064d7461f346ec93e550,2023-06,North Wales Police,North Wales Police,-3.697635,53.288252,On or near Wellington Road,W01000126,Conwy 009A,Violence and sexual offences,Unable to prosecute suspect,
d42971f0a764ecab6095ef79338698670cdd876f9b036d05e525f73459e62787,2023-06,North Wales Police,North Wales Police,-3.678798,53.290685,On or near Ellis Avenue,W01000127,Conwy 009B,Drugs,Unable to prosecute suspect,
,2023-06,North Wales Police,North Wales Police,-3.685018,53.291280,On or near Uwch-Y-Don Avenue,W01000127,Conwy 009B,Anti-social behaviour,,
,2023-06,North Wales Police,North Wales Police,-3.686249,53.291695,On or near Voryn Avenue,W01000127,Conwy 009B,Anti-social behaviour,,
,2023-06,North Wales Police,North Wales Police,-3.678519,53.289700,On or near Ffordd Elias,W01000127,Conwy 009B,Anti-social behaviour,,
,2023-06,North Wales Police,North Wales Police,-3.682454,53.289806,On or near Penrhos Avenue,W01000127,Conwy 009B,Anti-social behaviour,,
d220613d6b1d59854991681dfa51a0359e218b0ad023e3f597e900074e8f651f,2023-06,North Wales Police,North Wales Police,-3.680097,53.289759,On or near Ffordd-Y-Graig,W01000127,Conwy 009B,Criminal damage and arson,Unable to prosecute suspect,
1553f8e3f8a1316d91dafbc8a93f922eabe699ddb4f8c920a9d8c1dc8220fe41,2023-06,North Wales Police,North Wales Police,-3.678519,53.289700,On or near Ffordd Elias,W01000127,Conwy 009B,Criminal damage and arson,Investigation complete; no suspect identified,
05165b7198e4633febfeb868bb521aa9a103e29f3daab461ec145dead0e12010,2023-06,North Wales Police,North Wales Police,-3.682454,53.289806,On or near Penrhos Avenue,W01000127,Conwy 009B,Criminal damage and arson,Investigation complete; no suspect identified,
e5526be89a364580f65be5a5244f23a3587cfbe0770340cb4bf416c5d0f1b8c0,2023-06,North Wales Police,North Wales Police,-3.678799,53.291863,On or near Bryn Colwyn,W01000127,Conwy 009B,Other theft,Unable to prosecute suspect,
0f46a176ddc36d3c69ca3e6ace970bc04d9201769f5dd662d87e2ca1c695e93b,2023-06,North Wales Police,North Wales Police,-3.678519,53.289700,On or near Ffordd Elias,W01000127,Conwy 009B,Public order,Unable to prosecute suspect,
55bd88ba75f200efceb2fcfd6a5786e4f11023decf5db5fe6813f1ad8d5c2008,2023-06,North Wales Police,North Wales Police,-3.678519,53.289700,On or near Ffordd Elias,W01000127,Conwy 009B,Violence and sexual offences,Unable to prosecute suspect,
1f1dd9297701bd5a34542175cf3710339474a8ae42432327435aa011043b78f1,2023-06,North Wales Police,North Wales Police,-3.686249,53.291695,On or near Voryn Avenue,W01000127,Conwy 009B,Other crime,Unable to prosecute suspect,
,2023-06,North Wales Police,North Wales Police,-3.697364,53.289721,On or near Princess Road,W01000128,Conwy 009C,Anti-social behaviour,,
,2023-06,North Wales Police,North Wales Police,-3.697364,53.289721,On or near Princess Road,W01000128,Conwy 009C,Anti-social behaviour,,
997e03b143336f4353862f3d4c1950f03141efde17b81481dfa17061a69723b4,2023-06,North Wales Police,North Wales Police,-3.693018,53.288722,On or near Woodend Drive,W01000128,Conwy 009C,Criminal damage and arson,Investigation complete; no suspect identified,
6cb314c7b80a51aa246cf4be9e3a48d5c0f1784a73505a5b040b0fbbdc8089bc,2023-06,North Wales Police,North Wales Police,-3.694589,53.292008,On or near Queen'S Avenue,W01000128,Conwy 009C,Other theft,Investigation complete; no suspect identified,
101bfa41915f5e189ae0fe5e406bb4cb4962445b4ec1126782a13598d253296e,2023-06,North Wales Police,North Wales Police,-3.693752,53.289071,On or near Wynn Gardens,W01000128,Conwy 009C,Robbery,Investigation complete; no suspect identified,
ca10a83225d730596242989bf6632ecce384465d2c26c3b3b7dcd39321c1a67b,2023-06,North Wales Police,North Wales Police,-3.698873,53.289681,On or near Supermarket,W01000128,Conwy 009C,Shoplifting,Court result unavailable,
65988bcc8bbdac71a405ea33172ea52199cceccab36b07f5812baf239126b74c,2023-06,North Wales Police,North Wales Police,-3.693918,53.289851,On or near Wynnstay Road,W01000128,Conwy 009C,Shoplifting,Offender given a caution,
8005ab49210e27cc3837c27ba15b810bb7c1aa96788d9c996447c71de5f042d8,2023-06,North Wales Police,North Wales Police,-3.698873,53.289681,On or near Supermarket,W01000128,Conwy 009C,Shoplifting,Offender given a caution,
bfa76b383c39cd3fe1b061160ffc2fc6d1993738df00a74b73444fbf138ce552,2023-06,North Wales Police,North Wales Police,-3.698873,53.289681,On or near Supermarket,W01000128,Conwy 009C,Shoplifting,Offender given a caution,
2222b0df3527e58c8bfce7ed7ceb5a08c67c5c4f6ee74f9e6998a6768ff4b3d6,2023-06,North Wales Police,North Wales Police,-3.698873,53.289681,On or near Supermarket,W01000128,Conwy 009C,Shoplifting,Court result unavailable,
cb008e76619e5306f914e11793b870c2aced597ca8b63ffe3f067490c82b04d2,2023-06,North Wales Police,North Wales Police,-3.692181,53.291440,On or near Clifton Road,W01000128,Conwy 009C,Violence and sexual offences,Unable to prosecute suspect,
6296180f9a0b8b36e7e2fb229db572cc9381b0fd9bfdba1b95b6223158d650aa,2023-06,North Wales Police,North Wales Police,-3.696730,53.290009,On or near Plas Wylfa,W01000128,Conwy 009C,Violence and sexual offences,Court result unavailable,
3abf0eb942916dbb72b51275f93683a5c39ff4d285310a537de9e0226ceb9ce9,2023-06,North Wales Police,North Wales Police,-3.692181,53.291440,On or near Clifton Road,W01000128,Conwy 009C,Violence and sexual offences,Unable to prosecute suspect,
3c84c97a526ba2e75cef5fffb907e491dc90be7febb405f114988f43aa978174,2023-06,North Wales Police,North Wales Police,-3.690362,53.292122,On or near Queensway,W01000128,Conwy 009C,Violence and sexual offences,Unable to prosecute suspect,
4c7803cf59bb51a420a29ce64db80d3acb7682897ccaa27fdd5ebd2ebc749879,2023-06,North Wales Police,North Wales Police,-3.688892,53.290219,On or near Heather Close,W01000128,Conwy 009C,Violence and sexual offences,Unable to prosecute suspect,
40eb80bae79181c3fc3c7bd77ffd7a5f8ea84bc3b8294bd74b4ffdefe085558c,2023-06,North Wales Police,North Wales Police,-3.641844,53.289474,On or near Y Gelli,W01000153,Conwy 009D,Criminal damage and arson,Unable to prosecute suspect,
d8c73943f6a0b8f194d0586939092afefe9b99cd5c5a85f030829e2eac4b34e5,2023-06,North Wales Police,North Wales Police,-3.643437,53.290719,On or near Petrol Station,W01000153,Conwy 009D,Drugs,Status update unavailable,
9d0409e683953a54b7bf6fd46e1727bd213b048d8859b8913917dce3704ee545,2023-06,North Wales Police,North Wales Police,-3.640014,53.287934,On or near Tan-Y-Marian,W01000153,Conwy 009D,Other theft,Unable to prosecute suspect,
e2784cd3af07c3885d9e0a0b97a5e2b8156acb03d7dd0363a66e844b7ec5150b,2023-06,North Wales Police,North Wales Police,-3.643330,53.289894,On or near Maes Ffynnon,W01000153,Conwy 009D,Other theft,Investigation complete; no suspect identified,
d273abfa27e25db5d9861ecf2039bf38d513b3f095dda6ad02e6edf2698e694f,2023-06,North Wales Police,North Wales Police,-3.643437,53.290719,On or near Petrol Station,W01000153,Conwy 009D,Other theft,Investigation complete; no suspect identified,
d52a1b382124661cdb5ba84f05fe183c16039d6dfffc426bed216f3dd4c2d05a,2023-06,North Wales Police,North Wales Police,-3.643437,53.290719,On or near Petrol Station,W01000153,Conwy 009D,Other theft,Unable to prosecute suspect,
bb6608d9f2a5cd5e7ee91f9e51a23f579e2c772b5bed5bc43331496f5913e281,2023-06,North Wales Police,North Wales Police,-3.630604,53.278373,On or near Dol Acar,W01000153,Conwy 009D,Public order,Unable to prosecute suspect,
925c21096758e0f07565cfeb02437bce1e30fbe8657cd0f8f3e0a1332a1e304e,2023-06,North Wales Police,North Wales Police,-3.644317,53.286302,On or near Llindir Road,W01000153,Conwy 009D,Vehicle crime,Further investigation is not in the public interest,
bc73c13441e1be50c833877cceb4f1e557ae0e15f311f3e7f6a04e0677f6ab05,2023-06,North Wales Police,North Wales Police,-3.633648,53.275985,On or near Tan-Y-Foel,W01000153,Conwy 009D,Violence and sexual offences,Unable to prosecute suspect,
,2023-06,North Wales Police,North Wales Police,-3.680085,53.288320,On or near Pentraeth,W01000163,Conwy 009E,Anti-social behaviour,,
,2023-06,North Wales Police,North Wales Police,-3.677432,53.286470,On or near Cae Glas,W01000163,Conwy 009E,Anti-social behaviour,,
,2023-06,North Wales Police,North Wales Police,-3.678056,53.287846,On or near Mor Awel,W01000163,Conwy 009E,Anti-social behaviour,,
,2023-06,North Wales Police,North Wales Police,-3.675345,53.287183,On or near Berth-Y-Glyd Road,W01000163,Conwy 009E,Anti-social behaviour,,
9a24e93549c9207da220f21b999b24f22d93da414369bb23a59506da42d1c573,2023-06,North Wales Police,North Wales Police,-3.680085,53.288320,On or near Pentraeth,W01000163,Conwy 009E,Bicycle theft,Investigation complete; no suspect identified,
bfe35c1a6c914484b61e8b45cfaf9cbfcea8f9afc59f38665cd96a961df42e84,2023-06,North Wales Police,North Wales Police,-3.674992,53.286972,On or near Berth-Y-Glyd Road,W01000163,Conwy 009E,Possession of weapons,Investigation complete; no suspect identified,
ac072e1875dd62b543b52a19574e6c6c01f517b56ad8742686b23f1b43c998bf,2023-06,North Wales Police,North Wales Police,-3.657378,53.281123,On or near Dolwen Road,W01000163,Conwy 009E,Public order,Investigation complete; no suspect identified,
d1852a87f1b0c3b9520ddd4bf6892e37300d818cff031126a632887692bd8967,2023-06,North Wales Police,North Wales Police,-3.680085,53.288320,On or near Pentraeth,W01000163,Conwy 009E,Violence and sexual offences,Unable to prosecute suspect,
0fc10c92fbe99c35449efb6f64faa869a7c4aab8173ccf50bbef4c8779ce00a8,2023-06,North Wales Police,North Wales Police,-3.674992,53.286972,On or near Berth-Y-Glyd Road,W01000163,Conwy 009E,Violence and sexual offences,Unable to prosecute suspect,
1800f955150d2210159508255103e14345536bd46927f0d26397cdadf49f986e,2023-06,North Wales Police,North Wales Police,-3.680085,53.288320,On or near Pentraeth,W01000163,Conwy 009E,Violence and sexual offences,Unable to prosecute suspect,
20950bc7f8740ce5aabe2b5e159869e1f29f1e1f765a441419b0b5681eaeb465,2023-06,North Wales Police,North Wales Police,-3.677432,53.286470,On or near Cae Glas,W01000163,Conwy 009E,Violence and sexual offences,Unable to prosecute suspect,
cc2eea80c3ca042909e0b73fc53d63a0cdf3e76f56a792a65843f539a6a6373d,2023-06,North Wales Police,North Wales Police,-3.678056,53.287846,On or near Mor Awel,W01000163,Conwy 009E,Violence and sexual offences,Unable to prosecute suspect,
0bb8f5d5459c95ba2ba08660263f5542fd4204cb06fdc5fe39178100f86cd442,2023-06,North Wales Police,North Wales Police,-3.677432,53.286470,On or near Cae Glas,W01000163,Conwy 009E,Violence and sexual offences,Unable to prosecute suspect,
5c954e16db04b008193e6975e61319da0f57a85b3386aa17d95a78f92a74f2ba,2023-06,North Wales Police,North Wales Police,-3.678056,53.287846,On or near Mor Awel,W01000163,Conwy 009E,Violence and sexual offences,Offender given a caution,
,2023-06,North Wales Police,North Wales Police,-3.653812,53.284723,On or near Llys Trefor Jones,W01000164,Conwy 009F,Anti-social behaviour,,
7b4179b0208de108a30de9c3a33e000cbeed1b847740d24f1dd633cce17f6366,2023-06,North Wales Police,North Wales Police,-3.653735,53.281947,On or near Gadlas Road,W01000164,Conwy 009F,Bicycle theft,Investigation complete; no suspect identified,
550bd35b8880fa7c89349cdcfe59b02f58f08936c810fce5da572378bbfcaa90,2023-06,North Wales Police,North Wales Police,-3.653812,53.284723,On or near Llys Trefor Jones,W01000164,Conwy 009F,Public order,Unable to prosecute suspect,
,2023-06,North Wales Police,North Wales Police,-3.581731,53.281827,On or near High Street,W01000140,Conwy 010B,Anti-social behaviour,,
,2023-06,North Wales Police,North Wales Police,-3.573888,53.283926,On or near Cae Stalwyn,W01000140,Conwy 010B,Anti-social behaviour,,
,2023-06,North Wales Police,North Wales Police,-3.581702,53.279841,On or near Highfield Park,W01000140,Conwy 010B,Anti-social behaviour,,
,2023-06,North Wales Police,North Wales Police,-3.580708,53.283791,On or near Glanrafon,W01000140,Conwy 010B,Anti-social behaviour,,
,2023-06,North Wales Police,North Wales Police,-3.574567,53.281598,On or near Hendre Las,W01000140,Conwy 010B,Anti-social behaviour,,
54a4771201b05a5ef43f6150d9deb6697d6208c01585bee508534666fa6e3287,2023-06,North Wales Police,North Wales Police,-3.579285,53.284251,On or near Bridge Street,W01000140,Conwy 010B,Criminal damage and arson,Investigation complete; no suspect identified,
5d302e79bdbd1fbfd374cb060bd14988cad3e8335cd82985283b1f1d3ea09b97,2023-06,North Wales Police,North Wales Police,-3.575451,53.282773,On or near Maes-Y-Dre,W01000140,Conwy 010B,Other theft,Investigation complete; no suspect identified,
e74dd15664c9b80e11eb638618aab9426afbd5b4888099c47d813f175ff3d247,2023-06,North Wales Police,North Wales Police,-3.581921,53.283730,On or near New Street,W01000140,Conwy 010B,Violence and sexual offences,Unable to prosecute suspect,
7a78bfb256ff18e46fdf7f36fca527c37b48901ff6ad2f81e508f31445498820,2023-06,North Wales Police,North Wales Police,-3.544106,53.282500,On or near Rhuddlan Road,W01000140,Conwy 010B,Violence and sexual offences,Unable to prosecute suspect,
45252aff05e22d6bb46c9bf92e989ff118de517e3de906749ed7c08d6061cbc9,2023-06,North Wales Police,North Wales Police,-3.544106,53.282500,On or near Rhuddlan Road,W01000140,Conwy 010B,Violence and sexual offences,Unable to prosecute suspect,
76ec8f570bfc53015d9e14ce101933db943fba62d1f2228e4943c52157552ae0,2023-06,North Wales Police,North Wales Police,-3.575451,53.282773,On or near Maes-Y-Dre,W01000140,Conwy 010B,Violence and sexual offences,Investigation complete; no suspect identified,
02cc359aa80d6125db89fe6e735d65288b1b289bab1c9f547d96f1b483409f37,2023-06,North Wales Police,North Wales Police,-3.581731,53.281827,On or near High Street,W01000140,Conwy 010B,Violence and sexual offences,Investigation complete; no suspect identified,
0082715c8525867b2ffecdd06b257bbac54c8648a9393a8caf284ae6eac7ef92,2023-06,North Wales Police,North Wales Police,-3.544106,53.282500,On or near Rhuddlan Road,W01000140,Conwy 010B,Other crime,Unable to prosecute suspect,
3dc0a117437ed679762860507d23dff5e471b47d11d164f2a4e73162a0e5f65e,2023-06,North Wales Police,North Wales Police,-3.588957,53.281731,On or near Coed Gwern,W01000141,Conwy 010C,Violence and sexual offences,Investigation complete; no suspect identified,
,2023-06,North Wales Police,North Wales Police,-3.606523,53.276947,On or near Tan-Y-Gopa Road,W01000142,Conwy 010D,Anti-social behaviour,,
,2023-06,North Wales Police,North Wales Police,-3.586417,53.275517,On or near Y Wenallt,W01000142,Conwy 010D,Anti-social behaviour,,
8a6e75243fcf9eb74b6e6648b8e90f72f8d8e51256c5e011d96d51277aee3e97,2023-06,North Wales Police,North Wales Police,-3.582343,53.276892,On or near Bryn Rhosyn,W01000142,Conwy 010D,Violence and sexual offences,Status update unavailable,
0a5721c406b2b1be31ebdd50f35c0935f112d47d9b45ed32db63c37e8739d52c,2023-06,North Wales Police,North Wales Police,-3.586417,53.275517,On or near Y Wenallt,W01000142,Conwy 010D,Violence and sexual offences,Unable to prosecute suspect,
76142d9056fe8dd43f6f05399a520206d7e2dc3dfa50081a7a6a38fe30cd60b6,2023-06,North Wales Police,North Wales Police,-3.586417,53.275517,On or near Y Wenallt,W01000142,Conwy 010D,Violence and sexual offences,Unable to prosecute suspect,
8d8e29dff3a46f5e6f1010c36641174d0c332ab8c4ee1371b3fe76655d5de2a8,2023-06,North Wales Police,North Wales Police,-3.586417,53.275517,On or near Y Wenallt,W01000142,Conwy 010D,Violence and sexual offences,Unable to prosecute suspect,
6a0fec05e5e6e5cf60ba08543617b0406a18b369602905f34101c4eec2d1aa32,2023-06,North Wales Police,North Wales Police,-3.586417,53.275517,On or near Y Wenallt,W01000142,Conwy 010D,Violence and sexual offences,Unable to prosecute suspect,
,2023-06,North Wales Police,North Wales Police,-3.583697,53.286736,On or near Y Gerddi,W01000178,Conwy 010E,Anti-social behaviour,,
,2023-06,North Wales Police,North Wales Police,-3.581388,53.286749,On or near Pentre Ucha,W01000178,Conwy 010E,Anti-social behaviour,,
,2023-06,North Wales Police,North Wales Police,-3.582225,53.285470,On or near Water Street,W01000178,Conwy 010E,Anti-social behaviour,,
,2023-06,North Wales Police,North Wales Police,-3.583669,53.284750,On or near Church Street,W01000178,Conwy 010E,Anti-social behaviour,,
,2023-06,North Wales Police,North Wales Police,-3.574620,53.285067,On or near Berth Glyd,W01000178,Conwy 010E,Anti-social behaviour,,
,2023-06,North Wales Police,North Wales Police,-3.578726,53.285355,On or near Sports/Recreation Area,W01000178,Conwy 010E,Anti-social behaviour,,
7ea602da015972ce069ed6618c25ccfd5e1d88a0c1ca29d9c0dd016a3ebf8a59,2023-06,North Wales Police,North Wales Police,-3.577852,53.288513,On or near Ffordd-Y-Morfa,W01000178,Conwy 010E,Bicycle theft,Unable to prosecute suspect,
f9be1f47b95aeb0e7c574b24cf2004d2dc38968d346d9cf2839828cb2a27c061,2023-06,North Wales Police,North Wales Police,-3.574738,53.286074,On or near Sports/Recreation Area,W01000178,Conwy 010E,Bicycle theft,Investigation complete; no suspect identified,
48ad5fe8c1571ec41747a9d4a96b0e93a210e0b70998ba73acee5b55f91a8ac1,2023-06,North Wales Police,North Wales Police,-3.574620,53.285067,On or near Berth Glyd,W01000178,Conwy 010E,Criminal damage and arson,Unable to prosecute suspect,
05183c739924708332fa5470a610da52bb984159786a0fa65acf28cef7ca1aac,2023-06,North Wales Police,North Wales Police,-3.582127,53.284833,On or near Market Place,W01000178,Conwy 010E,Criminal damage and arson,Investigation complete; no suspect identified,
f1ffd4b60c651b3955419a794582c2f254c9bc401c802801757187f470031e01,2023-06,North Wales Police,North Wales Police,-3.581110,53.289791,On or near Dundonald Avenue,W01000178,Conwy 010E,Criminal damage and arson,Investigation complete; no suspect identified,
bfb75eab628e73574ffe7a5813efbca0808eb2810201c8f9de9b7a93b8b43613,2023-06,North Wales Police,North Wales Police,-3.574620,53.285067,On or near Berth Glyd,W01000178,Conwy 010E,Criminal damage and arson,Unable to prosecute suspect,
4604b437a56746a61f66b4ba130f8c55976be753875b12c702b645adcf80d9a2,2023-06,North Wales Police,North Wales Police,-3.582705,53.285455,On or near Parking Area,W01000178,Conwy 010E,Other theft,Investigation complete; no suspect identified,
50528d35b62ac1f49b96e7207b016a2178114ceb34ff427e05a31b9f6f7f775a,2023-06,North Wales Police,North Wales Police,-3.574620,53.285067,On or near Berth Glyd,W01000178,Conwy 010E,Violence and sexual offences,Unable to prosecute suspect,
9f5d688a37d1f601ddd12b2ac821bb12d803fb112257712509fde426811e68b2,2023-06,North Wales Police,North Wales Police,-3.577852,53.288513,On or near Ffordd-Y-Morfa,W01000178,Conwy 010E,Violence and sexual offences,Unable to prosecute suspect,
1c8d35895a81ab5836312d5f5d999fdf3f94e1a4926a0f7ca7b822053a97b53d,2023-06,North Wales Police,North Wales Police,-3.578726,53.285355,On or near Sports/Recreation Area,W01000178,Conwy 010E,Violence and sexual offences,Status update unavailable,
4ac309b18b5dd9894632f01fd491bffb3408a61408f504244082d60fe8fff5b0,2023-06,North Wales Police,North Wales Police,-3.574139,53.284229,On or near Rhuddlan Road,W01000178,Conwy 010E,Violence and sexual offences,Action to be taken by another organisation,
7fcc4780263dfade7a72d44a77f975a915d7b2d7ba9a767585cf6400100f108b,2023-06,North Wales Police,North Wales Police,-3.578420,53.289674,On or near Penlan,W01000178,Conwy 010E,Violence and sexual offences,Unable to prosecute suspect,
af981e05d7bd818e3dbe11d74522882dc8cd19a5bac3ec0c5ddff08fb499167f,2023-06,North Wales Police,North Wales Police,-3.580668,53.287181,On or near Clwyd Avenue,W01000178,Conwy 010E,Violence and sexual offences,Unable to prosecute suspect,
1e0bafa868d9c631fcd2b0c00bdfb29f2420b2ce849853d7c289e1550b0c76a0,2023-06,North Wales Police,North Wales Police,-3.581388,53.286749,On or near Pentre Ucha,W01000178,Conwy 010E,Violence and sexual offences,Unable to prosecute suspect,
1cde74fe6f065e3d59683a3d78c62a48d8f9dd13ac4765c997bdc8215a228ab0,2023-06,North Wales Police,North Wales Police,-3.578420,53.289674,On or near Penlan,W01000178,Conwy 010E,Violence and sexual offences,Unable to prosecute suspect,
9fcf75221ea673b0bd4f94d697bc593c93ebc48097fa23ee44b11a4281d4023d,2023-06,North Wales Police,North Wales Police,-3.583669,53.284750,On or near Church Street,W01000178,Conwy 010E,Violence and sexual offences,Investigation complete; no suspect identified,
b1c9bcd5eb654721bece51e184fb9f9236884cf4e3f2f90efce99bba721a8770,2023-06,North Wales Police,North Wales Police,-3.580668,53.287181,On or near Clwyd Avenue,W01000178,Conwy 010E,Violence and sexual offences,Unable to prosecute suspect,
34fce0201f0bfc75c965b61a9c5e8220cee7ab43285ef6923f1b6d4ba875e0d9,2023-06,North Wales Police,North Wales Police,-3.580668,53.287181,On or near Clwyd Avenue,W01000178,Conwy 010E,Violence and sexual offences,Unable to prosecute suspect,
dee479cb873a469fd731d8cf4dc928b5d6deaf7bf11f0e4c26232f713b5ce68a,2023-06,North Wales Police,North Wales Police,-3.574620,53.285067,On or near Berth Glyd,W01000178,Conwy 010E,Violence and sexual offences,Formal action is not in the public interest,
f8df3c7734b3e84e2181e75552b84989a30cde65501ba25c7739c62ee77a6e8e,2023-06,North Wales Police,North Wales Police,-3.581009,53.290296,On or near Pentre Mawr,W01000178,Conwy 010E,Violence and sexual offences,Unable to prosecute suspect,
806943d73c0fb827239982fad21695ca628d7ba0a845d7906699b59770d3f94f,2023-06,North Wales Police,North Wales Police,-3.581388,53.286749,On or near Pentre Ucha,W01000178,Conwy 010E,Violence and sexual offences,Investigation complete; no suspect identified,
86f3865b50471f1fd73788095ef39a7dc6e12a9b265afae89a14a1106ab95899,2023-06,North Wales Police,North Wales Police,-3.585516,53.286820,On or near Groes Lwyd,W01000179,Conwy 010F,Shoplifting,Unable to prosecute suspect,
,2023-06,North Wales Police,North Wales Police,-3.592556,53.285728,On or near Kingswood Place,W01000179,Conwy 010F,Anti-social behaviour,,
,2023-06,North Wales Police,North Wales Police,-3.598007,53.289907,On or near Cae Ddol,W01000179,Conwy 010F,Anti-social behaviour,,
080237cb5143eef9caddab8beca3e33679af9b76f5d151dfbe5d0a09c4c6a600,2023-06,North Wales Police,North Wales Police,-3.598007,53.289907,On or near Cae Ddol,W01000179,Conwy 010F,Burglary,Unable to prosecute suspect,
fab2798e81261ad757b5cfd412e41a0ec1730e75b1d78d616b67db6c99623e0d,2023-06,North Wales Police,North Wales Police,-3.598700,53.288379,On or near Cae Eithin,W01000179,Conwy 010F,Criminal damage and arson,Investigation complete; no suspect identified,
f5ceb8fe8d38cd75aa86a090edb450949bdb0fcb101bc2cc32aa04df355552cd,2023-06,North Wales Police,North Wales Police,-3.598007,53.289907,On or near Cae Ddol,W01000179,Conwy 010F,Other theft,Unable to prosecute suspect,
847cae7b382e93f54bca9a6db5a37f4cdd10704b7cb66e43c02ca8b0d0891644,2023-06,North Wales Police,North Wales Police,-3.585516,53.286820,On or near Groes Lwyd,W01000179,Conwy 010F,Shoplifting,Investigation complete; no suspect identified,
e66956b70460ba41783a27b415e7756b697b7d8849017b5f78d319235e525692,2023-06,North Wales Police,North Wales Police,-3.585516,53.286820,On or near Groes Lwyd,W01000179,Conwy 010F,Shoplifting,Investigation complete; no suspect identified,
4372c70f74f794e472dca145bab028266b14e7657116186ebc80a96c8fb2c265,2023-06,North Wales Police,North Wales Police,-3.585516,53.286820,On or near Groes Lwyd,W01000179,Conwy 010F,Shoplifting,Court result unavailable,
16825e53f490c0620de274eed2a1d48ec0e335a78ba662c2597aeefa9edd1375,2023-06,North Wales Police,North Wales Police,-3.585516,53.286820,On or near Groes Lwyd,W01000179,Conwy 010F,Shoplifting,Investigation complete; no suspect identified,
e1507806366602b511da2717761f6e60d9d47f2e41bd5cb6ebaea1aac0419f91,2023-06,North Wales Police,North Wales Police,-3.585516,53.286820,On or near Groes Lwyd,W01000179,Conwy 010F,Shoplifting,Court result unavailable,
318e0a945935615630d6b22e3344a711ff87b52c5b210d736635c549b9889bec,2023-06,North Wales Police,North Wales Police,-3.585516,53.286820,On or near Groes Lwyd,W01000179,Conwy 010F,Shoplifting,Investigation complete; no suspect identified,
9617e00205200acfcbae3ff03175e9e1c15571f8fd7efb406579ac0c9a126a46,2023-06,North Wales Police,North Wales Police,-3.585516,53.286820,On or near Groes Lwyd,W01000179,Conwy 010F,Shoplifting,Investigation complete; no suspect identified,
319cd1d28128c5cd6399bf1bfc69a977311ed91a96cf0d34e1db8d6ebc67a466,2023-06,North Wales Police,North Wales Police,-3.591063,53.290755,On or near Mor Awel,W01000179,Conwy 010F,Violence and sexual offences,Status update unavailable,
ee48e12df8e11c7b8d99b5670b098d205bf21e27af796ace1e87e1d0d85791f6,2023-06,North Wales Police,North Wales Police,-3.598059,53.289295,On or near Rhyd Y Môr,W01000179,Conwy 010F,Violence and sexual offences,Unable to prosecute suspect,
1491309c0b73535e44c8a3a7834f8370c3cc980178e669839940a04b3dd5c5e8,2023-06,North Wales Police,North Wales Police,-3.599216,53.288938,On or near Plas Hesketh,W01000179,Conwy 010F,Other crime,Local resolution,
,2023-06,North Wales Police,North Wales Police,-3.567618,53.296226,On or near Rhodfa Cregyn,W01001927,Conwy 010G,Anti-social behaviour,,
,2023-06,North Wales Police,North Wales Police,-3.567618,53.296226,On or near Rhodfa Cregyn,W01001927,Conwy 010G,Anti-social behaviour,,
,2023-06,North Wales Police,North Wales Police,-3.570018,53.296203,On or near Ffordd Gwelfryn,W01001927,Conwy 010G,Anti-social behaviour,,
,2023-06,North Wales Police,North Wales Police,-3.570018,53.296203,On or near Ffordd Gwelfryn,W01001927,Conwy 010G,Anti-social behaviour,,
,2023-06,North Wales Police,North Wales Police,-3.570018,53.296203,On or near Ffordd Gwelfryn,W01001927,Conwy 010G,Anti-social behaviour,,
bcf95cadb5c40c6ad5bdd00b614600f7327b1f9f17a1f14d67d88c3cc677171a,2023-06,North Wales Police,North Wales Police,-3.570018,53.296203,On or near Ffordd Gwelfryn,W01001927,Conwy 010G,Public order,Investigation complete; no suspect identified,
1146344cb802dfb16b5ea0dfefb78a3db919e290a0a2dc186c96d8d6feaee714,2023-06,North Wales Police,North Wales Police,-3.563676,53.296745,On or near Seafield Drive,W01001927,Conwy 010G,Vehicle crime,Investigation complete; no suspect identified,
122a032ea3b7921362e28b0664b1f6486deb9ef9e8f5d332a78662aa0507238e,2023-06,North Wales Police,North Wales Police,-3.570018,53.296203,On or near Ffordd Gwelfryn,W01001927,Conwy 010G,Violence and sexual offences,Court result unavailable,
f88cd7aee035aae5a34c5fe237b0b51e65587d6727280a691dc2c4370b7fce9d,2023-06,North Wales Police,North Wales Police,-3.570018,53.296203,On or near Ffordd Gwelfryn,W01001927,Conwy 010G,Violence and sexual offences,Unable to prosecute suspect,
5653b0b7fde9b9de14cfcc2760a2d3b5640c17df39e0110a9fc125a6d071582c,2023-06,North Wales Police,North Wales Police,-3.568083,53.294593,On or near Lon Glanfor,W01001927,Conwy 010G,Violence and sexual offences,Action to be taken by another organisation,
,2023-06,North Wales Police,North Wales Police,-3.578291,53.294314,On or near Berllan,W01001928,Conwy 010H,Anti-social behaviour,,
,2023-06,North Wales Police,North Wales Police,-3.578291,53.294314,On or near Berllan,W01001928,Conwy 010H,Anti-social behaviour,,
,2023-06,North Wales Police,North Wales Police,-3.579170,53.294132,On or near Pen Llyn,W01001928,Conwy 010H,Anti-social behaviour,,
,2023-06,North Wales Police,North Wales Police,-3.579084,53.293018,On or near Craig-Y-Don,W01001928,Conwy 010H,Anti-social behaviour,,
,2023-06,North Wales Police,North Wales Police,-3.580390,53.294277,On or near Marine Road,W01001928,Conwy 010H,Anti-social behaviour,,
,2023-06,North Wales Police,North Wales Police,-3.579811,53.293620,On or near Rhodfa'R De,W01001928,Conwy 010H,Anti-social behaviour,,
,2023-06,North Wales Police,North Wales Police,-3.582778,53.293113,On or near Dundonald Avenue,W01001928,Conwy 010H,Anti-social behaviour,,
,2023-06,North Wales Police,North Wales Police,-3.581329,53.293276,On or near Kingsway,W01001928,Conwy 010H,Anti-social behaviour,,
,2023-06,North Wales Police,North Wales Police,-3.575821,53.295291,On or near Towyn Road,W01001928,Conwy 010H,Anti-social behaviour,,
4b3ce81172b80bd849a186438c9ff09a505295cfdbadcaacfb8189b20d541d9c,2023-06,North Wales Police,North Wales Police,-3.579170,53.294132,On or near Pen Llyn,W01001928,Conwy 010H,Burglary,Court result unavailable,
83ba5b4ab672eab85b4c93209654d4e9afcac56838439aaf6f39e99e25b459c6,2023-06,North Wales Police,North Wales Police,-3.576772,53.293399,On or near Lon-Y-Gors,W01001928,Conwy 010H,Criminal damage and arson,Investigation complete; no suspect identified,
f4e847f6ba5d7ff9e0ce094b061225815531e96cce69201aa69e6dec84c0a700,2023-06,North Wales Police,North Wales Police,-3.580390,53.294277,On or near Marine Road,W01001928,Conwy 010H,Drugs,Court result unavailable,
af0a08a48f3fd0d497906fa27708c801a135131f28fbec1558fe2f469a76bd74,2023-06,North Wales Police,North Wales Police,-3.580390,53.294277,On or near Marine Road,W01001928,Conwy 010H,Other theft,Unable to prosecute suspect,
df8c0965f049cf3302d87288e02f4e711c3760e13d771505c866699a3ec73dc9,2023-06,North Wales Police,North Wales Police,-3.573937,53.293005,On or near Yr Encil,W01001928,Conwy 010H,Other theft,Investigation complete; no suspect identified,
a05e8b49ba31efa257b1ea271a50ea312f54d10033e80347c8f5c57cddd45df6,2023-06,North Wales Police,North Wales Police,-3.579811,53.293620,On or near Rhodfa'R De,W01001928,Conwy 010H,Other theft,Unable to prosecute suspect,
713288dd185d09a8dacf7353f1ccc2b27739eafe2b492feec9e9bb9dbcb64bc2,2023-06,North Wales Police,North Wales Police,-3.575821,53.295291,On or near Towyn Road,W01001928,Conwy 010H,Public order,Investigation complete; no suspect identified,
dce642a5f804100869274dfcb5e7b98fb2c54920034957935265e73c4b89313b,2023-06,North Wales Police,North Wales Police,-3.579811,53.293620,On or near Rhodfa'R De,W01001928,Conwy 010H,Public order,Investigation complete; no suspect identified,
696e7b320597d74fdab5140510d6d028ea333516592d8b60cd55e02bbd986449,2023-06,North Wales Police,North Wales Police,-3.582778,53.293113,On or near Dundonald Avenue,W01001928,Conwy 010H,Public order,Investigation complete; no suspect identified,
90ec5f5dfc988c87e8acb51e5f657504763375bfde39e8f3f01c72506f2e2dcf,2023-06,North Wales Police,North Wales Police,-3.581106,53.293738,On or near Meirion,W01001928,Conwy 010H,Shoplifting,Further investigation is not in the public interest,
7bd7e05cfb33c73e175c66a6641d657e02bc079d7ee31368aa62d55944d68ac0,2023-06,North Wales Police,North Wales Police,-3.581106,53.293738,On or near Meirion,W01001928,Conwy 010H,Shoplifting,Investigation complete; no suspect identified,
d845540d1670beaa5a5b82d3e15aa4e4178b3e91cf3bb5013655f5de174b4d24,2023-06,North Wales Police,North Wales Police,-3.581106,53.293738,On or near Meirion,W01001928,Conwy 010H,Shoplifting,Court result unavailable,
0fe70c8ed857a055a133ada9ec410a5e5ba1b86e5ba91e5f6cd9518c8e0fab58,2023-06,North Wales Police,North Wales Police,-3.581106,53.293738,On or near Meirion,W01001928,Conwy 010H,Shoplifting,Investigation complete; no suspect identified,
1ecdd1db1ac69d4c9324c8e80ecca2d29b097b812e6d16cc2d6828dea2858e2d,2023-06,North Wales Police,North Wales Police,-3.578291,53.294314,On or near Berllan,W01001928,Conwy 010H,Vehicle crime,Unable to prosecute suspect,
034562d65da9d3566877d3e1c077a58ce6bd6086ab3945bfd778517ee7b3de81,2023-06,North Wales Police,North Wales Police,-3.576350,53.293747,On or near Morlais,W01001928,Conwy 010H,Violence and sexual offences,Unable to prosecute suspect,
3145b95195715acc5e1bb29c54dc2e3fd6887db4eb93ff8a96f9938dac37f513,2023-06,North Wales Police,North Wales Police,-3.581106,53.293738,On or near Meirion,W01001928,Conwy 010H,Violence and sexual offences,Unable to prosecute suspect,
35563caaf1627cf48014e2b327aef41b1b4fed43c355cef55661922822a940ba,2023-06,North Wales Police,North Wales Police,-3.576350,53.293747,On or near Morlais,W01001928,Conwy 010H,Violence and sexual offences,Unable to prosecute suspect,
6fc5634360a92cb7a262e74ec006964afc417b0bb1fee9934e649f6239c25e0d,2023-06,North Wales Police,North Wales Police,-3.579170,53.294132,On or near Pen Llyn,W01001928,Conwy 010H,Violence and sexual offences,Unable to prosecute suspect,
5ad267e8a3cdb26e128d36ace1d37d8bf5deb21f0292a5f833233bb0916ac660,2023-06,North Wales Police,North Wales Police,-3.580390,53.294277,On or near Marine Road,W01001928,Conwy 010H,Violence and sexual offences,Unable to prosecute suspect,
33805f60ed13670524dfaef2b217b14aedd076255a98cc1b21a10fbb2911b27e,2023-06,North Wales Police,North Wales Police,-3.575821,53.295291,On or near Towyn Road,W01001928,Conwy 010H,Violence and sexual offences,Investigation complete; no suspect identified,
3a45bef04b3bd9da755b6fa286baccaf7229df3212ad06b664ffa58a8ce7085e,2023-06,North Wales Police,North Wales Police,-3.580390,53.294277,On or near Marine Road,W01001928,Conwy 010H,Violence and sexual offences,Unable to prosecute suspect,
277fac672a8a4fc8f03c664f167c52a55570706b9d7fc49e5b37dd458201e7e0,2023-06,North Wales Police,North Wales Police,-3.582778,53.293113,On or near Dundonald Avenue,W01001928,Conwy 010H,Violence and sexual offences,Unable to prosecute suspect,
c11aaa23123d6cba1fa785c7ba0437eb74bd704e52c15114aa995a0b01eda8d9,2023-06,North Wales Police,North Wales Police,-3.578291,53.294314,On or near Berllan,W01001928,Conwy 010H,Violence and sexual offences,Unable to prosecute suspect,
64d11f592e18ab6f07a9d12fe3a730b4cf58466eb9a476fadfd7cf918209b5dc,2023-06,North Wales Police,North Wales Police,-3.579170,53.294132,On or near Pen Llyn,W01001928,Conwy 010H,Violence and sexual offences,Further investigation is not in the public interest,
3bde526eee832fd263333cd1b263f20f96140c6bd3b2a5fc32b42848f63ea906,2023-06,North Wales Police,North Wales Police,-3.579170,53.294132,On or near Pen Llyn,W01001928,Conwy 010H,Violence and sexual offences,Investigation complete; no suspect identified,
dd34cf9dcf8a906bb80e2422d6cafbbdc85bb20bd799aa23f70d5fd1b399de3e,2023-06,North Wales Police,North Wales Police,-3.576350,53.293747,On or near Morlais,W01001928,Conwy 010H,Violence and sexual offences,Unable to prosecute suspect,
bdecab9967832ebcf38a56c56df18a83fea0e64f3d71386d5aaa7e8a8002de17,2023-06,North Wales Police,North Wales Police,-3.579170,53.294132,On or near Pen Llyn,W01001928,Conwy 010H,Violence and sexual offences,Investigation complete; no suspect identified,
2e6136bb0172c121de70d3f5f8b01479cd250f2c39d3c25cab64fe49e55ad12a,2023-06,North Wales Police,North Wales Police,-3.573810,53.294454,On or near Anneddle,W01001928,Conwy 010H,Violence and sexual offences,Unable to prosecute suspect,
733c833d4e288695bbb05c003eac0b66b075a77bfc95c6b753a708fe5b7ec03c,2023-06,North Wales Police,North Wales Police,-3.579811,53.293620,On or near Rhodfa'R De,W01001928,Conwy 010H,Other crime,Unable to prosecute suspect,
,2023-06,North Wales Police,North Wales Police,-3.759422,53.291329,On or near Hazlewood Close,W01000167,Conwy 011C,Anti-social behaviour,,
,2023-06,North Wales Police,North Wales Police,-3.761778,53.293164,On or near Llys Ednyfed,W01000167,Conwy 011C,Anti-social behaviour,,
ddc79400b2912d70d798a743727f33410acd88dc8212e23be20419d461aca8b8,2023-06,North Wales Police,North Wales Police,-3.761778,53.293164,On or near Llys Ednyfed,W01000167,Conwy 011C,Burglary,Investigation complete; no suspect identified,
ac8a3c449b3240e8538a9c0c48716d59cac93ca721bda732861f1553e1d034b9,2023-06,North Wales Police,North Wales Police,-3.761620,53.290065,On or near Tanyrallt Street,W01000167,Conwy 011C,Other theft,Investigation complete; no suspect identified,
0fdc5d7e2c4838bd1ea17d2ef1b281dc109cec758856ab57958f0ac5aff9dfa3,2023-06,North Wales Police,North Wales Police,-3.765154,53.288790,On or near Old Conway Road,W01000167,Conwy 011C,Vehicle crime,Investigation complete; no suspect identified,
5fa5de05ec637e66e65beb55d46d2d4ff92817dd8e14c13e20fd0201c9982efd,2023-06,North Wales Police,North Wales Police,-3.762788,53.294732,On or near Ffordd Euryn,W01000167,Conwy 011C,Violence and sexual offences,Action to be taken by another organisation,
ea92dac9ba1e2d49653241d8940e184355ae333d32c08987babab21b87ceb22d,2023-06,North Wales Police,North Wales Police,-3.761442,53.289367,On or near Heol Fryn,W01000167,Conwy 011C,Violence and sexual offences,Action to be taken by another organisation,
cbe5dcb4ec794a0dac88635a0cc9286aa87c39e4ab0dde4f8017aec5df7a26fe,2023-06,North Wales Police,North Wales Police,-3.761442,53.289367,On or near Heol Fryn,W01000167,Conwy 011C,Violence and sexual offences,Unable to prosecute suspect,
b26d18b0a25016ebadd635c48c7f4be0fbca5dc27d3e70d62c1924e361b3fb70,2023-06,North Wales Police,North Wales Police,-3.761568,53.290623,On or near Singleton Crescent,W01000167,Conwy 011C,Violence and sexual offences,Formal action is not in the public interest,
d650bf811eb4db8af83ed47d725b9e62dfcfda0f2e1ca1526a4a5e5ccbc648eb,2023-06,North Wales Police,North Wales Police,-3.762811,53.293113,On or near Glan Road,W01000167,Conwy 011C,Violence and sexual offences,Unable to prosecute suspect,
5327d0c7a41f8e8a0a2222e664ebe11a22189ec65ac1100f2d5c10d2c7e8a00a,2023-06,North Wales Police,North Wales Police,-3.764189,53.294145,On or near Ffordd Mynach,W01000167,Conwy 011C,Violence and sexual offences,Unable to prosecute suspect,
0c07cb4c184aa8618be10b7d76b733337e5599a879425c7cd894dac22f8e8bf4,2023-06,North Wales Police,North Wales Police,-3.763494,53.291836,On or near Garth Road South,W01000167,Conwy 011C,Violence and sexual offences,Unable to prosecute suspect,
,2023-06,North Wales Police,North Wales Police,-3.810552,53.282419,On or near Sports/Recreation Area,W01000176,Conwy 011D,Anti-social behaviour,,
,2023-06,North Wales Police,North Wales Police,-3.803381,53.282042,On or near River View Terrace,W01000176,Conwy 011D,Anti-social behaviour,,
,2023-06,North Wales Police,North Wales Police,-3.803669,53.285310,On or near Penrhos Avenue,W01000176,Conwy 011D,Anti-social behaviour,,
f7c280575227ed50c777702edee3906b6b5caf7900adb93077bb0e12593f6083,2023-06,North Wales Police,North Wales Police,-3.806417,53.284316,On or near Ty'N-Y-Fron Road,W01000176,Conwy 011D,Burglary,Unable to prosecute suspect,
fbe1484fceb2c08b0f705f7af2d20ec3b6b53a5d550e9fba4fa892f9a5f8e5b4,2023-06,North Wales Police,North Wales Police,-3.801081,53.286554,On or near Ronald Avenue,W01000176,Conwy 011D,Burglary,Investigation complete; no suspect identified,
415c93ea9c92f8c9c2d58f4225770ccbe27c217fcb6cc197ad2c638a363351b8,2023-06,North Wales Police,North Wales Police,-3.809976,53.284396,On or near Parking Area,W01000176,Conwy 011D,Criminal damage and arson,Formal action is not in the public interest,
9e9e839efe48e42ea01c63eb6e293314481cf9359dc07ee9a09c99dfb7fec9ff,2023-06,North Wales Police,North Wales Police,-3.799883,53.283740,On or near Maes Derw,W01000176,Conwy 011D,Criminal damage and arson,Unable to prosecute suspect,
866ce7038585e3a64d99c2b9b0d3a56011c3064ea09f8324a20a9e7ec07f57c5,2023-06,North Wales Police,North Wales Police,-3.804561,53.278356,On or near Park/Open Space,W01000176,Conwy 011D,Criminal damage and arson,Investigation complete; no suspect identified,
d734ad484703ef03ab78b4073f3cdc3acc7fbe0d8b97c67fc4d3938ae2b02693,2023-06,North Wales Police,North Wales Police,-3.809976,53.284396,On or near Parking Area,W01000176,Conwy 011D,Drugs,Court result unavailable,
76f713bef70651e28215de3232506b72fc5c431abda2132dff862ca085c2ecbe,2023-06,North Wales Police,North Wales Police,-3.804391,53.283942,On or near Supermarket,W01000176,Conwy 011D,Shoplifting,Investigation complete; no suspect identified,
41f992cce58716ac8c00a02235d487b44be0eb571e03e544f9812b26438356d2,2023-06,North Wales Police,North Wales Police,-3.804561,53.278356,On or near Park/Open Space,W01000176,Conwy 011D,Vehicle crime,Investigation complete; no suspect identified,
b94b57c0be6eebbc8ee4b0ba3e4a5c2617dd4adf33e7ef0b78521b82b566291b,2023-06,North Wales Police,North Wales Police,-3.799329,53.284854,On or near Dol Dderw,W01000176,Conwy 011D,Violence and sexual offences,Action to be taken by another organisation,
b538ab4b09b3bff9810790f725976b8a1f5deb438918065c29a0f30121218415,2023-06,North Wales Police,North Wales Police,-3.800653,53.284592,On or near Bryn Derw,W01000176,Conwy 011D,Violence and sexual offences,Unable to prosecute suspect,
cea18057eba861e1574b656f9a76140ef817c6d0760a282d4a836fa92cfa978a,2023-06,North Wales Police,North Wales Police,-3.799329,53.284854,On or near Dol Dderw,W01000176,Conwy 011D,Violence and sexual offences,Action to be taken by another organisation,
f9cdf92c644f339f81eeed104749445213fe5cdf3541dbe12a214649a33fbb56,2023-06,North Wales Police,North Wales Police,-3.810552,53.282419,On or near Sports/Recreation Area,W01000176,Conwy 011D,Violence and sexual offences,Investigation complete; no suspect identified,
b57d44c548f1f590b3bd3b3b02b619d64450238f5da76ddf71ead3823fd62d81,2023-06,North Wales Police,North Wales Police,-3.809976,53.284396,On or near Parking Area,W01000176,Conwy 011D,Violence and sexual offences,Court result unavailable,
b2ffa805fdacade55b25de36a6fd2478872beaaeb485e6d1a069fb7d56df2099,2023-06,North Wales Police,North Wales Police,-3.807246,53.284042,On or near Caradoc Road,W01000176,Conwy 011D,Violence and sexual offences,Offender given a caution,
,2023-06,North Wales Police,North Wales Police,-3.793971,53.285870,On or near Pen Dyffryn,W01000177,Conwy 011E,Anti-social behaviour,,
ee2b3f133869fec2b5215520ce16fe8dee357596e8069b2b5e2262a50f7160e8,2023-06,North Wales Police,North Wales Police,-3.795152,53.285762,On or near Cilgwyn,W01000177,Conwy 011E,Violence and sexual offences,Court result unavailable,
de8878a46b8d9ddb2b297b3faa16386d4175c59003604972a2914de767e49e20,2023-06,North Wales Police,North Wales Police,-3.793971,53.285870,On or near Pen Dyffryn,W01000177,Conwy 011E,Violence and sexual offences,Investigation complete; no suspect identified,
1dbf06ba7e8db4184bd1ecdd7c2abd57de2ad43c989aa3faddde28f86dbd96b4,2023-06,North Wales Police,North Wales Police,-3.795140,53.288684,On or near Cae'R Llynen,W01000177,Conwy 011E,Violence and sexual offences,Unable to prosecute suspect,
aa6feb78890496b17ee7013474f767b09520d2e4f23bca7871b5cf8f8b5cece8,2023-06,North Wales Police,North Wales Police,-3.785685,53.287181,On or near Pabo Lane,W01000177,Conwy 011E,Other crime,Formal action is not in the public interest,
71f2e9b241c65adf6ea7d8d343a375d3119edea6d9db0f458b348c51d5798f27,2023-06,North Wales Police,North Wales Police,-3.793097,53.266420,On or near Tan-Y-Maes,W01001926,Conwy 011F,Violence and sexual offences,Unable to prosecute suspect,
,2023-06,North Wales Police,North Wales Police,-3.791995,53.269106,On or near Parc Derwen,W01001926,Conwy 011F,Anti-social behaviour,,
,2023-06,North Wales Police,North Wales Police,-3.796407,53.267413,On or near Llewelyn Avenue,W01001926,Conwy 011F,Anti-social behaviour,,
dbf898c9f869636a35193be8f11fe7937410c72f249b8b290bb559e99ab7dee9,2023-06,North Wales Police,North Wales Police,-3.796407,53.267413,On or near Llewelyn Avenue,W01001926,Conwy 011F,Violence and sexual offences,Unable to prosecute suspect,
400638f8663ccb79c909889637be387240b5995a4fd900f39e89d5e6f6863c07,2023-06,North Wales Police,North Wales Police,-3.795823,53.267102,On or near Sports/Recreation Area,W01001926,Conwy 011F,Violence and sexual offences,Unable to prosecute suspect,
f9b54adb544eb5d7a42aa2f82e2017fd300f9b38de1b5b7983ad25562765e1e4,2023-06,North Wales Police,North Wales Police,-3.795823,53.267102,On or near Sports/Recreation Area,W01001926,Conwy 011F,Violence and sexual offences,Unable to prosecute suspect,
f27373eea114337d3411902c25a6e1d22c8419407b2b17b8b6d6dd571eff4452,2023-06,North Wales Police,North Wales Police,-3.793089,53.265161,On or near Maes Hyfryd,W01001926,Conwy 011F,Violence and sexual offences,Unable to prosecute suspect,
97acb5ea856ade4a576081bf9b379f05962c4c12c128cda113c770ede5df088b,2023-06,North Wales Police,North Wales Police,-3.797467,53.266938,On or near Llanrwst Road,W01001926,Conwy 011F,Violence and sexual offences,Unable to prosecute suspect,
d42226b27556ec33e35d0e84b3929b55dec8f27e7c02961a25a69900ee86bb0c,2023-06,North Wales Police,North Wales Police,-3.795823,53.267102,On or near Sports/Recreation Area,W01001926,Conwy 011F,Violence and sexual offences,Unable to prosecute suspect,
09e95f147891e89918d1abdd43211d32f2fc036c718aa9d466977f4f585cb4d6,2023-06,North Wales Police,North Wales Police,-3.796407,53.267413,On or near Llewelyn Avenue,W01001926,Conwy 011F,Violence and sexual offences,Unable to prosecute suspect,
6c78e27c9c7681268c657ea6d514b0f81cc101db770abfc3b31af28d6685266c,2023-06,North Wales Police,North Wales Police,-3.795823,53.267102,On or near Sports/Recreation Area,W01001926,Conwy 011F,Violence and sexual offences,Unable to prosecute suspect,
e3c81abcc52825802c254297813234a8f42d6c57186c38d7310bcb738f0818f4,2023-06,North Wales Police,North Wales Police,-3.796407,53.267413,On or near Llewelyn Avenue,W01001926,Conwy 011F,Violence and sexual offences,Action to be taken by another organisation,
bc266085249124e3f1c9cc548d594e95c215ca6c2cecfc92fdb1d828249fe6d7,2023-06,North Wales Police,North Wales Police,-3.795823,53.267102,On or near Sports/Recreation Area,W01001926,Conwy 011F,Violence and sexual offences,Unable to prosecute suspect,
289d2b2756b5827ca65ee6ca1d705f18cec5da34586d6d6fe731706be7992124,2023-06,North Wales Police,North Wales Police,-3.797379,53.265187,On or near Benarth,W01001926,Conwy 011F,Violence and sexual offences,Investigation complete; no suspect identified,
7faaee1c551497f515522423bafdd96bd599265d5d3bf5b612a3aef719643424,2023-06,North Wales Police,North Wales Police,-3.796715,53.262958,On or near Pen Y Gaer,W01001926,Conwy 011F,Violence and sexual offences,Unable to prosecute suspect,
cea89e90668c4ffb0e72c7e3a481bb049fa1c2601be17e8c61797655ca4f5ec7,2023-06,North Wales Police,North Wales Police,-3.796407,53.267413,On or near Llewelyn Avenue,W01001926,Conwy 011F,Violence and sexual offences,Action to be taken by another organisation,
85b1360e26da0fc99d6c16620733f515116a4e22eb72e1c02ab95244e6f71c5f,2023-06,North Wales Police,North Wales Police,-3.796715,53.262958,On or near Pen Y Gaer,W01001926,Conwy 011F,Other crime,Action to be taken by another organisation,
665632daa793e48e303a39db39d05ef0b03fffc6e9531ef2f6434127a8869e88,2023-06,North Wales Police,North Wales Police,-3.842817,53.213339,On or near Parking Area,W01000124,Conwy 012A,Violence and sexual offences,Unable to prosecute suspect,
88020d296a077bfc466b756481f33e7ee0067398e7da56a192040e5c4d6aefa5,2023-06,North Wales Police,North Wales Police,-3.845456,53.211387,On or near Parking Area,W01000124,Conwy 012A,Violence and sexual offences,Court result unavailable,
3670466690cbe6230419fd4ac711a32119d968153bfbf435353492805798bf7b,2023-06,North Wales Police,North Wales Police,-3.845888,53.202216,On or near Hendy,W01000124,Conwy 012A,Violence and sexual offences,Investigation complete; no suspect identified,
2c8b3e21f0978caffadf62041bb7abdcde279a638b5c7dca911cfe0c741e291c,2023-06,North Wales Police,North Wales Police,-3.838996,53.287710,On or near Morfa Drive,W01000129,Conwy 012B,Bicycle theft,Investigation complete; no suspect identified,
09b83df15d4c1bb68dbebb2b879f4e514298a0880fbb0c133dbe3423eafbbd46,2023-06,North Wales Police,North Wales Police,-3.838996,53.287710,On or near Morfa Drive,W01000129,Conwy 012B,Bicycle theft,Investigation complete; no suspect identified,
3be8c35ad2c912e18a2540f3a9cb2b8ba586035816a74cf5106c188376b5f446,2023-06,North Wales Police,North Wales Police,-3.838996,53.287710,On or near Morfa Drive,W01000129,Conwy 012B,Violence and sexual offences,Unable to prosecute suspect,
66c18b1bc6945a92e7b7c1ac40862407db3d3a7ffeec59b38ad5e0c71e876ad6,2023-06,North Wales Police,North Wales Police,-3.838069,53.290224,On or near Parking Area,W01000129,Conwy 012B,Violence and sexual offences,Unable to prosecute suspect,
205ece0250f7e3143fec6bcb62bce27eca6c359645dce7e62964faaf65281238,2023-06,North Wales Police,North Wales Police,-3.839747,53.285631,On or near Cwrt Llewelyn Court,W01000129,Conwy 012B,Violence and sexual offences,Unable to prosecute suspect,
7d1678365d7b757fde30b4dc99b2a39092ebb45f897351f63b9952d5a45c537b,2023-06,North Wales Police,North Wales Police,-3.840597,53.282741,On or near Mountain Road,W01000129,Conwy 012B,Other crime,Action to be taken by another organisation,
,2023-06,North Wales Police,North Wales Police,-3.830738,53.280888,On or near York Place,W01000130,Conwy 012C,Anti-social behaviour,,
,2023-06,North Wales Police,North Wales Police,-3.827866,53.280033,On or near Parking Area,W01000130,Conwy 012C,Anti-social behaviour,,
4ec3dc65f574f69749d0453449517420d1bc8e1e7259013f552d60ef3ddacbec,2023-06,North Wales Police,North Wales Police,-3.826252,53.280516,On or near Castle Square,W01000130,Conwy 012C,Bicycle theft,Investigation complete; no suspect identified,
3f112a1a4600d5509021dac2111d24f71df92918a5d0b17e7a53e49a7a019c46,2023-06,North Wales Police,North Wales Police,-3.826252,53.280516,On or near Castle Square,W01000130,Conwy 012C,Burglary,Status update unavailable,
d680844c56e0b5b4a4193973c573b0173668c977d768ac132481a87246bb0460,2023-06,North Wales Police,North Wales Police,-3.826252,53.280516,On or near Castle Square,W01000130,Conwy 012C,Burglary,Investigation complete; no suspect identified,
414ae30dac4db0f04e490b92b07ad5df2024b30bc55628a0b1ad202068914df1,2023-06,North Wales Police,North Wales Police,-3.829818,53.280417,On or near Church Street,W01000130,Conwy 012C,Burglary,Local resolution,
1d882dcde82c67b568faecf904c184f42ac20ebab71fc142c15d7fbec13f825f,2023-06,North Wales Police,North Wales Police,-3.827549,53.281045,On or near Castle Street,W01000130,Conwy 012C,Burglary,Investigation complete; no suspect identified,
f43bedd232cc5f852f3f7de45ab2ea1497ab8ee604381eea69ba9e3180841ee1,2023-06,North Wales Police,North Wales Police,-3.826252,53.280516,On or near Castle Square,W01000130,Conwy 012C,Burglary,Investigation complete; no suspect identified,
7785f51c7e0c726a5a5ccdaf7ab5cee5f3c214833ade5b5eb49aa6a34257ec20,2023-06,North Wales Police,North Wales Police,-3.829097,53.282163,On or near Berry Street,W01000130,Conwy 012C,Criminal damage and arson,Unable to prosecute suspect,
206150e6c6408aebb33bc571b93f2b4215765bca13ea523bbfa040726d419331,2023-06,North Wales Police,North Wales Police,-3.829097,53.282163,On or near Berry Street,W01000130,Conwy 012C,Criminal damage and arson,Investigation complete; no suspect identified,
efc6d8446b424549ea4a7eb2d7564f8e08fd476c49ec19f1cdf369f5d8ab1b94,2023-06,North Wales Police,North Wales Police,-3.830471,53.280254,On or near Parking Area,W01000130,Conwy 012C,Criminal damage and arson,Investigation complete; no suspect identified,
c375bbc380df8699369437162c31a28c4d381b46fa4a89626ab02dedf08154ae,2023-06,North Wales Police,North Wales Police,-3.832336,53.280378,On or near Upper Gate Street,W01000130,Conwy 012C,Criminal damage and arson,Investigation complete; no suspect identified,
8e11347df7c10fa71eae73b2e9885013dd82c2bc22c750d49fdc605e507947b7,2023-06,North Wales Police,North Wales Police,-3.832336,53.280378,On or near Upper Gate Street,W01000130,Conwy 012C,Other theft,Status update unavailable,
8c145c5e7366a09588b55b621ab8328ba9a371c5cbcb26932d0f3aa9886b031c,2023-06,North Wales Police,North Wales Police,-3.829097,53.282163,On or near Berry Street,W01000130,Conwy 012C,Other theft,Investigation complete; no suspect identified,
2f8aa699bde0d12f1e8be736501253cd587633b09e78c8346a8e6537ebd0548a,2023-06,North Wales Police,North Wales Police,-3.832336,53.280378,On or near Upper Gate Street,W01000130,Conwy 012C,Other theft,Status update unavailable,
e9491bf042876b55423ae43ad102ba058745cad7818b551bc460adbd16014fb3,2023-06,North Wales Police,North Wales Police,-3.827549,53.281045,On or near Castle Street,W01000130,Conwy 012C,Public order,Investigation complete; no suspect identified,
b167b1f2dfb148536551cba9ab377fabea37e2ddafe759652606e47036095361,2023-06,North Wales Police,North Wales Police,-3.830471,53.280254,On or near Parking Area,W01000130,Conwy 012C,Public order,Investigation complete; no suspect identified,
7c298788afb8ca34489c46983d26e8bbc3f333ec54e267a5eebed01d4326d4e3,2023-06,North Wales Police,North Wales Police,-3.835460,53.281517,On or near Bryn Celyn,W01000130,Conwy 012C,Violence and sexual offences,Investigation complete; no suspect identified,
a2fd967590bcdf93240aa1fac510c8aba17f32924ee812aadec19096a4aafae5,2023-06,North Wales Police,North Wales Police,-3.835460,53.281517,On or near Bryn Celyn,W01000130,Conwy 012C,Violence and sexual offences,Investigation complete; no suspect identified,
8db1620e0e3acaf76d880827f43b3962a9d989da056004a6448bd8a48840731a,2023-06,North Wales Police,North Wales Police,-3.829097,53.282163,On or near Berry Street,W01000130,Conwy 012C,Violence and sexual offences,Local resolution,
b3e6000218ad9ff283b52e792324614e30699452ecbf1c8ebc0bef75cd51149b,2023-06,North Wales Police,North Wales Police,-3.830738,53.280888,On or near York Place,W01000130,Conwy 012C,Violence and sexual offences,Investigation complete; no suspect identified,
5f4ee46064d1924a27f012a724721af9cbedb7b3a2713585c6a22c9714092f72,2023-06,North Wales Police,North Wales Police,-3.831978,53.281121,On or near Pool Lane,W01000130,Conwy 012C,Violence and sexual offences,Investigation complete; no suspect identified,
e809b218e9aba7a921bec1fbe2c1bff7e162809bb89c6bbfc26d560d71fe1abd,2023-06,North Wales Police,North Wales Police,-3.826252,53.280516,On or near Castle Square,W01000130,Conwy 012C,Violence and sexual offences,Unable to prosecute suspect,
fb9b9e0aa302d303bc21644e61f83f54cee15d0a3a6d4bd12a106a54313977e7,2023-06,North Wales Police,North Wales Police,-3.832336,53.280378,On or near Upper Gate Street,W01000130,Conwy 012C,Violence and sexual offences,Unable to prosecute suspect,
c1b862421b5cd9a63e9791b9d61aec6c14424dfafe69d64bcd537f0482656b05,2023-06,North Wales Police,North Wales Police,-3.835115,53.278016,On or near St Agnes Road,W01000130,Conwy 012C,Violence and sexual offences,Action to be taken by another organisation,
bd2dda25d7e16b6fe589fa31de4976bd875433889e057c531b06ad53c4b838a1,2023-06,North Wales Police,North Wales Police,-3.830738,53.280888,On or near York Place,W01000130,Conwy 012C,Other crime,Investigation complete; no suspect identified,
,2023-06,North Wales Police,North Wales Police,-3.845365,53.277453,On or near Lon Y Dderwen,W01000131,Conwy 012D,Anti-social behaviour,,
,2023-06,North Wales Police,North Wales Police,-3.845365,53.277453,On or near Lon Y Dderwen,W01000131,Conwy 012D,Anti-social behaviour,,
,2023-06,North Wales Police,North Wales Police,-3.840575,53.276295,On or near Gorlan,W01000131,Conwy 012D,Anti-social behaviour,,
d32a38824f4d999b5570e9c17c594a01a513cf4a29f9cb9a8cc8fca9c05f6e4f,2023-06,North Wales Police,North Wales Police,-3.845365,53.277453,On or near Lon Y Dderwen,W01000131,Conwy 012D,Violence and sexual offences,Further action is not in the public interest,
,2023-06,North Wales Police,North Wales Police,-3.973309,53.251453,On or near Pool Street,W01000123,Conwy 013A,Anti-social behaviour,,
9176515bf11f262200024b657cd7f1d962dca2a02b0577ccd3b278e20ef0f83d,2023-06,North Wales Police,North Wales Police,-3.979308,53.252810,On or near Aber Road,W01000123,Conwy 013A,Criminal damage and arson,Unable to prosecute suspect,
5b6923814f27c5bb156959531c55e10c3b1f1f28def59c336422cc067267a168,2023-06,North Wales Police,North Wales Police,-3.978662,53.254403,On or near Plas Gwyn Road,W01000123,Conwy 013A,Criminal damage and arson,Investigation complete; no suspect identified,
cbbd0f4a2cd40e79167188052c1a073bb2d2289186028e633ee22117bb359100,2023-06,North Wales Police,North Wales Police,-3.973309,53.251453,On or near Pool Street,W01000123,Conwy 013A,Criminal damage and arson,Unable to prosecute suspect,
fe39f4a716d95beaf493763f4a2df320fe94f4a9c074ab5e55b9b0d00b613726,2023-06,North Wales Police,North Wales Police,-3.980271,53.258728,On or near Shore Road,W01000123,Conwy 013A,Other theft,Local resolution,
f47a8b53d1a03640dbac9b46ba81fcf86a02495ba2313c841276995e4b41beb4,2023-06,North Wales Police,North Wales Police,-3.978662,53.254403,On or near Plas Gwyn Road,W01000123,Conwy 013A,Other theft,Unable to prosecute suspect,
f353b2d8a14e50434e66ec7883cd4697d7133c3b538e477c5e030154a20bef8d,2023-06,North Wales Police,North Wales Police,-3.977846,53.257519,On or near Garthwen,W01000123,Conwy 013A,Other theft,Investigation complete; no suspect identified,
56d5c8b5182a0d8a73fccb3adf220103eff8c2f57ea54cbf22c081fa601b5923,2023-06,North Wales Police,North Wales Police,-3.978715,53.254915,On or near Fron Park Avenue,W01000123,Conwy 013A,Public order,Unable to prosecute suspect,
5487efd9bb2486a86e0e246035ae90213bf2fc2836fbe54f56cdcf9811808ee6,2023-06,North Wales Police,North Wales Police,-3.976037,53.256982,On or near Maes Glanarfon,W01000123,Conwy 013A,Public order,Unable to prosecute suspect,
d72cad85bb251e15333fcc63daf2399326367e4805570daf19a64119f1826209,2023-06,North Wales Police,North Wales Police,-3.979308,53.252810,On or near Aber Road,W01000123,Conwy 013A,Violence and sexual offences,Investigation complete; no suspect identified,
1af6f9e1def6c9c90b64103ee68d8f9898aa0f6fd472957e48b8d45bdaee7e18,2023-06,North Wales Police,North Wales Police,-3.976037,53.256982,On or near Maes Glanarfon,W01000123,Conwy 013A,Violence and sexual offences,Status update unavailable,
87cbaa75dba0c7e3ef8385f43d21a503ed0756ed3e17d43eeb13d053dc4b9138,2023-06,North Wales Police,North Wales Police,-3.973309,53.251453,On or near Pool Street,W01000123,Conwy 013A,Violence and sexual offences,Unable to prosecute suspect,
1b65d42ab750b4c8a177502bec67300519fa9c666917c0bf471b42967f5ed45d,2023-06,North Wales Police,North Wales Police,-3.979308,53.252810,On or near Aber Road,W01000123,Conwy 013A,Violence and sexual offences,Unable to prosecute suspect,
,2023-06,North Wales Police,North Wales Police,-3.901146,53.279139,On or near Sports/Recreation Area,W01000125,Conwy 013B,Anti-social behaviour,,
,2023-06,North Wales Police,North Wales Police,-3.893194,53.281117,On or near Glan-Yr-Afon Road,W01000125,Conwy 013B,Anti-social behaviour,,
,2023-06,North Wales Police,North Wales Police,-3.889312,53.285611,On or near Parking Area,W01000125,Conwy 013B,Anti-social behaviour,,
53939e17eaa8f3fc6121350f471d890bbe8b2debd413f92d388e469fdf16807c,2023-06,North Wales Police,North Wales Police,-3.904258,53.277282,On or near Ysguborwen Road,W01000125,Conwy 013B,Criminal damage and arson,Investigation complete; no suspect identified,
db090617284db46b28c8ba922aec785d8e1da977dfac6d7c7019c3dcef9dffc1,2023-06,North Wales Police,North Wales Police,-3.899798,53.278836,On or near Gwel Y Môr,W01000125,Conwy 013B,Other theft,Investigation complete; no suspect identified,
c9d8d1205fc9d22a8ad8677d90d0fe6eb44d1845e7df82e0cb99ab1675351c52,2023-06,North Wales Police,North Wales Police,-3.893194,53.281117,On or near Glan-Yr-Afon Road,W01000125,Conwy 013B,Violence and sexual offences,Unable to prosecute suspect,
4fb616f6a4af0815ff2cfe7553ce84fc3bc84c9ba57765d10d46e90da76629ce,2023-06,North Wales Police,North Wales Police,-3.900863,53.273434,On or near Ffordd Hen Conwy,W01000125,Conwy 013B,Violence and sexual offences,Unable to prosecute suspect,
820b5474da2e99a74cfd0a3b26164ce8d83f86307a36907eb699602eeb02edc1,2023-06,North Wales Police,North Wales Police,-3.889312,53.285611,On or near Parking Area,W01000125,Conwy 013B,Violence and sexual offences,Unable to prosecute suspect,
4eec072c09a1d95849399a8b1664c5805bff23181dabaedd612625537d1cba3f,2023-06,North Wales Police,North Wales Police,-3.901146,53.279139,On or near Sports/Recreation Area,W01000125,Conwy 013B,Violence and sexual offences,Unable to prosecute suspect,
3068196cc4e2e55784b0b0a069331ac350fadaff6ef2bb2ba517aabe45fad600,2023-06,North Wales Police,North Wales Police,-3.901146,53.279139,On or near Sports/Recreation Area,W01000125,Conwy 013B,Violence and sexual offences,Unable to prosecute suspect,
,2023-06,North Wales Police,North Wales Police,-3.971281,53.250067,On or near Upper Mill Road,W01000170,Conwy 013C,Anti-social behaviour,,
f709089e0256c6689fe1d11d48864d43b55a613f270efc97bf264fc273f8575b,2023-06,North Wales Police,North Wales Police,-3.973362,53.253898,On or near The Close,W01000170,Conwy 013C,Other theft,Investigation complete; no suspect identified,
b0b2a1afd351668deda4ac4b9b47aee909d2fc6eb1c80bfabc076f732a4befd8,2023-06,North Wales Police,North Wales Police,-3.976990,53.253262,On or near Supermarket,W01000170,Conwy 013C,Public order,Investigation complete; no suspect identified,
3e1dca31e9d24705418be732809a9912d57b0d498e1381533dc629f30cc0bdff,2023-06,North Wales Police,North Wales Police,-3.976990,53.253262,On or near Supermarket,W01000170,Conwy 013C,Shoplifting,Investigation complete; no suspect identified,
6afbcda0a237894bdc82609a39da4ecd2ade398462d68925ea8893cc4dce22b6,2023-06,North Wales Police,North Wales Police,-3.976990,53.253262,On or near Supermarket,W01000170,Conwy 013C,Violence and sexual offences,Investigation complete; no suspect identified,
6f8345a85ac46ce9a4a585436c748089953e1498c3d2950b6403986879eb5500,2023-06,North Wales Police,North Wales Police,-3.973054,53.252420,On or near Bryn Road,W01000170,Conwy 013C,Violence and sexual offences,Unable to prosecute suspect,
0fbe882cb0c2cacfc08841cf429dc3e1485c818dd528ec27a1f8d246f032a1e2,2023-06,North Wales Police,North Wales Police,-3.965233,53.262654,On or near Pendalar,W01000170,Conwy 013C,Violence and sexual offences,Local resolution,
ef3a85c9ca9181bd6142e66c446b642f17e8e667dd47df7f74dbbddb07079167,2023-06,North Wales Police,North Wales Police,-3.976792,53.252861,On or near Parking Area,W01000170,Conwy 013C,Violence and sexual offences,Unable to prosecute suspect,
52491b7b7c8df1a03e7317dedf2dc60ac4441feb12ad9d665ec37f777e128684,2023-06,North Wales Police,North Wales Police,-3.973054,53.252420,On or near Bryn Road,W01000170,Conwy 013C,Violence and sexual offences,Investigation complete; no suspect identified,
3ff490f0b3d3675a1b6fac626b23a36bf0ea9eb3cfecde05886b8699469747ef,2023-06,North Wales Police,North Wales Police,-3.970998,53.252373,On or near Gorwel,W01000170,Conwy 013C,Violence and sexual offences,Unable to prosecute suspect,
,2023-06,North Wales Police,North Wales Police,-3.922172,53.267707,On or near Parking Area,W01000171,Conwy 013D,Anti-social behaviour,,
5eaa509048e809f1e274b78fca394127f4695449806116da69b444dbb6eb68c5,2023-06,North Wales Police,North Wales Police,-3.922172,53.267707,On or near Parking Area,W01000171,Conwy 013D,Burglary,Unable to prosecute suspect,
0fba6f659f78b339514534a3bf3e070c4134a1e8d62670def7dcb5833aeb8fbd,2023-06,North Wales Police,North Wales Police,-3.922172,53.267707,On or near Parking Area,W01000171,Conwy 013D,Criminal damage and arson,Action to be taken by another organisation,
3c020ec78932d04943e7a8f7cd0c693676aadfa30045765434b01e79fc838031,2023-06,North Wales Police,North Wales Police,-3.918693,53.271719,On or near Conway Road,W01000171,Conwy 013D,Criminal damage and arson,Status update unavailable,
0c71e95ed07c4935f0ed28ca2c03fc87823a4cf2c3a0f1f41cd1cc261a3110e8,2023-06,North Wales Police,North Wales Police,-3.916351,53.270327,On or near Ffordd Hen Conwy,W01000171,Conwy 013D,Criminal damage and arson,Unable to prosecute suspect,
592cf345fb492f858a48d7c03ec5e344ec78081bcf24cd048c3e66a8872f0a68,2023-06,North Wales Police,North Wales Police,-3.918693,53.271719,On or near Conway Road,W01000171,Conwy 013D,Criminal damage and arson,Unable to prosecute suspect,
d14c50167b5ad605adc10a303fee2ccc29c699876f608bc300912a55a3f4c106,2023-06,North Wales Police,North Wales Police,-3.910660,53.265106,On or near Mountain Lane,W01000171,Conwy 013D,Criminal damage and arson,Status update unavailable,
b202a0b1230544b896497349a82b5c19ec9116bf82539660cfe1f038390b445d,2023-06,North Wales Police,North Wales Police,-3.922172,53.267707,On or near Parking Area,W01000171,Conwy 013D,Public order,Action to be taken by another organisation,
915aefb8329d5a3a355ffdca28c767bb654d0fb5380aca69e270fd8f75651f5e,2023-06,North Wales Police,North Wales Police,-3.922172,53.267707,On or near Parking Area,W01000171,Conwy 013D,Public order,Action to be taken by another organisation,
e614640277e46fb6d13ad426f63bfe92bb9454bebbbd6482d7c8bb2d1013f4ec,2023-06,North Wales Police,North Wales Police,-3.923238,53.269066,On or near Brynmor Terrace,W01000171,Conwy 013D,Public order,Unable to prosecute suspect,
efbff4f604a9a4b63ace6bc56690f0f731ab85daa3d6cf1cff800821ab5dda6a,2023-06,North Wales Police,North Wales Police,-3.926463,53.268420,On or near Celyn Avenue,W01000171,Conwy 013D,Shoplifting,Local resolution,
5ad6691ed5682ae136e5a89f69540840a95cf87d30848d3d9c1082a525e2752b,2023-06,North Wales Police,North Wales Police,-3.926463,53.268420,On or near Celyn Avenue,W01000171,Conwy 013D,Shoplifting,Local resolution,
97a1808fbc14ccd6b4d914b7c683a612410227d26d246a1fc90c4571a9e45fd6,2023-06,North Wales Police,North Wales Police,-3.921296,53.270904,On or near Llys Sambrook,W01000171,Conwy 013D,Violence and sexual offences,Unable to prosecute suspect,
37bca17c2b50e6c0547839ec00983d868baf12119057e5abd9e43d9445799d00,2023-06,North Wales Police,North Wales Police,-3.919045,53.267515,On or near Brookside Close,W01000171,Conwy 013D,Violence and sexual offences,Unable to prosecute suspect,
66077c70c13f900e29bc1172b40782029698a89241d411b7ee26fb51acaaa6d7,2023-06,North Wales Police,North Wales Police,-3.916351,53.270327,On or near Ffordd Hen Conwy,W01000171,Conwy 013D,Violence and sexual offences,Investigation complete; no suspect identified,
ace09e6f37ae0d5d4862f00e1337cdb0a3974172f7438d5c7910963f395a51d2,2023-06,North Wales Police,North Wales Police,-3.918693,53.271719,On or near Conway Road,W01000171,Conwy 013D,Violence and sexual offences,Unable to prosecute suspect,
84fc354452a548278186f9a670fd05e2a192fac1056e7bd513e71098057fd2e1,2023-06,North Wales Police,North Wales Police,-3.924692,53.269393,On or near Llanerch-Y-Mor,W01000171,Conwy 013D,Violence and sexual offences,Investigation complete; no suspect identified,
a315b042a565bc8be7f89f4fe155aa9d6c59ddab4278ee6c5acab9422566987b,2023-06,North Wales Police,North Wales Police,-3.922172,53.267707,On or near Parking Area,W01000171,Conwy 013D,Violence and sexual offences,Unable to prosecute suspect,
49464515ca58f9388dd65d32f7bd4170e99efcdeed85c032abb26d1d57fbc316,2023-06,North Wales Police,North Wales Police,-3.922172,53.267707,On or near Parking Area,W01000171,Conwy 013D,Violence and sexual offences,Unable to prosecute suspect,
,2023-06,North Wales Police,North Wales Police,-3.932453,53.267901,On or near Ffordd Darbishire,W01000172,Conwy 013E,Anti-social behaviour,,
,2023-06,North Wales Police,North Wales Police,-3.936393,53.266488,On or near Chapel Street,W01000172,Conwy 013E,Anti-social behaviour,,
,2023-06,North Wales Police,North Wales Police,-3.930016,53.269055,On or near A55,W01000172,Conwy 013E,Anti-social behaviour,,
e681b83b971368c7712ad180e211b574c7c9a6590b9334a91962fe3275820d54,2023-06,North Wales Police,North Wales Police,-3.936393,53.266488,On or near Chapel Street,W01000172,Conwy 013E,Criminal damage and arson,Unable to prosecute suspect,
8f71e090ee14593f9852a69605d19d79cff84ef283054737f6cc04bfb0c7b56c,2023-06,North Wales Police,North Wales Police,-3.930016,53.269055,On or near A55,W01000172,Conwy 013E,Violence and sexual offences,Unable to prosecute suspect,
a03f10ec1ab614d7d3fbb61f1afed6b793215b63b123aa4c79c65177c8223a9a,2023-06,North Wales Police,North Wales Police,-3.936393,53.266488,On or near Chapel Street,W01000172,Conwy 013E,Violence and sexual offences,Unable to prosecute suspect,
664c2c9cb55fae1e93d384a40eb9b06c210639e07711ad36106927f390b5daf7,2023-06,North Wales Police,North Wales Police,-3.937459,53.265860,On or near Cwmlws Lane,W01000172,Conwy 013E,Violence and sexual offences,Investigation complete; no suspect identified,
,2023-06,North Wales Police,North Wales Police,-3.725112,53.261096,On or near Parking Area,W01000122,Conwy 014A,Anti-social behaviour,,
,2023-06,North Wales Police,North Wales Police,-3.645015,53.249021,On or near Maes Yr Haf,W01000122,Conwy 014A,Anti-social behaviour,,
,2023-06,North Wales Police,North Wales Police,-3.607630,53.217716,On or near Water Street,W01000122,Conwy 014A,Anti-social behaviour,,
0e25817637eea34c067ce309fc6fe0a3500ce501364661154781bd152c90ee81,2023-06,North Wales Police,North Wales Police,-3.580376,53.266257,On or near Hospital,W01000122,Conwy 014A,Criminal damage and arson,Further investigation is not in the public interest,
43506a2991a2614669f05ce324113f4b77270611218602ff6c902cbfd169b091,2023-06,North Wales Police,North Wales Police,-3.580376,53.266257,On or near Hospital,W01000122,Conwy 014A,Criminal damage and arson,Investigation complete; no suspect identified,
4022327aa8b20e0b7705ea466b1a95c59acaac4c7c850dc393c9c61a41865aa9,2023-06,North Wales Police,North Wales Police,-3.580376,53.266257,On or near Hospital,W01000122,Conwy 014A,Criminal damage and arson,Unable to prosecute suspect,
15689c654659ba01f98b41e42dadb3661302ad8ba7a268e59eb48cf575f1eaf4,2023-06,North Wales Police,North Wales Police,-3.725112,53.261096,On or near Parking Area,W01000122,Conwy 014A,Other theft,Investigation complete; no suspect identified,
d92835d4523e9bd471a7cdf9939039a501df08c2fca5f8db27e0d5d55dca6e52,2023-06,North Wales Police,North Wales Police,-3.604129,53.216630,On or near Cae Glas,W01000122,Conwy 014A,Public order,Unable to prosecute suspect,
a4e3597110b58d2872742832d3fd1326526981f905e390584cb8d90bb7a8d308,2023-06,North Wales Police,North Wales Police,-3.580376,53.266257,On or near Hospital,W01000122,Conwy 014A,Public order,Unable to prosecute suspect,
fb488892d31825e0fa5db810a6bc7f495c383fe7fab0e54a6a9a3f2605ee7ce7,2023-06,North Wales Police,North Wales Police,-3.645015,53.249021,On or near Maes Yr Haf,W01000122,Conwy 014A,Public order,Unable to prosecute suspect,
b11c440423b3534f34f1a03d905918ec3a9883ff40a9225ad8233f009dec1e60,2023-06,North Wales Police,North Wales Police,-3.580376,53.266257,On or near Hospital,W01000122,Conwy 014A,Violence and sexual offences,Unable to prosecute suspect,
99a028ee21d0f0ebb29fadde05c272fb57b47577a9332e83a7828db6dff2d1b5,2023-06,North Wales Police,North Wales Police,-3.604129,53.216630,On or near Cae Glas,W01000122,Conwy 014A,Violence and sexual offences,Court result unavailable,
e63ce034e77a8486f742d10f1bc40d95bf2cb37c186bc01f6a7e75e495a37c85,2023-06,North Wales Police,North Wales Police,-3.580376,53.266257,On or near Hospital,W01000122,Conwy 014A,Violence and sexual offences,Further investigation is not in the public interest,
054655d67c3551b01a934efe01ff34f2a8518d5f629bbc5ad438284063480d38,2023-06,North Wales Police,North Wales Police,-3.580376,53.266257,On or near Hospital,W01000122,Conwy 014A,Violence and sexual offences,Investigation complete; no suspect identified,
b91e569ccf3aab29b157543da1e4d096949d1652ee3989e7eb7912f5c83335e0,2023-06,North Wales Police,North Wales Police,-3.580376,53.266257,On or near Hospital,W01000122,Conwy 014A,Violence and sexual offences,Further investigation is not in the public interest,
996e508938d423f100a71e7c024c2ffef6964bc2138ef426a6864c3817f419a2,2023-06,North Wales Police,North Wales Police,-3.670436,53.258241,On or near Dolwen Road,W01000122,Conwy 014A,Violence and sexual offences,Investigation complete; no suspect identified,
ad466c3349ae1b6c05554810e15810c0120e8b8562686e89a7c04815f913e312,2023-06,North Wales Police,North Wales Police,-3.580376,53.266257,On or near Hospital,W01000122,Conwy 014A,Violence and sexual offences,Unable to prosecute suspect,
,2023-06,North Wales Police,North Wales Police,-3.686718,53.191963,On or near Fedwen Arian,W01000159,Conwy 014B,Anti-social behaviour,,
ae4b54c5fc832cd961901c2218f6865b54e754ddfc0128798881883c5911b8f1,2023-06,North Wales Police,North Wales Police,-3.649492,53.043861,On or near Parking Area,W01000159,Conwy 014B,Criminal damage and arson,Local resolution,
63256e3d57d2f0efbdc2da3c1b1da9a4decb212388de5c35537361d1cad1945a,2023-06,North Wales Police,North Wales Police,-3.704147,53.163801,On or near Glandwr,W01000159,Conwy 014B,Other theft,Investigation complete; no suspect identified,
85a545e6e0af6cb6cadefa40338752edbe87f0497d60376fc9d650a9f948c399,2023-06,North Wales Police,North Wales Police,-3.537235,53.136614,On or near Parking Area,W01000162,Conwy 014C,Other theft,Investigation complete; no suspect identified,
152a0c7f2ca61fae34a092c4acbbaccd5e908be621995c03a1a61cf5e27afabe,2023-06,North Wales Police,North Wales Police,-3.487111,53.171150,On or near Cae'R Gofaint,W01000162,Conwy 014C,Other theft,Investigation complete; no suspect identified,
fafefac1287ba5f28a60f9e61450f44211ff7f142dad8dd9817039e93fb44daa,2023-06,North Wales Police,North Wales Police,-3.594955,53.177622,On or near Sports/Recreation Area,W01000162,Conwy 014C,Public order,Investigation complete; no suspect identified,
b7428943d5f196010d8b3dcb6c9ba34045190816fa1f947e6b0751661a491d7a,2023-06,North Wales Police,North Wales Police,-3.526573,53.222791,On or near Parking Area,W01000162,Conwy 014C,Violence and sexual offences,Unable to prosecute suspect,
,2023-06,North Wales Police,North Wales Police,-3.533148,53.061686,On or near Parking Area,W01000190,Conwy 014D,Anti-social behaviour,,
52c2081f271df2ccf06a13bf3cbfd87c75d6b57e12639ca6164721e34a8c2026,2023-06,North Wales Police,North Wales Police,-3.611595,53.038634,On or near Sports/Recreation Area,W01000190,Conwy 014D,Criminal damage and arson,Investigation complete; no suspect identified,
bf54d177122c62555ad05ee0f7915f9c56a19221ee125b7ccaaa65395092e93d,2023-06,North Wales Police,North Wales Police,-3.507721,52.966334,On or near Parking Area,W01000190,Conwy 014D,Criminal damage and arson,Investigation complete; no suspect identified,
93218f9ad8f5565234662182d70721539a434d4601aa0dfbc188c24d8f9d887d,2023-06,North Wales Police,North Wales Police,-3.561286,53.025508,On or near Maes Y Llan,W01000190,Conwy 014D,Other theft,Investigation complete; no suspect identified,
9b3613f462c81ddae452183f71dbb0634dd1a244c305af8d2d42a1d8fd3fd28e,2023-06,North Wales Police,North Wales Police,-3.553415,53.060402,On or near Park/Open Space,W01000190,Conwy 014D,Other theft,Investigation complete; no suspect identified,
1026e750f1527febe3aa846dc7bbbbdc59bab3d3823a974046047047292c4255,2023-06,North Wales Police,North Wales Police,-3.561130,53.026553,On or near Ffordd Yr Alwen,W01000190,Conwy 014D,Violence and sexual offences,Unable to prosecute suspect,
,2023-06,North Wales Police,North Wales Police,-3.806008,53.094423,On or near Parking Area,W01000121,Conwy 015A,Anti-social behaviour,,
,2023-06,North Wales Police,North Wales Police,-3.824416,53.069140,On or near Parking Area,W01000121,Conwy 015A,Anti-social behaviour,,
,2023-06,North Wales Police,North Wales Police,-3.806008,53.094423,On or near Parking Area,W01000121,Conwy 015A,Anti-social behaviour,,
2f123fd589a137fbd0bc28b93a3ddc6f73adfa0f2fe5ffe16db5b9481982d094,2023-06,North Wales Police,North Wales Police,-3.802242,53.092618,On or near Sports/Recreation Area,W01000121,Conwy 015A,Criminal damage and arson,Status update unavailable,
abf786eab6dfd82897ea3cdec6c82cd6dc798812d861071778b165b9ad9b4b71,2023-06,North Wales Police,North Wales Police,-3.818240,53.092655,On or near Ffordd Gethin,W01000121,Conwy 015A,Criminal damage and arson,Investigation complete; no suspect identified,
0fc0a0e419693c48c616ed468af98594ace8f7d14c17afc4b03d052b4e4f2b00,2023-06,North Wales Police,North Wales Police,-3.966331,53.123096,On or near Parking Area,W01000121,Conwy 015A,Other theft,Investigation complete; no suspect identified,
3084a2f5a18eab517599458ced858220288ea99e6726fb65913640206dbd4046,2023-06,North Wales Police,North Wales Police,-3.966331,53.123096,On or near Parking Area,W01000121,Conwy 015A,Other theft,Investigation complete; no suspect identified,
c17163339e117dc57e818feb2705220141af8fc00be9f2de37af9f93d1c26a93,2023-06,North Wales Police,North Wales Police,-3.804433,53.094258,On or near Pentre Felin,W01000121,Conwy 015A,Shoplifting,Investigation complete; no suspect identified,
82332545e7a2657eec3d56859682019122f6f60c68012d5c5bd35800e9022440,2023-06,North Wales Police,North Wales Police,-3.798020,53.138156,On or near Ancaster Square,W01000134,Conwy 015B,Burglary,Court result unavailable,
a78178ebd9e49f07c2f8d3e087fcfa1a14772cf31a7aa620eeaed41162f486e3,2023-06,North Wales Police,North Wales Police,-3.797396,53.139316,On or near Plough Field,W01000134,Conwy 015B,Shoplifting,Formal action is not in the public interest,
,2023-06,North Wales Police,North Wales Police,-3.798020,53.138156,On or near Ancaster Square,W01000134,Conwy 015B,Anti-social behaviour,,
,2023-06,North Wales Police,North Wales Police,-3.796701,53.137708,On or near Owens Terrace,W01000134,Conwy 015B,Anti-social behaviour,,
150c47390a12a137d1946f5ea5f05d4a4687520dda1e58cd55d9bd2a3239d212,2023-06,North Wales Police,North Wales Police,-3.796023,53.140101,On or near Chapel Street,W01000134,Conwy 015B,Criminal damage and arson,Unable to prosecute suspect,
61e3282ca8df32882fb0fcde95ef310cbb9a6158a0c58fb744850560e3c72657,2023-06,North Wales Police,North Wales Police,-3.797396,53.139316,On or near Plough Field,W01000134,Conwy 015B,Shoplifting,Investigation complete; no suspect identified,
b87013e0e5356c127525c968c869cccf11fd28def229f15066a0d8866248e14b,2023-06,North Wales Police,North Wales Police,-3.797396,53.139316,On or near Plough Field,W01000134,Conwy 015B,Shoplifting,Investigation complete; no suspect identified,
4e496d8040aa56a57771b0d4cef1eff7b657f9f9598f99c3650ea3da79dc883c,2023-06,North Wales Police,North Wales Police,-3.797396,53.139316,On or near Plough Field,W01000134,Conwy 015B,Shoplifting,Investigation complete; no suspect identified,
e81093f9cd6e658bc4132578669ef6363de4df6ffd887cb417e5e6aac3eccf94,2023-06,North Wales Police,North Wales Police,-3.797396,53.139316,On or near Plough Field,W01000134,Conwy 015B,Shoplifting,Investigation complete; no suspect identified,
dd304c985cabeef791f285d2e422f4e985fc1f836b4e2c12d061c779ab0b4640,2023-06,North Wales Police,North Wales Police,-3.797396,53.139316,On or near Plough Field,W01000134,Conwy 015B,Shoplifting,Unable to prosecute suspect,
60a40ac6999010e7c53c5e134aa8ce9004dac6f099cf09f57a1330925d85564b,2023-06,North Wales Police,North Wales Police,-3.797396,53.139316,On or near Plough Field,W01000134,Conwy 015B,Shoplifting,Investigation complete; no suspect identified,
7392087c346f8590d02da16ab1cd2ce90585622ed4a8421eb7709d61f8bffa7a,2023-06,North Wales Police,North Wales Police,-3.789925,53.134754,On or near Maes Tawel,W01000134,Conwy 015B,Violence and sexual offences,Unable to prosecute suspect,
29ba950632fb7e895627c07f56738a30eda71dd9b39f827542bc7012490072ad,2023-06,North Wales Police,North Wales Police,-3.791443,53.141788,On or near Ffordd Newydd,W01000134,Conwy 015B,Violence and sexual offences,Formal action is not in the public interest,
d99032f30647df036d7d316de8b379acf0b9bec34ea2cf3cad2a5c344fcdfcbd,2023-06,North Wales Police,North Wales Police,-3.791388,53.133635,On or near Ffordd Berthddu,W01000134,Conwy 015B,Violence and sexual offences,Unable to prosecute suspect,
125f5ea87cd79abd86fb0e909a95d9fad7c20a9c1e9872ebfac0e4c20e87c6cc,2023-06,North Wales Police,North Wales Police,-3.784072,53.134128,On or near Sports/Recreation Area,W01000134,Conwy 015B,Violence and sexual offences,Local resolution,
6e679cd5efe95f77d198a79cdc6cf616e2ef0b567c1c0b0a57966a902ff80cf0,2023-06,North Wales Police,North Wales Police,-3.798020,53.138156,On or near Ancaster Square,W01000134,Conwy 015B,Violence and sexual offences,Further investigation is not in the public interest,
0c27249a0b95e14b0ddeaedd78e65847685abe83967b668e279b6e72de471168,2023-06,North Wales Police,North Wales Police,-3.796670,53.139480,On or near Plough Street,W01000134,Conwy 015B,Violence and sexual offences,Local resolution,
f3af1e70bc538899b803719db282908f0cd8ec23bf7d3cdd2d7e0e3de0ca276f,2023-06,North Wales Police,North Wales Police,-3.798020,53.138156,On or near Ancaster Square,W01000134,Conwy 015B,Violence and sexual offences,Unable to prosecute suspect,
c6e7d6ba275e95a7888f5ea489074ccdb6850e0d5d7793567319d57cb99400d0,2023-06,North Wales Police,North Wales Police,-3.791760,53.136470,On or near Y Berllan,W01000134,Conwy 015B,Violence and sexual offences,Unable to prosecute suspect,
7923e7f368caca1febd64f92a8acd5ad8aa6010772e93f72d92e4c9f71e0e130,2023-06,North Wales Police,North Wales Police,-3.798020,53.138156,On or near Ancaster Square,W01000134,Conwy 015B,Violence and sexual offences,Investigation complete; no suspect identified,
78d75454ae9a6b56a792f28937c81286e3e384112d186f6a0aba3c2f1f312327,2023-06,North Wales Police,North Wales Police,-3.799469,53.169590,On or near Ochry Garth,W01000137,Conwy 015C,Burglary,Investigation complete; no suspect identified,
797ab478981f4c9fde0a304bd8f7c1ec463d027fc4df19b83912582728e40b44,2023-06,North Wales Police,North Wales Police,-3.799469,53.169590,On or near Ochry Garth,W01000137,Conwy 015C,Burglary,Investigation complete; no suspect identified,
d3173bfd6cdf2b9d5adb8ab47f14f62bb0210f6cea9176a923dfac680caa517b,2023-06,North Wales Police,North Wales Police,-3.795471,53.218224,On or near Heol Martin,W01000137,Conwy 015C,Violence and sexual offences,Unable to prosecute suspect,
ef08f3a3b4451b85b3143139f2b7742263437042f1e445ad179979a82cc8ca0e,2023-06,North Wales Police,North Wales Police,-3.818151,53.228543,On or near Tal-Y-Cafn,W01000137,Conwy 015C,Violence and sexual offences,Unable to prosecute suspect,
0e5539558ff2a90a7f17c5baf59997595d5d66c4f935f9fbbeb2efc4d32f53d1,2023-06,North Wales Police,North Wales Police,-3.797629,53.144904,On or near Llanddoged Road,W01000148,Conwy 015D,Other theft,Unable to prosecute suspect,
f9f6557620238661c6090995753b4353043785d59fa108a93a4a04baadaee5b6,2023-06,North Wales Police,North Wales Police,-3.802171,53.144107,On or near Station Terrace,W01000148,Conwy 015D,Violence and sexual offences,Unable to prosecute suspect,
0e742174a6bc16180124d31f9bc90c32c72badeb9d6617feab108ec215a5b660,2023-06,North Wales Police,North Wales Police,-3.802171,53.144107,On or near Station Terrace,W01000148,Conwy 015D,Violence and sexual offences,Unable to prosecute suspect,
,2023-06,North Wales Police,North Wales Police,-3.861204,53.139630,On or near Parking Area,W01000185,Conwy 015E,Anti-social behaviour,,
ce35dd24232e25668648b227bc74e13515405b555e779fb8e3714c25370113b1,2023-06,North Wales Police,North Wales Police,-3.841124,53.184695,On or near Graham Road,W01000185,Conwy 015E,Criminal damage and arson,Status update unavailable,
e7b15f71f6bd2aa6e3dda878dff98b3c9945806f874a70b80d8360a601ed9692,2023-06,North Wales Police,North Wales Police,-3.825361,53.152546,On or near Maes Bodaelog,W01000185,Conwy 015E,Violence and sexual offences,Unable to prosecute suspect,
63d957047ac83f377d8e99a0cb9e375a6c07634baf4303903f519f3079033a28,2023-06,North Wales Police,North Wales Police,-3.825361,53.152546,On or near Maes Bodaelog,W01000185,Conwy 015E,Violence and sexual offences,Unable to prosecute suspect,
bafdb2987bf5f7ffbe3cd1219fee844fba4f428cd9ee193f20730b8cdab78885,2023-06,North Wales Police,North Wales Police,-3.794386,53.083955,On or near A470,W01000189,Conwy 015F,Criminal damage and arson,Investigation complete; no suspect identified,
366ff7f644edd805c6aa82ddfcbf07d4b7e123575da0b9df3cc331bced1789b1,2023-06,North Wales Police,North Wales Police,-3.773273,53.115899,On or near B5427,W01000189,Conwy 015F,Other theft,Investigation complete; no suspect identified,
,2023-06,North Wales Police,North Wales Police,-3.416056,53.337038,On or near Windermere Drive,W01000218,Denbighshire 001A,Anti-social behaviour,,
e6e2a2c5b35a4eb9af70027fbf19aedddcb0151145a618d08ee5064e4c7fc0c7,2023-06,North Wales Police,North Wales Police,-3.410934,53.339319,On or near Tre Borth,W01000218,Denbighshire 001A,Criminal damage and arson,Investigation complete; no suspect identified,
ff3276579d9eff9964de918b0be29b76d93538c94db102a283e9296426b05b99,2023-06,North Wales Police,North Wales Police,-3.407868,53.336047,On or near Bridge Road,W01000218,Denbighshire 001A,Shoplifting,Investigation complete; no suspect identified,
67730a7afe470eebb2f06e922471b5ab0f09465ed5e24354e2b95d84e77d0572,2023-06,North Wales Police,North Wales Police,-3.407868,53.336047,On or near Bridge Road,W01000218,Denbighshire 001A,Shoplifting,Investigation complete; no suspect identified,
a570ed84f9a68bbcbd3dc75fc68e8ab7f767190f738ea9305f76af2056f1f39c,2023-06,North Wales Police,North Wales Police,-3.407868,53.336047,On or near Bridge Road,W01000218,Denbighshire 001A,Shoplifting,Investigation complete; no suspect identified,
f406e190556755a711c326d274ce0f60d70fa6a6a38a3ff6a77797b13e9ba72d,2023-06,North Wales Police,North Wales Police,-3.407868,53.336047,On or near Bridge Road,W01000218,Denbighshire 001A,Shoplifting,Investigation complete; no suspect identified,
cacbb4abf21257f113dfaef3412420bbf983e843935c9c19f191eef2f1331a4b,2023-06,North Wales Police,North Wales Police,-3.416145,53.335661,On or near Chapel Road,W01000218,Denbighshire 001A,Vehicle crime,Investigation complete; no suspect identified,
0bb33c215e2e406165c3d11cbc45dbd0630350ec07bcc4125f7558f91d807353,2023-06,North Wales Police,North Wales Police,-3.413403,53.337213,On or near Sea Road,W01000218,Denbighshire 001A,Violence and sexual offences,Unable to prosecute suspect,
45f04f3f851a78a5ae1c270f81c19c9cc985a01dde83e88111fa22f74a9f21ff,2023-06,North Wales Police,North Wales Police,-3.414620,53.337234,On or near Derwent Close,W01000218,Denbighshire 001A,Violence and sexual offences,Unable to prosecute suspect,
ae4c4b0a5a7ed167b31ab8d072aca0a545401754d5caef91bcd1ca5f7915f427,2023-06,North Wales Police,North Wales Police,-3.413403,53.337213,On or near Sea Road,W01000218,Denbighshire 001A,Violence and sexual offences,Unable to prosecute suspect,
dba804dd63db2ab72fcda4e3f0026a84b5780d84134d4201d9b402f7f629d887,2023-06,North Wales Police,North Wales Police,-3.411645,53.339005,On or near Glan Mor,W01000218,Denbighshire 001A,Violence and sexual offences,Unable to prosecute suspect,
d7793540b2992dbeeae1398c39b3fdc049ee69540a00dc1902426f35a398e120,2023-06,North Wales Police,North Wales Police,-3.407868,53.336047,On or near Bridge Road,W01000218,Denbighshire 001A,Violence and sexual offences,Unable to prosecute suspect,
80f01b12230a26cfeebca9b242fe3938c97a30ea85500432583b2931796451c1,2023-06,North Wales Police,North Wales Police,-3.413403,53.337213,On or near Sea Road,W01000218,Denbighshire 001A,Violence and sexual offences,Unable to prosecute suspect,
,2023-06,North Wales Police,North Wales Police,-3.422669,53.337651,On or near Llys Bran,W01000219,Denbighshire 001B,Anti-social behaviour,,
,2023-06,North Wales Police,North Wales Police,-3.423781,53.333602,On or near Penley Avenue,W01000219,Denbighshire 001B,Anti-social behaviour,,
2ce9f2ab7319bd26aeade9e7f5c64db056a0b3cfc6372e142e3694c8ec29727a,2023-06,North Wales Police,North Wales Police,-3.423984,53.335649,On or near Berwyn Crescent,W01000219,Denbighshire 001B,Criminal damage and arson,Investigation complete; no suspect identified,
cb7373243ed0fb706004c0c7ab60430f9c954732297ed5e3b77613dd0c0e8c04,2023-06,North Wales Police,North Wales Police,-3.423165,53.335407,On or near Glandwr,W01000219,Denbighshire 001B,Other theft,Investigation complete; no suspect identified,
1c9f39f2e8184efcb2377f9af88058e4179f78e1e4371296148b4b874c34d8fc,2023-06,North Wales Police,North Wales Police,-3.429089,53.336037,On or near Ferguson Avenue,W01000219,Denbighshire 001B,Public order,Investigation complete; no suspect identified,
a9b6ac395777be6ed066d57e93a8931fde0ae3a091810fa6d3135471c51172f2,2023-06,North Wales Police,North Wales Police,-3.422669,53.337651,On or near Llys Bran,W01000219,Denbighshire 001B,Public order,Unable to prosecute suspect,
0dffe5d7828896d544d1ce4950fecf45c44e1e01f712de8edcc462821d9c7ec4,2023-06,North Wales Police,North Wales Police,-3.419549,53.335962,On or near Awelon Mor,W01000219,Denbighshire 001B,Vehicle crime,Investigation complete; no suspect identified,
8f29fa78f0204d83943b49027a7b60298856c3fe4b76255067264527651881a3,2023-06,North Wales Police,North Wales Police,-3.422669,53.337651,On or near Llys Bran,W01000219,Denbighshire 001B,Violence and sexual offences,Unable to prosecute suspect,
5090383c7da4eeacc256033b397b2701eb9181133987a1abdfa0baa3a92c2184,2023-06,North Wales Police,North Wales Police,-3.429089,53.336037,On or near Ferguson Avenue,W01000219,Denbighshire 001B,Violence and sexual offences,Unable to prosecute suspect,
0db535002e1a1baacf521efc3880eadceec90cf33ba53c9860c3f61fb2794cab,2023-06,North Wales Police,North Wales Police,-3.423683,53.336956,On or near Llys Ogwen,W01000219,Denbighshire 001B,Violence and sexual offences,Unable to prosecute suspect,
eae5530928d6d23ab2cfba5fc9565b447cd05efef81431b3204f1cf5dda4ffea,2023-06,North Wales Police,North Wales Police,-3.420128,53.334850,On or near Susan Grove,W01000219,Denbighshire 001B,Violence and sexual offences,Unable to prosecute suspect,
bb174378a9f3a5554c0fd2abd8267926e0d99ab1cc228dd03c124c5e0341a9eb,2023-06,North Wales Police,North Wales Police,-3.423683,53.336956,On or near Llys Ogwen,W01000219,Denbighshire 001B,Violence and sexual offences,Unable to prosecute suspect,
d81c996c779da2f66091fc932d9a298a520c04e71c9e3599a99938cfe64e4c66,2023-06,North Wales Police,North Wales Police,-3.416388,53.334364,On or near Min Y Morfa,W01000219,Denbighshire 001B,Violence and sexual offences,Unable to prosecute suspect,
f701f14557a9075dab6564b1adf7d401d1ca513f2145be2c46cd1f539eebb7f4,2023-06,North Wales Police,North Wales Police,-3.416388,53.334364,On or near Min Y Morfa,W01000219,Denbighshire 001B,Violence and sexual offences,Unable to prosecute suspect,
78803d2990b1b08613f5b1c39c6edd6fe542db21fd8ecb0bc8df0ce876a94147,2023-06,North Wales Police,North Wales Police,-3.416388,53.334364,On or near Min Y Morfa,W01000219,Denbighshire 001B,Violence and sexual offences,Unable to prosecute suspect,
ff9d00b5ab84183207c66c7caec1d299a76a63ae9a51fab019870e348948f982,2023-06,North Wales Police,North Wales Police,-3.426514,53.335852,On or near Rhodfa Cowlyd,W01000219,Denbighshire 001B,Violence and sexual offences,Unable to prosecute suspect,
96aa0c51a3b4f29f75fb226b0f80e3a442190104594cdefcdb066fa0188344da,2023-06,North Wales Police,North Wales Police,-3.422669,53.337651,On or near Llys Bran,W01000219,Denbighshire 001B,Violence and sexual offences,Unable to prosecute suspect,
39b7e90aa9c8a6f352aae3995888bd547c1719d6d68ac78effd8b901cd08e357,2023-06,North Wales Police,North Wales Police,-3.422669,53.337651,On or near Llys Bran,W01000219,Denbighshire 001B,Violence and sexual offences,Unable to prosecute suspect,
8ca1db5927126abfe312b3631df17025b32a0819d7639ae95e6da3049e076112,2023-06,North Wales Police,North Wales Police,-3.416388,53.334364,On or near Min Y Morfa,W01000219,Denbighshire 001B,Violence and sexual offences,Investigation complete; no suspect identified,
08f784ba55c2ed17a6190e2337a30ca11f6e0f1bfbf69427358a3ebde4f66671,2023-06,North Wales Police,North Wales Police,-3.416388,53.334364,On or near Min Y Morfa,W01000219,Denbighshire 001B,Other crime,Unable to prosecute suspect,
,2023-06,North Wales Police,North Wales Police,-3.436150,53.331188,On or near Stephen Road,W01000220,Denbighshire 001C,Anti-social behaviour,,
,2023-06,North Wales Police,North Wales Police,-3.428545,53.333239,On or near Ceg-Y-Ffordd,W01000220,Denbighshire 001C,Anti-social behaviour,,
,2023-06,North Wales Police,North Wales Police,-3.428545,53.333239,On or near Ceg-Y-Ffordd,W01000220,Denbighshire 001C,Anti-social behaviour,,
,2023-06,North Wales Police,North Wales Police,-3.428545,53.333239,On or near Ceg-Y-Ffordd,W01000220,Denbighshire 001C,Anti-social behaviour,,
,2023-06,North Wales Police,North Wales Police,-3.436150,53.331188,On or near Stephen Road,W01000220,Denbighshire 001C,Anti-social behaviour,,
2a4eaca1a435b3b99a080a9e649a8316e26d882fdd3be0d80b1e57529d19180e,2023-06,North Wales Police,North Wales Police,-3.431691,53.334801,On or near Park/Open Space,W01000220,Denbighshire 001C,Other theft,Investigation complete; no suspect identified,
fc3f894783fbc107ead31c6a5448c91490f4f0ddad69699d2aeaf844a1eb725e,2023-06,North Wales Police,North Wales Police,-3.445674,53.331298,On or near West Close,W01000220,Denbighshire 001C,Violence and sexual offences,Investigation complete; no suspect identified,
1c614775d7c55aa54deb1103e7ac2a07cd1f4343714ff2dfd15d56ace0932331,2023-06,North Wales Police,North Wales Police,-3.428545,53.333239,On or near Ceg-Y-Ffordd,W01000220,Denbighshire 001C,Violence and sexual offences,Unable to prosecute suspect,
cd91b502e8294b01555481d0859fae84409c0e45ec9d1c69af14d3ce5c1ffef0,2023-06,North Wales Police,North Wales Police,-3.445674,53.331298,On or near West Close,W01000220,Denbighshire 001C,Violence and sexual offences,Unable to prosecute suspect,
3e97de35344458d654a9f2ec948ab7bdddd4a2bbc677f5dae89e8aae5c4a5f0b,2023-06,North Wales Police,North Wales Police,-3.404715,53.332875,On or near Victoria Avenue,W01000213,Denbighshire 002A,Public order,Unable to prosecute suspect,
,2023-06,North Wales Police,North Wales Police,-3.404715,53.332875,On or near Victoria Avenue,W01000213,Denbighshire 002A,Anti-social behaviour,,
,2023-06,North Wales Police,North Wales Police,-3.404715,53.332875,On or near Victoria Avenue,W01000213,Denbighshire 002A,Anti-social behaviour,,
,2023-06,North Wales Police,North Wales Police,-3.401258,53.331423,On or near Cassandra Court,W01000213,Denbighshire 002A,Anti-social behaviour,,
,2023-06,North Wales Police,North Wales Police,-3.404715,53.332875,On or near Victoria Avenue,W01000213,Denbighshire 002A,Anti-social behaviour,,
182a3044b550754fdc83df27c2173f4997b2f1c104bed982017c41410c4fdf10,2023-06,North Wales Police,North Wales Police,-3.401258,53.331423,On or near Cassandra Court,W01000213,Denbighshire 002A,Possession of weapons,Court result unavailable,
cc538bff4696fe617d22dd07758d6eee8fd70b3420d88dd35f9a04d15f868a89,2023-06,North Wales Police,North Wales Police,-3.404715,53.332875,On or near Victoria Avenue,W01000213,Denbighshire 002A,Public order,Investigation complete; no suspect identified,
ff378e8110bce7499a8016fd1dd3f8893b1bd75c554925c476207b2012702b0b,2023-06,North Wales Police,North Wales Police,-3.403491,53.334013,On or near Stryd Fawr,W01000213,Denbighshire 002A,Public order,Unable to prosecute suspect,
41ea5ab00c0f9a37c7f2aa2aef704c05367ca4de817cad0a6b8a62d6c26b5c72,2023-06,North Wales Police,North Wales Police,-3.404715,53.332875,On or near Victoria Avenue,W01000213,Denbighshire 002A,Public order,Unable to prosecute suspect,
c4ed82e4cf9e79d9fdc8ea81a168f41d6abbcdd9c0787fb437dab53979c76be3,2023-06,North Wales Police,North Wales Police,-3.404715,53.332875,On or near Victoria Avenue,W01000213,Denbighshire 002A,Public order,Unable to prosecute suspect,
1040dbe626098de5680c8f763066e0f99e0298b803a8840fa93dc8d6edbf2d58,2023-06,North Wales Police,North Wales Police,-3.404715,53.332875,On or near Victoria Avenue,W01000213,Denbighshire 002A,Public order,Unable to prosecute suspect,
df0edf33b18857c2af6500475a56abd2fdcdbd776770e8b89620a7edd83e0ff5,2023-06,North Wales Police,North Wales Police,-3.405293,53.334019,On or near B5120,W01000213,Denbighshire 002A,Shoplifting,Investigation complete; no suspect identified,
1bb3d58c28051558e84519a78cef0b436a9821ba619932544492f027cea66231,2023-06,North Wales Police,North Wales Police,-3.402602,53.330275,On or near A547,W01000213,Denbighshire 002A,Shoplifting,Investigation complete; no suspect identified,
62ca87e3dcff06d9de8b72ca56f52a326390f481f8303fea5d0d7606ca7d6b2d,2023-06,North Wales Police,North Wales Police,-3.405293,53.334019,On or near B5120,W01000213,Denbighshire 002A,Shoplifting,Investigation complete; no suspect identified,
4493e398d6ade37ec024a787f6bd6bf5488f09617cdb20d4bac0792e9d0a5940,2023-06,North Wales Police,North Wales Police,-3.402602,53.330275,On or near A547,W01000213,Denbighshire 002A,Shoplifting,Court result unavailable,
dec5fb171e7ed109c0343b5d27686b538cbd8c65173c0cbb46a49f6efc27a59b,2023-06,North Wales Police,North Wales Police,-3.402602,53.330275,On or near A547,W01000213,Denbighshire 002A,Shoplifting,Court result unavailable,
030c16f3f9455c0857307ecac6fdefe5cbe53e93ef823ead9ad67ae228ddf786,2023-06,North Wales Police,North Wales Police,-3.399779,53.331189,On or near Hendre Court,W01000213,Denbighshire 002A,Vehicle crime,Investigation complete; no suspect identified,
3cf376a6647f9b63292fda4cd3d0f44272dee8aea667e81ba4cb055965622237,2023-06,North Wales Police,North Wales Police,-3.408234,53.330757,On or near Dawson Close,W01000213,Denbighshire 002A,Violence and sexual offences,Local resolution,
416be7b6edfbafb9cca6a6a07188b4c0fbe00c54e6b626b56e6c5472451cb9b0,2023-06,North Wales Police,North Wales Police,-3.401885,53.332207,On or near Parking Area,W01000213,Denbighshire 002A,Violence and sexual offences,Unable to prosecute suspect,
fa39e241547401955d3393956b0d0ab3ce56ce11707939185cc853c5e45aa053,2023-06,North Wales Police,North Wales Police,-3.408873,53.331468,On or near Nursery Close,W01000213,Denbighshire 002A,Violence and sexual offences,Action to be taken by another organisation,
1bfe99f3e6dfea58070c9e3fe73ece0f206a8f0a5f84cfbc1a6d718ad45e70d7,2023-06,North Wales Police,North Wales Police,-3.408132,53.329949,On or near Dawson Court,W01000213,Denbighshire 002A,Violence and sexual offences,Status update unavailable,
ae621426b8032a659673a778e5a3cf75a34b4101ef072d115cad82eb7e46216b,2023-06,North Wales Police,North Wales Police,-3.401258,53.331423,On or near Cassandra Court,W01000213,Denbighshire 002A,Violence and sexual offences,Court result unavailable,
7cd0d2a1ef8fa88f4ffa93497732a5b05a3df55ea3fef2541bdcbbd4d382be02,2023-06,North Wales Police,North Wales Police,-3.404715,53.332875,On or near Victoria Avenue,W01000213,Denbighshire 002A,Violence and sexual offences,Unable to prosecute suspect,
4e7175c034b8d8b98d0bd30cf5af156474116d5388670e715be1df2987375af7,2023-06,North Wales Police,North Wales Police,-3.408710,53.329259,On or near Dawson Crescent,W01000213,Denbighshire 002A,Violence and sexual offences,Unable to prosecute suspect,
6bb18b944aa1bca70a25ac63322c5a90e3739b4f09ba5e212ec10cc9a90c9c47,2023-06,North Wales Police,North Wales Police,-3.408873,53.331468,On or near Nursery Close,W01000213,Denbighshire 002A,Violence and sexual offences,Unable to prosecute suspect,
0134f624010b949551947512664ad031c7728f75de076ba979a8cbc73fa2f444,2023-06,North Wales Police,North Wales Police,-3.408873,53.331468,On or near Nursery Close,W01000213,Denbighshire 002A,Violence and sexual offences,Unable to prosecute suspect,
0169527544e938337ab197deb01ef0148728ec68d5ad5c983703afb34f950304,2023-06,North Wales Police,North Wales Police,-3.404715,53.332875,On or near Victoria Avenue,W01000213,Denbighshire 002A,Violence and sexual offences,Unable to prosecute suspect,
b3f972c93ddbd53b91780b3f656df90fe9ce605ccf6352c2cdc1ed579a2f47f8,2023-06,North Wales Police,North Wales Police,-3.404715,53.332875,On or near Victoria Avenue,W01000213,Denbighshire 002A,Violence and sexual offences,Unable to prosecute suspect,
c0b6a81e5e96b43624600f48f613d33ac2ce571e6f9e9483ebf151acbb383cf1,2023-06,North Wales Police,North Wales Police,-3.408873,53.331468,On or near Nursery Close,W01000213,Denbighshire 002A,Violence and sexual offences,Status update unavailable,
95942966b30f345e85e3d307214f26f7299ee4b30a827fe858c1a0c7231539b5,2023-06,North Wales Police,North Wales Police,-3.408132,53.329949,On or near Dawson Court,W01000213,Denbighshire 002A,Other crime,Investigation complete; no suspect identified,
9e612091fca701f68a8b298177186feee9248177d96009239cb95ca51a3cf6cc,2023-06,North Wales Police,North Wales Police,-3.408710,53.329259,On or near Dawson Crescent,W01000213,Denbighshire 002A,Other crime,Unable to prosecute suspect,
df43320e9887d1baad8ac97caab17aeb36dbeebdbc306612ebd0e6037cb38a39,2023-06,North Wales Police,North Wales Police,-3.402774,53.335923,On or near Shopping Area,W01000214,Denbighshire 002B,Shoplifting,Unable to prosecute suspect,
,2023-06,North Wales Police,North Wales Police,-3.399758,53.340179,On or near Pennant Grove,W01000214,Denbighshire 002B,Anti-social behaviour,,
,2023-06,North Wales Police,North Wales Police,-3.405666,53.337610,On or near Station Road,W01000214,Denbighshire 002B,Anti-social behaviour,,
,2023-06,North Wales Police,North Wales Police,-3.404756,53.336407,On or near Shopping Area,W01000214,Denbighshire 002B,Anti-social behaviour,,
,2023-06,North Wales Police,North Wales Police,-3.405490,53.335904,On or near Petrol Station,W01000214,Denbighshire 002B,Anti-social behaviour,,
,2023-06,North Wales Police,North Wales Police,-3.406418,53.336720,On or near Parking Area,W01000214,Denbighshire 002B,Anti-social behaviour,,
,2023-06,North Wales Police,North Wales Police,-3.402768,53.335334,On or near Parking Area,W01000214,Denbighshire 002B,Anti-social behaviour,,
,2023-06,North Wales Police,North Wales Police,-3.407886,53.340514,On or near Sports/Recreation Area,W01000214,Denbighshire 002B,Anti-social behaviour,,
,2023-06,North Wales Police,North Wales Police,-3.402768,53.335334,On or near Parking Area,W01000214,Denbighshire 002B,Anti-social behaviour,,
80240f692a08e58dd7f442c552a67d3daf6470b83715c5e3b4fb25d41b3c273f,2023-06,North Wales Police,North Wales Police,-3.402774,53.335923,On or near Shopping Area,W01000214,Denbighshire 002B,Burglary,Investigation complete; no suspect identified,
35f023b2ab2a42102da7948b7aa25ea1afeab48ef8196906480984a6299eaf28,2023-06,North Wales Police,North Wales Police,-3.393643,53.341491,On or near Warren Close,W01000214,Denbighshire 002B,Burglary,Investigation complete; no suspect identified,
d4fcf4e012a2d8dc222dbbd5d76229aa8c592a1fbbd469f1119f857f7d3963f2,2023-06,North Wales Police,North Wales Police,-3.400552,53.339216,On or near Hafod Road,W01000214,Denbighshire 002B,Criminal damage and arson,Investigation complete; no suspect identified,
37f02f1b5aaabc8911c94df8a10083089e2de92626b2efad48a5225ad2b1aa26,2023-06,North Wales Police,North Wales Police,-3.400552,53.339216,On or near Hafod Road,W01000214,Denbighshire 002B,Criminal damage and arson,Unable to prosecute suspect,
79912f6b79f188a38d1bb07fd50b06a4132dea9421b2271c0d7a2b2f4439c5fa,2023-06,North Wales Police,North Wales Police,-3.402774,53.335923,On or near Shopping Area,W01000214,Denbighshire 002B,Other theft,Investigation complete; no suspect identified,
dd866332db66be641e738cd75f7329f2ac6cafb1abd9ae2d6c68dc474f76dcd6,2023-06,North Wales Police,North Wales Police,-3.405490,53.335904,On or near Petrol Station,W01000214,Denbighshire 002B,Other theft,Unable to prosecute suspect,
62d4db0cf1bcc0578c045f89402627def7d7e6d385cf8d2618bf90ac22d21148,2023-06,North Wales Police,North Wales Police,-3.406912,53.337568,On or near Petrol Station,W01000214,Denbighshire 002B,Other theft,Investigation complete; no suspect identified,
493deab20517bc0811a47ee419dba4b0921d2e852260a2d8ddd6a68c7d4aca81,2023-06,North Wales Police,North Wales Police,-3.406912,53.337568,On or near Petrol Station,W01000214,Denbighshire 002B,Other theft,Status update unavailable,
73574d9df076f255c049f358ec57fc2b529d9344d02d1da8e31bb3847725878d,2023-06,North Wales Police,North Wales Police,-3.406912,53.337568,On or near Petrol Station,W01000214,Denbighshire 002B,Other theft,Investigation complete; no suspect identified,
1595f5ee3fe9dadf350ce2601dfbff00d1bc1dda72f416a7b5dab3c0423b965a,2023-06,North Wales Police,North Wales Police,-3.402774,53.335923,On or near Shopping Area,W01000214,Denbighshire 002B,Other theft,Investigation complete; no suspect identified,
3c51ef34e81b51b87335f1461ee94e1ed26b1a4f8c9b49d547de28abb0645bea,2023-06,North Wales Police,North Wales Police,-3.404756,53.336407,On or near Shopping Area,W01000214,Denbighshire 002B,Other theft,Investigation complete; no suspect identified,
fae079ad6e0062a2056defe2f779468679ad62a7178ac7df9b32a52ff130c97a,2023-06,North Wales Police,North Wales Police,-3.406418,53.336720,On or near Parking Area,W01000214,Denbighshire 002B,Other theft,Offender given a caution,
937103536f2a1933dd98022ee2ba34f3a6cacb44d5417a76ac8efe2fe602658d,2023-06,North Wales Police,North Wales Police,-3.405666,53.337610,On or near Station Road,W01000214,Denbighshire 002B,Public order,Unable to prosecute suspect,
f6c3a83ab9936072bdb6f6e8869789b745e8a2bab53b41c9d843d54558aca4e1,2023-06,North Wales Police,North Wales Police,-3.402774,53.335923,On or near Shopping Area,W01000214,Denbighshire 002B,Shoplifting,Court result unavailable,
153398125f2c37254cc670563c2d8bdf2768549f5344e3613059e44f3fa72461,2023-06,North Wales Police,North Wales Police,-3.402774,53.335923,On or near Shopping Area,W01000214,Denbighshire 002B,Shoplifting,Local resolution,
7ddc7dd7c5f8316d9792215474328fb9df2a144c6b96d4e052bd4ec89f863b54,2023-06,North Wales Police,North Wales Police,-3.402774,53.335923,On or near Shopping Area,W01000214,Denbighshire 002B,Shoplifting,Investigation complete; no suspect identified,
cfee0b7f0db0a104a2aad2c7d72ac060b8aa44f8440fd4bfe91dd13df5b5d01b,2023-06,North Wales Police,North Wales Police,-3.402774,53.335923,On or near Shopping Area,W01000214,Denbighshire 002B,Shoplifting,Investigation complete; no suspect identified,
486a9ee9713304eb2b8efa44210492c3ee47f2048f0f210b4ad12ab4ff2040cc,2023-06,North Wales Police,North Wales Police,-3.404756,53.336407,On or near Shopping Area,W01000214,Denbighshire 002B,Shoplifting,Investigation complete; no suspect identified,
778a398c738593041b3cd0d161ad2c2676393752f724254f84a1059b36c5b24a,2023-06,North Wales Police,North Wales Police,-3.402774,53.335923,On or near Shopping Area,W01000214,Denbighshire 002B,Shoplifting,Investigation complete; no suspect identified,
bd15070a4664d9d09dc097879b7587c713569f8a86915d3dbc3f58ef82e15de4,2023-06,North Wales Police,North Wales Police,-3.402774,53.335923,On or near Shopping Area,W01000214,Denbighshire 002B,Shoplifting,Investigation complete; no suspect identified,
8aa627de413bbc2b0bd45578eb792dac5157114af9e5c5a5978dc77a999f0c89,2023-06,North Wales Police,North Wales Police,-3.404756,53.336407,On or near Shopping Area,W01000214,Denbighshire 002B,Shoplifting,Investigation complete; no suspect identified,
e6ce58216d32cd62b9e3f365bb10cc7533e378df0da56649dae5840d77baa316,2023-06,North Wales Police,North Wales Police,-3.405490,53.335904,On or near Petrol Station,W01000214,Denbighshire 002B,Violence and sexual offences,Unable to prosecute suspect,
90c10dbbda61ff1da712611dc68319703e092b97cfba4a9d0b3afc8804d2f26e,2023-06,North Wales Police,North Wales Police,-3.400552,53.339216,On or near Hafod Road,W01000214,Denbighshire 002B,Violence and sexual offences,Unable to prosecute suspect,
c8a843a84a1e3ac71bf9a0a1bbf0593025ac256ae7ab0021fd1810d6ca6e1f29,2023-06,North Wales Police,North Wales Police,-3.400552,53.339216,On or near Hafod Road,W01000214,Denbighshire 002B,Violence and sexual offences,Unable to prosecute suspect,
e26724fc1de60e6177e8f928f6e869e735b8cc2df10213c12a7183db6a05bf20,2023-06,North Wales Police,North Wales Police,-3.400552,53.339216,On or near Hafod Road,W01000214,Denbighshire 002B,Violence and sexual offences,Action to be taken by another organisation,
5b1eaa41dcbf533eb32084d3ed158957e3694d48710175d49f5e17081756d9be,2023-06,North Wales Police,North Wales Police,-3.402848,53.339126,On or near Brook Park Avenue,W01000214,Denbighshire 002B,Violence and sexual offences,Unable to prosecute suspect,
f6bd68a2ad1dc4e44a75bc30dcc59560d8cbe576b684fd03ffbb828d194e27c0,2023-06,North Wales Police,North Wales Police,-3.406418,53.336720,On or near Parking Area,W01000214,Denbighshire 002B,Violence and sexual offences,Unable to prosecute suspect,
98989b8dc02823eff156cebe86b6359d2b7e3d579935f2505102171e813ff5fc,2023-06,North Wales Police,North Wales Police,-3.406418,53.336720,On or near Parking Area,W01000214,Denbighshire 002B,Violence and sexual offences,Investigation complete; no suspect identified,
d38ea1198411674cc1c101bf98c33b6f52726544272af76521e11eb2ab7675c8,2023-06,North Wales Police,North Wales Police,-3.400552,53.339216,On or near Hafod Road,W01000214,Denbighshire 002B,Violence and sexual offences,Unable to prosecute suspect,
65f3cd34f4c3d6d952900e4137042584bbc866af726e41ca2dae11d724ef978e,2023-06,North Wales Police,North Wales Police,-3.405490,53.335904,On or near Petrol Station,W01000214,Denbighshire 002B,Violence and sexual offences,Court result unavailable,
9a7957477a16e7cea436bd06ddc91c4ccf968db97a6b6f03a40e88e7edf1f5b7,2023-06,North Wales Police,North Wales Police,-3.392210,53.335332,On or near Tudor Avenue,W01000215,Denbighshire 002C,Other theft,Investigation complete; no suspect identified,
a0f1fe3f4ff290db461decdd8c5eda802cf16ed5da8814b5447aa86b7727c26b,2023-06,North Wales Police,North Wales Police,-3.397004,53.331743,On or near Plastirion Drive,W01000215,Denbighshire 002C,Violence and sexual offences,Status update unavailable,
,2023-06,North Wales Police,North Wales Police,-3.403491,53.334013,On or near Stryd Fawr,W01000216,Denbighshire 002D,Anti-social behaviour,,
,2023-06,North Wales Police,North Wales Police,-3.402369,53.338260,On or near Cae'R Nant,W01000216,Denbighshire 002D,Anti-social behaviour,,
,2023-06,North Wales Police,North Wales Police,-3.404632,53.334925,On or near Lon Alwen,W01000216,Denbighshire 002D,Anti-social behaviour,,
,2023-06,North Wales Police,North Wales Police,-3.401043,53.333089,On or near Priory Lane,W01000216,Denbighshire 002D,Anti-social behaviour,,
404ade20e9cc9a140563a4adf1cb995247ea3f0feacd8467a4c0901c29cf2314,2023-06,North Wales Police,North Wales Police,-3.404632,53.334925,On or near Lon Alwen,W01000216,Denbighshire 002D,Public order,Investigation complete; no suspect identified,
bbebe072b8ecc0de0372578ce04f8e0b86dd06fc0b1d568341d5c4b443add648,2023-06,North Wales Police,North Wales Police,-3.399911,53.337525,On or near Clos Bodnant,W01000216,Denbighshire 002D,Violence and sexual offences,Status update unavailable,
e17d242bbbb0d4d8c496fcacac2771285c2b0c93b354856c440516e323b97e52,2023-06,North Wales Police,North Wales Police,-3.401452,53.333210,On or near Church Walks,W01000216,Denbighshire 002D,Violence and sexual offences,Unable to prosecute suspect,
b97f83c2aa136fa14e44b4f7b67b526e18b18e8eb346a633b94668695b44cf0b,2023-06,North Wales Police,North Wales Police,-3.401452,53.333210,On or near Church Walks,W01000216,Denbighshire 002D,Violence and sexual offences,Unable to prosecute suspect,
d4a1d406a1fb21e5c862d9f3f7eb44b655fe7b21cccdf9db6c108b87a69fbef8,2023-06,North Wales Police,North Wales Police,-3.401452,53.333210,On or near Church Walks,W01000216,Denbighshire 002D,Violence and sexual offences,Unable to prosecute suspect,
437a148cd1c469eb36164d508124ff9f1ba17b182563668309a1a8e33efcc2a2,2023-06,North Wales Police,North Wales Police,-3.404638,53.337865,On or near Morley Road,W01000216,Denbighshire 002D,Violence and sexual offences,Investigation complete; no suspect identified,
,2023-06,North Wales Police,North Wales Police,-3.407753,53.327535,On or near Davids Close,W01000212,Denbighshire 003A,Anti-social behaviour,,
,2023-06,North Wales Police,North Wales Police,-3.407753,53.327535,On or near Davids Close,W01000212,Denbighshire 003A,Anti-social behaviour,,
e6b7cfadaab3c2c73069f1d8a9cf34493264c26342b4e9f6fed55b45ac7306b7,2023-06,North Wales Police,North Wales Police,-3.410977,53.327857,On or near Fforddisa,W01000212,Denbighshire 003A,Criminal damage and arson,Investigation complete; no suspect identified,
ced2f63914b330c7a912af012b29e3de295876d231d2df06a9b86f99de4ef86f,2023-06,North Wales Police,North Wales Police,-3.410977,53.327857,On or near Fforddisa,W01000212,Denbighshire 003A,Criminal damage and arson,Investigation complete; no suspect identified,
cca1b276bef93b2d247ddab87691356d65e5ecbb42b1a23c6dcc57acee9ade9b,2023-06,North Wales Police,North Wales Police,-3.407236,53.324611,On or near Melyd Avenue,W01000212,Denbighshire 003A,Other theft,Investigation complete; no suspect identified,
f2a520bb3830bce0fa057249c707e6b5c97c18e72a673b442565ecd1fd9ade87,2023-06,North Wales Police,North Wales Police,-3.401186,53.330139,On or near Palmeira Gardens,W01000212,Denbighshire 003A,Public order,Unable to prosecute suspect,
4227ee56a984d0b5758f9febf6d08daa475ab51394da0aa44e1509abe047e37c,2023-06,North Wales Police,North Wales Police,-3.407753,53.327535,On or near Davids Close,W01000212,Denbighshire 003A,Public order,Investigation complete; no suspect identified,
311efd1501e7c3467fb4b051af450950712f05c02193ef9215760443ca6dc598,2023-06,North Wales Police,North Wales Police,-3.411839,53.328961,On or near Sycamore Drive,W01000212,Denbighshire 003A,Violence and sexual offences,Unable to prosecute suspect,
a7c7eed6547a62f8c24f5934c96f9b44bb4a45c9c3e160eb9e8bd1b88ff6b7ff,2023-06,North Wales Police,North Wales Police,-3.409281,53.328335,On or near Knowles Avenue,W01000212,Denbighshire 003A,Violence and sexual offences,Investigation complete; no suspect identified,
44c851a86bbfb62a307d3607c8c43c598c1d674437810d7e7f52bd79dacab15c,2023-06,North Wales Police,North Wales Police,-3.398772,53.329322,On or near Bryntirion Court,W01000212,Denbighshire 003A,Violence and sexual offences,Investigation complete; no suspect identified,
6faf7ddc62d6e8970fe4cb8ef8501565c0074e1e2006ea4488b3580e1e41c90b,2023-06,North Wales Police,North Wales Police,-3.407753,53.327535,On or near Davids Close,W01000212,Denbighshire 003A,Violence and sexual offences,Unable to prosecute suspect,
a6a85bffc1ae64788e76d2f42a78aeecf8c0dec97f63331ea20a1da2564c9550,2023-06,North Wales Police,North Wales Police,-3.407753,53.327535,On or near Davids Close,W01000212,Denbighshire 003A,Violence and sexual offences,Unable to prosecute suspect,
,2023-06,North Wales Police,North Wales Police,-3.423517,53.326584,On or near Lon Brynli,W01000221,Denbighshire 003B,Anti-social behaviour,,
,2023-06,North Wales Police,North Wales Police,-3.423517,53.326584,On or near Lon Brynli,W01000221,Denbighshire 003B,Anti-social behaviour,,
,2023-06,North Wales Police,North Wales Police,-3.419297,53.326095,On or near Cardiff Way,W01000221,Denbighshire 003B,Anti-social behaviour,,
,2023-06,North Wales Police,North Wales Police,-3.419297,53.326095,On or near Cardiff Way,W01000221,Denbighshire 003B,Anti-social behaviour,,
,2023-06,North Wales Police,North Wales Police,-3.423517,53.326584,On or near Lon Brynli,W01000221,Denbighshire 003B,Anti-social behaviour,,
,2023-06,North Wales Police,North Wales Police,-3.419297,53.326095,On or near Cardiff Way,W01000221,Denbighshire 003B,Anti-social behaviour,,
95493edc378f5cb4aedb8af4b05fc38c2f95eb3a5afc7a949643c177cb30f3f9,2023-06,North Wales Police,North Wales Police,-3.421763,53.324861,On or near Dwyfor Court,W01000221,Denbighshire 003B,Other theft,Investigation complete; no suspect identified,
f0551840d2772956f310249fee1212e7577c908eb0fa0322ce4e4d2242435b16,2023-06,North Wales Police,North Wales Police,-3.420688,53.326923,On or near Supermarket,W01000221,Denbighshire 003B,Public order,Investigation complete; no suspect identified,
e38c7239538e2fe043f4cf9ccffec7af55c8cfc6aa6cace84017b1fb5746490e,2023-06,North Wales Police,North Wales Police,-3.422464,53.325617,On or near Lon Cadfan,W01000221,Denbighshire 003B,Violence and sexual offences,Unable to prosecute suspect,
20a0850dba658da2b4390bafdc02f9dfdb97b96148865be999ae8b77d43e00bb,2023-06,North Wales Police,North Wales Police,-3.422464,53.325617,On or near Lon Cadfan,W01000221,Denbighshire 003B,Violence and sexual offences,Court result unavailable,
770442eb38e2bc193d2ba4c782642b2d3df9ffb45045f30791221cc5ecb8a947,2023-06,North Wales Police,North Wales Police,-3.422464,53.325617,On or near Lon Cadfan,W01000221,Denbighshire 003B,Violence and sexual offences,Status update unavailable,
06ef4e020051bf469813194d41e2444f7b4adfc85a4056e76d49708d60a539f8,2023-06,North Wales Police,North Wales Police,-3.419435,53.325284,On or near Bryn Court,W01000221,Denbighshire 003B,Violence and sexual offences,Action to be taken by another organisation,
18a62e47b21867159f033ebf81d96bab6af4e49485104ebd614e908ac74dc36e,2023-06,North Wales Police,North Wales Police,-3.421763,53.324861,On or near Dwyfor Court,W01000221,Denbighshire 003B,Violence and sexual offences,Unable to prosecute suspect,
90fcd59295ead61b42a8be9efebede2a295f2409f232447e96b04356a4e5d20c,2023-06,North Wales Police,North Wales Police,-3.422464,53.325617,On or near Lon Cadfan,W01000221,Denbighshire 003B,Violence and sexual offences,Further investigation is not in the public interest,
6e0c97b2901494cc0d244ae81ee1d9b9e552f3b9d09635db1fa04461afc20a2e,2023-06,North Wales Police,North Wales Police,-3.420440,53.323447,On or near St Anne'S Avenue,W01000221,Denbighshire 003B,Violence and sexual offences,Unable to prosecute suspect,
20daf6e1110cb3388dc0d15d4e90fccc9972f0edea4894aa04243e5395871ade,2023-06,North Wales Police,North Wales Police,-3.422464,53.325617,On or near Lon Cadfan,W01000221,Denbighshire 003B,Violence and sexual offences,Court result unavailable,
c9203cf4e9ad705cb25ca87cf080501ac400f05c62400bc5ec098290881cfaf9,2023-06,North Wales Police,North Wales Police,-3.421763,53.324861,On or near Dwyfor Court,W01000221,Denbighshire 003B,Other crime,Investigation complete; no suspect identified,
,2023-06,North Wales Police,North Wales Police,-3.419732,53.330171,On or near Harlech Crescent,W01000222,Denbighshire 003C,Anti-social behaviour,,
60104c9e85596e4de850d170665d331fe9d083a12f046f1e75ab74910621b641,2023-06,North Wales Police,North Wales Police,-3.414815,53.324054,On or near Heather Crescent,W01000222,Denbighshire 003C,Violence and sexual offences,Investigation complete; no suspect identified,
5c7a1e33105e40cfa99a1a697fdbb73afac1a4bac80fc2418a157507bb6c05b4,2023-06,North Wales Police,North Wales Police,-3.423555,53.330863,On or near The Broadway,W01000222,Denbighshire 003C,Violence and sexual offences,Unable to prosecute suspect,
99d54fdedd8db77c70a16b3ca3e1d5eb95cf4d6b30ad2f1b1a7d04e038c44682,2023-06,North Wales Police,North Wales Police,-3.425803,53.331195,On or near Lichfield Drive,W01000222,Denbighshire 003C,Violence and sexual offences,Unable to prosecute suspect,
2362595e7b2d3d12c41c2b5c25de91a71aaadd2b32efd2ecee41e05ebecd92f7,2023-06,North Wales Police,North Wales Police,-3.425803,53.331195,On or near Lichfield Drive,W01000222,Denbighshire 003C,Violence and sexual offences,Unable to prosecute suspect,
5c60ae03c0a0cbf9f10b9d9c9f6cba27010d5e7053d68438c40422cd66c148bf,2023-06,North Wales Police,North Wales Police,-3.417063,53.328018,On or near Chichester Drive,W01000222,Denbighshire 003C,Violence and sexual offences,Unable to prosecute suspect,
,2023-06,North Wales Police,North Wales Police,-3.471498,53.327215,On or near Weston Court,W01000226,Denbighshire 004A,Anti-social behaviour,,
78d10282357b3fd580efdb79aafe8c78684fdb14b532234ca94c2eec90264fc3,2023-06,North Wales Police,North Wales Police,-3.448413,53.330150,On or near Sherwood Avenue,W01000226,Denbighshire 004A,Burglary,Investigation complete; no suspect identified,
097c86f518ca113aa2aeec18e69e3f5deed3af2b76035e951fc61d8cba0b701a,2023-06,North Wales Police,North Wales Police,-3.448413,53.330150,On or near Sherwood Avenue,W01000226,Denbighshire 004A,Criminal damage and arson,Unable to prosecute suspect,
7664b23d56f4933113a7dde2d620a663afd64126eac26995a426b48014af29a2,2023-06,North Wales Police,North Wales Police,-3.448413,53.330150,On or near Sherwood Avenue,W01000226,Denbighshire 004A,Criminal damage and arson,Further investigation is not in the public interest,
5bb59cede4bf65815321034b79b1f26bbfe99a9d6a766565b865297a945184ba,2023-06,North Wales Police,North Wales Police,-3.448413,53.330150,On or near Sherwood Avenue,W01000226,Denbighshire 004A,Criminal damage and arson,Unable to prosecute suspect,
94dca300aa1625f8e60614f71a70eb07f8ac2767b314c7bd12b736559eb06963,2023-06,North Wales Police,North Wales Police,-3.471007,53.329109,On or near Hilton Drive,W01000226,Denbighshire 004A,Drugs,Status update unavailable,
4af2557e254fd38017d527d9f2c825991deb3144a568fe251889a7de2009a652,2023-06,North Wales Police,North Wales Police,-3.471587,53.327628,On or near Knowles Avenue,W01000226,Denbighshire 004A,Other theft,Unable to prosecute suspect,
06c4a2a907b91f82c7971a712723c2c12c603af357e5db3aa780a0ec6e057ea8,2023-06,North Wales Police,North Wales Police,-3.471007,53.329109,On or near Hilton Drive,W01000226,Denbighshire 004A,Other theft,Investigation complete; no suspect identified,
d5a33cc31cc0a262d9a20b317eb424644ed2dd9d751ed850d7bcce84bca2798b,2023-06,North Wales Police,North Wales Police,-3.464493,53.326106,On or near Edgbaston Road,W01000226,Denbighshire 004A,Public order,Unable to prosecute suspect,
28abbf1e5b801ac35d99c215e8226b5ab9fc52158c6af225cd4530c95365104e,2023-06,North Wales Police,North Wales Police,-3.448413,53.330150,On or near Sherwood Avenue,W01000226,Denbighshire 004A,Vehicle crime,Investigation complete; no suspect identified,
11dd70aeb927e7e6bd1aa3e17e6311200dbc7dd42657c04d3b258ca808ab87ff,2023-06,North Wales Police,North Wales Police,-3.448413,53.330150,On or near Sherwood Avenue,W01000226,Denbighshire 004A,Violence and sexual offences,Unable to prosecute suspect,
47cc3bed7b5f002737f9e470d59c1d6044201285c1b66080d7a9a7851e39a776,2023-06,North Wales Police,North Wales Police,-3.448413,53.330150,On or near Sherwood Avenue,W01000226,Denbighshire 004A,Violence and sexual offences,Unable to prosecute suspect,
2e34cb8e090cec97f9f7fa736532d6ff18988cdc904ae321dd082b7cd848db41,2023-06,North Wales Police,North Wales Police,-3.448413,53.330150,On or near Sherwood Avenue,W01000226,Denbighshire 004A,Violence and sexual offences,Unable to prosecute suspect,
e525e1d3d5400c1712183ac9fe053e4e504ebc678c8a3bb96ebd628f86932ce0,2023-06,North Wales Police,North Wales Police,-3.448413,53.330150,On or near Sherwood Avenue,W01000226,Denbighshire 004A,Violence and sexual offences,Unable to prosecute suspect,
14312e3680c5c233d7bd4b957333b2924545eea5d4fff96f4eef9e483a771e27,2023-06,North Wales Police,North Wales Police,-3.448413,53.330150,On or near Sherwood Avenue,W01000226,Denbighshire 004A,Violence and sexual offences,Court result unavailable,
31fb39b61468b95bb9ce20a52d8c041aedd8770794d0dc1e8ff82fbc65cc58d6,2023-06,North Wales Police,North Wales Police,-3.471007,53.329109,On or near Hilton Drive,W01000226,Denbighshire 004A,Violence and sexual offences,Investigation complete; no suspect identified,
1bbda922684465cf6a56f5c92b6fd1a508b63ed853275c6e9c230138865a74f1,2023-06,North Wales Police,North Wales Police,-3.448413,53.330150,On or near Sherwood Avenue,W01000226,Denbighshire 004A,Violence and sexual offences,Unable to prosecute suspect,
,2023-06,North Wales Police,North Wales Police,-3.470178,53.324634,On or near Birch Grove,W01000227,Denbighshire 004B,Anti-social behaviour,,
171f5688656f79579aaeface7a4fc644406e2c54a51d249ebb14d819e48195c0,2023-06,North Wales Police,North Wales Police,-3.473882,53.326251,On or near Maes-Y-Don Drive,W01000227,Denbighshire 004B,Vehicle crime,Investigation complete; no suspect identified,
48cfec3d2137fce68854c71a1743f1469ae722c977afd3d0f5870a1437ab1ac7,2023-06,North Wales Police,North Wales Police,-3.475281,53.324139,On or near Rees Avenue,W01000227,Denbighshire 004B,Violence and sexual offences,Unable to prosecute suspect,
ff35c2ae817ad58a82fb46c16fdbadde1b00ce89cd62aea6a4ee1e5790849c92,2023-06,North Wales Police,North Wales Police,-3.473882,53.326251,On or near Maes-Y-Don Drive,W01000227,Denbighshire 004B,Violence and sexual offences,Unable to prosecute suspect,
,2023-06,North Wales Police,North Wales Police,-3.487356,53.323387,On or near Fairfield Avenue,W01000228,Denbighshire 004C,Anti-social behaviour,,
,2023-06,North Wales Police,North Wales Police,-3.482031,53.325700,On or near Beechwood Road,W01000228,Denbighshire 004C,Anti-social behaviour,,
,2023-06,North Wales Police,North Wales Police,-3.482031,53.325700,On or near Beechwood Road,W01000228,Denbighshire 004C,Anti-social behaviour,,
,2023-06,North Wales Police,North Wales Police,-3.485402,53.321164,On or near Brighton Road,W01000228,Denbighshire 004C,Anti-social behaviour,,
,2023-06,North Wales Police,North Wales Police,-3.485869,53.325077,On or near East Parade,W01000228,Denbighshire 004C,Anti-social behaviour,,
,2023-06,North Wales Police,North Wales Police,-3.481982,53.322105,On or near Y Gorlan,W01000228,Denbighshire 004C,Anti-social behaviour,,
ec703bdeaa962cfc0b60ba2b8d14cf678071207398d0d5f826e4d6ce9a3e19bd,2023-06,North Wales Police,North Wales Police,-3.484300,53.322706,On or near Russell Court,W01000228,Denbighshire 004C,Bicycle theft,Investigation complete; no suspect identified,
9e512e75cc47eae24ce1d06e8ba2288aebf772c6be4829e210bbdcc1245135a0,2023-06,North Wales Police,North Wales Police,-3.482031,53.325700,On or near Beechwood Road,W01000228,Denbighshire 004C,Burglary,Investigation complete; no suspect identified,
dc625b59555f03c67449a296ec1b3a3809fb90b5744e5e9336aff1acefdd6eaf,2023-06,North Wales Police,North Wales Police,-3.482031,53.325700,On or near Beechwood Road,W01000228,Denbighshire 004C,Burglary,Status update unavailable,
56bcca35ca45dc0ba3ecda4f9c2d2d8bc90bd5a2a0723a7f373e0a4c750f599b,2023-06,North Wales Police,North Wales Police,-3.484832,53.323751,On or near Ffordd Russell,W01000228,Denbighshire 004C,Burglary,Local resolution,
dd998fbec996dd53cb1aeeda524b26195deb3cbc15042aeaf229d8f039a0993c,2023-06,North Wales Police,North Wales Police,-3.481982,53.322105,On or near Y Gorlan,W01000228,Denbighshire 004C,Violence and sexual offences,Unable to prosecute suspect,
3946388bb411c8facbb6475c20aca3436548f1e7b2e84e91321934a8f2e82c41,2023-06,North Wales Police,North Wales Police,-3.485722,53.325619,On or near Parking Area,W01000228,Denbighshire 004C,Violence and sexual offences,Court result unavailable,
f3b42789600670fcedb7c9d42432fb1a5ae4a805a8d144f922903569510ed10d,2023-06,North Wales Police,North Wales Police,-3.480048,53.323478,On or near Highfield Park,W01000228,Denbighshire 004C,Violence and sexual offences,Action to be taken by another organisation,
c8f7cfa4866cdab5a239d85d93673b8e83d5e87c0746f99df87a7e38b8052282,2023-06,North Wales Police,North Wales Police,-3.482031,53.325700,On or near Beechwood Road,W01000228,Denbighshire 004C,Violence and sexual offences,Unable to prosecute suspect,
d7dce570e780b9fe627d53eb3d2d6a60470744f1f41e5a75d3f40da6d1a3f9e2,2023-06,North Wales Police,North Wales Police,-3.482778,53.323408,On or near Churton Road,W01000228,Denbighshire 004C,Violence and sexual offences,Investigation complete; no suspect identified,
b323abb2f88f97b2a9b47db3b1526ede7fcbc6849ebb013bc389243852be00d7,2023-06,North Wales Police,North Wales Police,-3.484832,53.323751,On or near Ffordd Russell,W01000228,Denbighshire 004C,Violence and sexual offences,Formal action is not in the public interest,
c03ddc651155a567d7eea9d23b01ff66e270f0ceef9c0be8442e26e449633eb6,2023-06,North Wales Police,North Wales Police,-3.485402,53.321164,On or near Brighton Road,W01000228,Denbighshire 004C,Violence and sexual offences,Unable to prosecute suspect,
25cebdeabe83faadcf025b332f9067c3df69e53049f19e27504b391a03a3fea3,2023-06,North Wales Police,North Wales Police,-3.482031,53.325700,On or near Beechwood Road,W01000228,Denbighshire 004C,Violence and sexual offences,Unable to prosecute suspect,
0cbc9f00056a40f4d11b573d6d9dc53f46b7345ab16acdc7e6690b63ca5e0b6e,2023-06,North Wales Police,North Wales Police,-3.484855,53.324856,On or near St Asaph Street,W01000228,Denbighshire 004C,Violence and sexual offences,Unable to prosecute suspect,
582b56407af6947176fd4a516074c85ca3ef1be9726d20a17c60ef46178f245b,2023-06,North Wales Police,North Wales Police,-3.482031,53.325700,On or near Beechwood Road,W01000228,Denbighshire 004C,Violence and sexual offences,Unable to prosecute suspect,
6044e1ca76596b3bff6cf77fba89832d4799332efca79f6bcfacd28d645a614c,2023-06,North Wales Police,North Wales Police,-3.480048,53.323478,On or near Highfield Park,W01000228,Denbighshire 004C,Violence and sexual offences,Action to be taken by another organisation,
6899b1ed022b99b617424dfb413dcfd6b7ec38a16890dc1eb9fb51b7a8e40d9b,2023-06,North Wales Police,North Wales Police,-3.484832,53.323751,On or near Ffordd Russell,W01000228,Denbighshire 004C,Violence and sexual offences,Court result unavailable,
0e3e7e08f042c0a95370b863d31774b658c3f457836b2e4e1e3f4c73a0ab33de,2023-06,North Wales Police,North Wales Police,-3.484300,53.322706,On or near Russell Court,W01000228,Denbighshire 004C,Violence and sexual offences,Unable to prosecute suspect,
d02fdb1fb039825c05e9f99c433c53a2386cce677bbd5ae3901982aaf9443945,2023-06,North Wales Police,North Wales Police,-3.482031,53.325700,On or near Beechwood Road,W01000228,Denbighshire 004C,Violence and sexual offences,Unable to prosecute suspect,
f6bd5671c20ff948fa78da01a78f4827892cac71096b621f12d4751b7196d180,2023-06,North Wales Police,North Wales Police,-3.481982,53.322105,On or near Y Gorlan,W01000228,Denbighshire 004C,Violence and sexual offences,Unable to prosecute suspect,
481d9d0198f9dffec71b15cd0b55d76d26c0df1e15b940af882da19a81d218a8,2023-06,North Wales Police,North Wales Police,-3.482031,53.325700,On or near Beechwood Road,W01000228,Denbighshire 004C,Other crime,Unable to prosecute suspect,
,2023-06,North Wales Police,North Wales Police,-3.496891,53.317415,On or near Maude Street,W01000239,Denbighshire 004D,Anti-social behaviour,,
,2023-06,North Wales Police,North Wales Police,-3.496891,53.317415,On or near Maude Street,W01000239,Denbighshire 004D,Anti-social behaviour,,
,2023-06,North Wales Police,North Wales Police,-3.495983,53.319332,On or near Abbey Street,W01000239,Denbighshire 004D,Anti-social behaviour,,
,2023-06,North Wales Police,North Wales Police,-3.499838,53.318385,On or near Rhodfa Gorllewin,W01000239,Denbighshire 004D,Anti-social behaviour,,
,2023-06,North Wales Police,North Wales Police,-3.495182,53.317464,On or near Wellington Road,W01000239,Denbighshire 004D,Anti-social behaviour,,
,2023-06,North Wales Police,North Wales Police,-3.498872,53.316959,On or near Butterton Road,W01000239,Denbighshire 004D,Anti-social behaviour,,
,2023-06,North Wales Police,North Wales Police,-3.495983,53.319332,On or near Abbey Street,W01000239,Denbighshire 004D,Anti-social behaviour,,
,2023-06,North Wales Police,North Wales Police,-3.496186,53.318692,On or near Gronant Street,W01000239,Denbighshire 004D,Anti-social behaviour,,
,2023-06,North Wales Police,North Wales Police,-3.497010,53.318232,On or near John Street,W01000239,Denbighshire 004D,Anti-social behaviour,,
,2023-06,North Wales Police,North Wales Police,-3.494535,53.318712,On or near Hope Place,W01000239,Denbighshire 004D,Anti-social behaviour,,
,2023-06,North Wales Police,North Wales Police,-3.495182,53.317464,On or near Wellington Road,W01000239,Denbighshire 004D,Anti-social behaviour,,
9e5b078927900cf02ddda240e23bcfbdac2adc0b639a0dc2227d1aa619f6461f,2023-06,North Wales Police,North Wales Police,-3.493349,53.322575,On or near Parking Area,W01000239,Denbighshire 004D,Bicycle theft,Investigation complete; no suspect identified,
17e09ee4f6c32b99a27c2701383cf156468e9c498f2567b78438759fad659c35,2023-06,North Wales Police,North Wales Police,-3.498134,53.318173,On or near Aquarium Crescent,W01000239,Denbighshire 004D,Burglary,Investigation complete; no suspect identified,
3d0536a77dbe90a5e415cae94997d0654f1236780aa6709981db1d7bfee200c3,2023-06,North Wales Police,North Wales Police,-3.495983,53.319332,On or near Abbey Street,W01000239,Denbighshire 004D,Burglary,Unable to prosecute suspect,
9ff6ee6351939964823dcd2b51693105a9b159f2b38c3baa387e5460c47a5abc,2023-06,North Wales Police,North Wales Police,-3.498872,53.316959,On or near Butterton Road,W01000239,Denbighshire 004D,Burglary,Investigation complete; no suspect identified,
1e61b574c133cd7667de0eea99d01a6d7e3c576f4e18bc33403679d0b4d33221,2023-06,North Wales Police,North Wales Police,-3.498134,53.318173,On or near Aquarium Crescent,W01000239,Denbighshire 004D,Burglary,Investigation complete; no suspect identified,
7c0def309c333ed7c2adf4b8cb7683cb4bd21ca9b9adce34d51ec5590358ce1d,2023-06,North Wales Police,North Wales Police,-3.495983,53.319332,On or near Abbey Street,W01000239,Denbighshire 004D,Burglary,Investigation complete; no suspect identified,
20aa1531cd21fd2c31f4703523cadf0960d579689b997abb3248528140009365,2023-06,North Wales Police,North Wales Police,-3.495983,53.319332,On or near Abbey Street,W01000239,Denbighshire 004D,Criminal damage and arson,Investigation complete; no suspect identified,
d925ec03078ea4d41354607bdb6a9a32dadf5878601c662230af391ee80d8770,2023-06,North Wales Police,North Wales Police,-3.495983,53.319332,On or near Abbey Street,W01000239,Denbighshire 004D,Criminal damage and arson,Court result unavailable,
4b87fb60abcd4f6f30a51078fd3f123f9f8bc241c685f05fc3af2c9e9ba45fc5,2023-06,North Wales Police,North Wales Police,-3.495983,53.319332,On or near Abbey Street,W01000239,Denbighshire 004D,Other theft,Unable to prosecute suspect,
3d0d4fc5126df1d0a41a100daa4034020e81507275b28ac68c1c0d59eced4c02,2023-06,North Wales Police,North Wales Police,-3.494077,53.316767,On or near Ffynnongroew Road,W01000239,Denbighshire 004D,Public order,Court result unavailable,
6dd1a397472bffecb79df63e65f9f8e2059974ef76a550b7818995b14a4e567f,2023-06,North Wales Police,North Wales Police,-3.493349,53.322575,On or near Parking Area,W01000239,Denbighshire 004D,Public order,Unable to prosecute suspect,
d0f4991d4a86a6d1f224f562002c1a87b3e62d2d1230a0460032c16273b4c131,2023-06,North Wales Police,North Wales Police,-3.495772,53.321034,On or near Parking Area,W01000239,Denbighshire 004D,Public order,Investigation complete; no suspect identified,
98de8763c55356e5e71854703038ddb37ef315cb3dfbcd1e682ad323fe89dde0,2023-06,North Wales Police,North Wales Police,-3.495182,53.317464,On or near Wellington Road,W01000239,Denbighshire 004D,Public order,Unable to prosecute suspect,
e02127b5aad3b886686518dd867fcede1f76bcdf1ecfe54abcc17fe6afaf4ba5,2023-06,North Wales Police,North Wales Police,-3.498082,53.317535,On or near River Street,W01000239,Denbighshire 004D,Public order,Unable to prosecute suspect,
010341cca5ea25340b0e397cbac2c2471c4f4ecb602be5e207ac3026313f4cfb,2023-06,North Wales Police,North Wales Police,-3.494077,53.316767,On or near Ffynnongroew Road,W01000239,Denbighshire 004D,Public order,Court result unavailable,
ab4aabf897d4f54d72fb938971266955dbed0982fd9fdf26c7f1a6e9e9ce4e03,2023-06,North Wales Police,North Wales Police,-3.495182,53.317464,On or near Wellington Road,W01000239,Denbighshire 004D,Public order,Unable to prosecute suspect,
5a9f60d53424e2e029c1080a4869558d03b6e372f13f7440425a42def1d9488f,2023-06,North Wales Police,North Wales Police,-3.494535,53.318712,On or near Hope Place,W01000239,Denbighshire 004D,Public order,Status update unavailable,
ec0ee5aa3aede1ec4e233df17bd4e419646455a010683c3b447ab72db297d1a0,2023-06,North Wales Police,North Wales Police,-3.494535,53.318712,On or near Hope Place,W01000239,Denbighshire 004D,Public order,Unable to prosecute suspect,
a642192f88790325479b22079c3ce6f70ffce50ff647c61eeaf5eebf3a100107,2023-06,North Wales Police,North Wales Police,-3.498082,53.317535,On or near River Street,W01000239,Denbighshire 004D,Public order,Unable to prosecute suspect,
586d3d974017d9010d8bdf7776969865c850b28acc9f4890afd23705e72572b0,2023-06,North Wales Police,North Wales Police,-3.494535,53.318712,On or near Hope Place,W01000239,Denbighshire 004D,Public order,Investigation complete; no suspect identified,
a86fd1ea0cdbf7534a7842f38752c592da2bfb5a5069968bd551ae259b1c931d,2023-06,North Wales Police,North Wales Police,-3.494535,53.318712,On or near Hope Place,W01000239,Denbighshire 004D,Public order,Status update unavailable,
bfb6c6bbed362c81c67b6863ed2e6d4924a2e66d1ca9bbc9c182e4e3a0ee0c06,2023-06,North Wales Police,North Wales Police,-3.498872,53.316959,On or near Butterton Road,W01000239,Denbighshire 004D,Vehicle crime,Offender given a caution,
12e785384237452bfec842cfeb3c43e1d0b288328b767d0128284177178efbb6,2023-06,North Wales Police,North Wales Police,-3.498134,53.318173,On or near Aquarium Crescent,W01000239,Denbighshire 004D,Violence and sexual offences,Unable to prosecute suspect,
9ba60923828d902b3b5cdab4af453d12a85fbc0ae8818c3c5c496c1abff8c52c,2023-06,North Wales Police,North Wales Police,-3.494535,53.318712,On or near Hope Place,W01000239,Denbighshire 004D,Violence and sexual offences,Unable to prosecute suspect,
6a046931c7f9ee8cdcfa672e4339c6ba16d3093005896dec293ceb6177e1f761,2023-06,North Wales Police,North Wales Police,-3.498134,53.318173,On or near Aquarium Crescent,W01000239,Denbighshire 004D,Violence and sexual offences,Unable to prosecute suspect,
9f4515fb4a0eaa8713f108c3849c4ef1351bfa6d682274ac95b31e3c0175b1a6,2023-06,North Wales Police,North Wales Police,-3.498872,53.316959,On or near Butterton Road,W01000239,Denbighshire 004D,Violence and sexual offences,Unable to prosecute suspect,
e1d6c51542da129827427e1c5fdd5d69f4001ff42b8d58c1d0d613b566194cc4,2023-06,North Wales Police,North Wales Police,-3.497367,53.318560,On or near Aquarium Street,W01000239,Denbighshire 004D,Violence and sexual offences,Unable to prosecute suspect,
969022a53c52e069a46999360ea1306aa2e0ffce7f8b38a2400db5d7268acc93,2023-06,North Wales Police,North Wales Police,-3.497010,53.318232,On or near John Street,W01000239,Denbighshire 004D,Violence and sexual offences,Unable to prosecute suspect,
e6485f0b984fc46d23286eeb6d99b86f9f20572939f0cf90dfefe55cb74dab06,2023-06,North Wales Police,North Wales Police,-3.499838,53.318385,On or near Rhodfa Gorllewin,W01000239,Denbighshire 004D,Violence and sexual offences,Unable to prosecute suspect,
2f09acea35448420467a28ba2354e92baf20dbaeff61bd02af944ab16650a251,2023-06,North Wales Police,North Wales Police,-3.498134,53.318173,On or near Aquarium Crescent,W01000239,Denbighshire 004D,Violence and sexual offences,Unable to prosecute suspect,
9293144b56dff616ec815366d7d5599c1e49ee508f77b2fd360e1bd3a2ed9fac,2023-06,North Wales Police,North Wales Police,-3.499838,53.318385,On or near Rhodfa Gorllewin,W01000239,Denbighshire 004D,Violence and sexual offences,Unable to prosecute suspect,
64c631448b2e59dfc402f31af9da73d30b7233f9627f64b2872c5373ac034c45,2023-06,North Wales Police,North Wales Police,-3.497010,53.318232,On or near John Street,W01000239,Denbighshire 004D,Violence and sexual offences,Unable to prosecute suspect,
6bc1d4f2c9a20870fc314c6fe562db3c372891c141c16fc23e28e19a64de0d45,2023-06,North Wales Police,North Wales Police,-3.495983,53.319332,On or near Abbey Street,W01000239,Denbighshire 004D,Violence and sexual offences,Unable to prosecute suspect,
38a3b9505991dd79d3e674358a5b796a8c457e923d12b699039d74abbc3dc0d6,2023-06,North Wales Police,North Wales Police,-3.494535,53.318712,On or near Hope Place,W01000239,Denbighshire 004D,Violence and sexual offences,Status update unavailable,
c3e8ee6c15b1781330afdca084699e24822ca02f7b383f9349aa634fcb8087cd,2023-06,North Wales Police,North Wales Police,-3.493349,53.322575,On or near Parking Area,W01000239,Denbighshire 004D,Violence and sexual offences,Further investigation is not in the public interest,
41a7611d1c0ac5c913fa5be5e6a26fc8c208e1623d0d11ce2d71f343175787a2,2023-06,North Wales Police,North Wales Police,-3.498082,53.317535,On or near River Street,W01000239,Denbighshire 004D,Violence and sexual offences,Unable to prosecute suspect,
88c1cb7d98202e1c59427ee10c510a09c9fde815685168c94602f11f12a1d8b4,2023-06,North Wales Police,North Wales Police,-3.495182,53.317464,On or near Wellington Road,W01000239,Denbighshire 004D,Violence and sexual offences,Unable to prosecute suspect,
b012ba1d4428acb08e60a18f86266aefa2a84661db4cb38ac1db2e20ef225992,2023-06,North Wales Police,North Wales Police,-3.496186,53.318692,On or near Gronant Street,W01000239,Denbighshire 004D,Violence and sexual offences,Unable to prosecute suspect,
6787a3f021ed7838d533a8e044d34108411a41faa946475e211a0c99e1eb878f,2023-06,North Wales Police,North Wales Police,-3.493349,53.322575,On or near Parking Area,W01000239,Denbighshire 004D,Violence and sexual offences,Unable to prosecute suspect,
bf40f4fa3fa7678b81db2af389ba84121d6cdde4beef099579a62a9d171a3af8,2023-06,North Wales Police,North Wales Police,-3.495034,53.316234,On or near Garnett Avenue,W01000239,Denbighshire 004D,Violence and sexual offences,Unable to prosecute suspect,
4156d65aaa3c0ffec607b2b9f7450469200962f4305f6d7ad9b2c5c6c4d1dda3,2023-06,North Wales Police,North Wales Police,-3.495772,53.321034,On or near Parking Area,W01000239,Denbighshire 004D,Violence and sexual offences,Investigation complete; no suspect identified,
a82d156f1bf101fd20a65ec1e0752f0a0688b1ea5a91883c99125b30d228298a,2023-06,North Wales Police,North Wales Police,-3.495983,53.319332,On or near Abbey Street,W01000239,Denbighshire 004D,Violence and sexual offences,Unable to prosecute suspect,
66d02aac5ce00aade69e77998b12cf3da2085c2147aa58e3b680ebd5690dc1ce,2023-06,North Wales Police,North Wales Police,-3.493349,53.322575,On or near Parking Area,W01000239,Denbighshire 004D,Violence and sexual offences,Unable to prosecute suspect,
5645265ec37d43369969e0c7156361186cc09d47ca1351223a4f629b2352d0ad,2023-06,North Wales Police,North Wales Police,-3.497010,53.318232,On or near John Street,W01000239,Denbighshire 004D,Violence and sexual offences,Unable to prosecute suspect,
73636d4d90088c7b297cd32d65e2afc47c81dfeca4a1e866df6c515e7a8f5016,2023-06,North Wales Police,North Wales Police,-3.494077,53.316767,On or near Ffynnongroew Road,W01000239,Denbighshire 004D,Violence and sexual offences,Unable to prosecute suspect,
b4ac97d0d28b09b25c043da040d068833d7d22a02202f539f8a4e6f960fe9e1b,2023-06,North Wales Police,North Wales Police,-3.498872,53.316959,On or near Butterton Road,W01000239,Denbighshire 004D,Violence and sexual offences,Unable to prosecute suspect,
4a1d54fa1323348b96efd40760ba61ba4c8f66a7d1fd07336a2ffbb08b507a3b,2023-06,North Wales Police,North Wales Police,-3.499838,53.318385,On or near Rhodfa Gorllewin,W01000239,Denbighshire 004D,Violence and sexual offences,Investigation complete; no suspect identified,
f7293758d594e8229b87da295a3ac694694097a6183f4d6a0d7bdea4dd723838,2023-06,North Wales Police,North Wales Police,-3.495983,53.319332,On or near Abbey Street,W01000239,Denbighshire 004D,Other crime,Unable to prosecute suspect,
b72088bb6764eed590f25d88d951365c9fbb0e6f9a32f9f42cb4d9f33ea34e0b,2023-06,North Wales Police,North Wales Police,-3.488333,53.320390,On or near Heol Clwyd,W01000240,Denbighshire 004E,Violence and sexual offences,Investigation complete; no suspect identified,
47d3eb5bc07860200772e1ab14537335a45acf5b77a570c49101949279e45387,2023-06,North Wales Police,North Wales Police,-3.488333,53.320390,On or near Heol Clwyd,W01000240,Denbighshire 004E,Violence and sexual offences,Investigation complete; no suspect identified,
f43fdcab2edbd41cf12c31b5e6c5e569206e0eb3bf4ea14df59688ae517cde4a,2023-06,North Wales Police,North Wales Police,-3.490721,53.320423,On or near Market Street,W01000240,Denbighshire 004E,Violence and sexual offences,Awaiting court outcome,
,2023-06,North Wales Police,North Wales Police,-3.495264,53.320249,On or near Parking Area,W01000240,Denbighshire 004E,Anti-social behaviour,,
,2023-06,North Wales Police,North Wales Police,-3.493653,53.320971,On or near Sussex Lane,W01000240,Denbighshire 004E,Anti-social behaviour,,
,2023-06,North Wales Police,North Wales Police,-3.489931,53.319273,On or near Stryd Bodfor,W01000240,Denbighshire 004E,Anti-social behaviour,,
,2023-06,North Wales Police,North Wales Police,-3.490923,53.320609,On or near Glanglasfor,W01000240,Denbighshire 004E,Anti-social behaviour,,
,2023-06,North Wales Police,North Wales Police,-3.492934,53.319739,On or near Bedford Street,W01000240,Denbighshire 004E,Anti-social behaviour,,
,2023-06,North Wales Police,North Wales Police,-3.492266,53.319505,On or near Parking Area,W01000240,Denbighshire 004E,Anti-social behaviour,,
,2023-06,North Wales Police,North Wales Police,-3.493577,53.318365,On or near Princes Street,W01000240,Denbighshire 004E,Anti-social behaviour,,
,2023-06,North Wales Police,North Wales Police,-3.489671,53.322603,On or near Parking Area,W01000240,Denbighshire 004E,Anti-social behaviour,,
,2023-06,North Wales Police,North Wales Police,-3.487726,53.321935,On or near Stryd Y Baddon,W01000240,Denbighshire 004E,Anti-social behaviour,,
,2023-06,North Wales Police,North Wales Police,-3.489674,53.320086,On or near St Helens Place,W01000240,Denbighshire 004E,Anti-social behaviour,,
,2023-06,North Wales Police,North Wales Police,-3.489931,53.319273,On or near Stryd Bodfor,W01000240,Denbighshire 004E,Anti-social behaviour,,
,2023-06,North Wales Police,North Wales Police,-3.487726,53.321935,On or near Stryd Y Baddon,W01000240,Denbighshire 004E,Anti-social behaviour,,
,2023-06,North Wales Police,North Wales Police,-3.491284,53.318897,On or near Windsor Street,W01000240,Denbighshire 004E,Anti-social behaviour,,
,2023-06,North Wales Police,North Wales Police,-3.493134,53.320294,On or near Stryd Y Dwr,W01000240,Denbighshire 004E,Anti-social behaviour,,
,2023-06,North Wales Police,North Wales Police,-3.488663,53.318994,On or near Bus/Coach Station,W01000240,Denbighshire 004E,Anti-social behaviour,,
,2023-06,North Wales Police,North Wales Police,-3.489671,53.322603,On or near Parking Area,W01000240,Denbighshire 004E,Anti-social behaviour,,
,2023-06,North Wales Police,North Wales Police,-3.488663,53.318994,On or near Bus/Coach Station,W01000240,Denbighshire 004E,Anti-social behaviour,,
,2023-06,North Wales Police,North Wales Police,-3.492266,53.319505,On or near Parking Area,W01000240,Denbighshire 004E,Anti-social behaviour,,
,2023-06,North Wales Police,North Wales Police,-3.489671,53.322603,On or near Parking Area,W01000240,Denbighshire 004E,Anti-social behaviour,,
,2023-06,North Wales Police,North Wales Police,-3.489674,53.320086,On or near St Helens Place,W01000240,Denbighshire 004E,Anti-social behaviour,,
,2023-06,North Wales Police,North Wales Police,-3.493595,53.317600,On or near Kings Avenue,W01000240,Denbighshire 004E,Anti-social behaviour,,
,2023-06,North Wales Police,North Wales Police,-3.488663,53.318994,On or near Bus/Coach Station,W01000240,Denbighshire 004E,Anti-social behaviour,,
,2023-06,North Wales Police,North Wales Police,-3.490721,53.320423,On or near Market Street,W01000240,Denbighshire 004E,Anti-social behaviour,,
,2023-06,North Wales Police,North Wales Police,-3.491419,53.318032,On or near Elwy Street,W01000240,Denbighshire 004E,Anti-social behaviour,,
,2023-06,North Wales Police,North Wales Police,-3.489845,53.321549,On or near Shopping Area,W01000240,Denbighshire 004E,Anti-social behaviour,,
cf14bec14d1dd13c695f71b2f9504310d2ec6262dbd5f31b43b37c1723af04a9,2023-06,North Wales Police,North Wales Police,-3.490166,53.318713,On or near Stryd Cinmael,W01000240,Denbighshire 004E,Bicycle theft,Investigation complete; no suspect identified,
4e89f09baec3577faf14e50b9bf718f7b26a1721ee22f5d8d77043285fe992a7,2023-06,North Wales Police,North Wales Police,-3.489671,53.322603,On or near Parking Area,W01000240,Denbighshire 004E,Bicycle theft,Investigation complete; no suspect identified,
c62813b5a3dd4e9c28d162c140426d03ad9287f4d97912b60443210d08529a3b,2023-06,North Wales Police,North Wales Police,-3.490721,53.320423,On or near Market Street,W01000240,Denbighshire 004E,Bicycle theft,Court result unavailable,
3b01a06f60f25f08aae55d3e43250d424ec113f238323148d62d786e0a3f502e,2023-06,North Wales Police,North Wales Police,-3.491763,53.321030,On or near Sussex Street,W01000240,Denbighshire 004E,Bicycle theft,Unable to prosecute suspect,
8a343fecb1df8e21f37113a5460b5f31b0bda28bd6831ab6965cc23c66b24317,2023-06,North Wales Police,North Wales Police,-3.491419,53.318032,On or near Elwy Street,W01000240,Denbighshire 004E,Burglary,Unable to prosecute suspect,
45e0f69d46462a53f433d9ffe56784a503bd6ec2de85a1f98bc7a7a5a8ab948b,2023-06,North Wales Police,North Wales Police,-3.488333,53.320390,On or near Heol Clwyd,W01000240,Denbighshire 004E,Burglary,Unable to prosecute suspect,
b19493de9c8e408f0ac5526124442e1436fc8106becc6cbad767fc2706ec2910,2023-06,North Wales Police,North Wales Police,-3.489931,53.319273,On or near Stryd Bodfor,W01000240,Denbighshire 004E,Burglary,Investigation complete; no suspect identified,
517096964ffc4ec322eaec21587415e7dad9a6761d8c7f26008e07d4c7959475,2023-06,North Wales Police,North Wales Police,-3.489671,53.322603,On or near Parking Area,W01000240,Denbighshire 004E,Criminal damage and arson,Unable to prosecute suspect,
14c6afd8cbcd25f919cb88396b66998bfdacb05eeed97ce6edcadab4ffc1afbd,2023-06,North Wales Police,North Wales Police,-3.489671,53.322603,On or near Parking Area,W01000240,Denbighshire 004E,Criminal damage and arson,Investigation complete; no suspect identified,
92d828cc3579340c7f54bf1fc124a1255a755c637d032fb412e1225251e5167e,2023-06,North Wales Police,North Wales Police,-3.489671,53.322603,On or near Parking Area,W01000240,Denbighshire 004E,Criminal damage and arson,Further investigation is not in the public interest,
1d43cc9f8b293e28bdd417ca8e0c2f5bbfd494c37a6d681c2cc98d121c3650cd,2023-06,North Wales Police,North Wales Police,-3.493653,53.320971,On or near Sussex Lane,W01000240,Denbighshire 004E,Criminal damage and arson,Unable to prosecute suspect,
3e5def3cf18a79091107c1fd0f5d6515c46407ad5ce80e7a4661ced167253337,2023-06,North Wales Police,North Wales Police,-3.492934,53.319739,On or near Bedford Street,W01000240,Denbighshire 004E,Criminal damage and arson,Court result unavailable,
f3f1f727e9aef9dda7019526c26b412483e9521bb3749586a210b5c6bca57ef3,2023-06,North Wales Police,North Wales Police,-3.487918,53.322688,On or near Morlan Park,W01000240,Denbighshire 004E,Criminal damage and arson,Unable to prosecute suspect,
c61a87a579152aabfbe91d40cf6cf18969646d95122892c3531e6338942ab624,2023-06,North Wales Police,North Wales Police,-3.491284,53.318897,On or near Windsor Street,W01000240,Denbighshire 004E,Criminal damage and arson,Investigation complete; no suspect identified,
118c3c82ff68a112e5962ed4aecd00c06dc224c4edbd161ee7a1e7638a06f9ca,2023-06,North Wales Police,North Wales Police,-3.489671,53.322603,On or near Parking Area,W01000240,Denbighshire 004E,Criminal damage and arson,Investigation complete; no suspect identified,
6117333a2473a6af63ef2d7bd76fd2b93ede668eb3d8350ebe68b1f80d2682ad,2023-06,North Wales Police,North Wales Police,-3.489845,53.321549,On or near Shopping Area,W01000240,Denbighshire 004E,Criminal damage and arson,Investigation complete; no suspect identified,
70da4624160a09fda9fb2ff3cdfd5c685a3b32d643ff2d49d8b1b3b7b1a62037,2023-06,North Wales Police,North Wales Police,-3.492266,53.319505,On or near Parking Area,W01000240,Denbighshire 004E,Drugs,Further investigation is not in the public interest,
1541323f699bfee1c6224711ad0c61e3f89f8ea8c15b5750da0dd508bd90a960,2023-06,North Wales Police,North Wales Police,-3.492934,53.319739,On or near Bedford Street,W01000240,Denbighshire 004E,Drugs,Unable to prosecute suspect,
39b18d2f2a59483a386116894c545da85952170da57aa4f452ea090ef5ce8159,2023-06,North Wales Police,North Wales Police,-3.490721,53.320423,On or near Market Street,W01000240,Denbighshire 004E,Drugs,Local resolution,
bae41b2db28e582cde1b1768365141cfa7600f6b61333542dc3e20543c40a502,2023-06,North Wales Police,North Wales Police,-3.488333,53.320390,On or near Heol Clwyd,W01000240,Denbighshire 004E,Drugs,Court result unavailable,
815e2065f5e0ed74f49aeaa4b62c20e8b287c3f964fcf89acfae2a8ff3ff15fe,2023-06,North Wales Police,North Wales Police,-3.492934,53.319739,On or near Bedford Street,W01000240,Denbighshire 004E,Drugs,Unable to prosecute suspect,
8400a45327cf42a7447a8d5afbff265e91aa71f2061d0e06fa9ded1f9048129a,2023-06,North Wales Police,North Wales Police,-3.492934,53.319739,On or near Bedford Street,W01000240,Denbighshire 004E,Drugs,Unable to prosecute suspect,
9096b132f9b99aa6d31e8f13a12972896a7816ca6bdad737d900b30e18d2ab30,2023-06,North Wales Police,North Wales Police,-3.488663,53.318994,On or near Bus/Coach Station,W01000240,Denbighshire 004E,Drugs,Status update unavailable,
061bf66b0dce88be93be1137f28ada527585fecaae28e538568d0eb164f8ac50,2023-06,North Wales Police,North Wales Police,-3.492266,53.319505,On or near Parking Area,W01000240,Denbighshire 004E,Drugs,Court result unavailable,
3e1aec3eb52d7764ba55068e1e3c7aa82c91652915ad74f1a7b059e245dbbec8,2023-06,North Wales Police,North Wales Police,-3.489845,53.321549,On or near Shopping Area,W01000240,Denbighshire 004E,Other theft,Local resolution,
972a4a63673b4f3d578ea80465b0394a9c5fc589b76907b62d89dbc22bbf5fdb,2023-06,North Wales Police,North Wales Police,-3.488663,53.318994,On or near Bus/Coach Station,W01000240,Denbighshire 004E,Other theft,Investigation complete; no suspect identified,
7eb2a642150fe2c3b7b5122ff6974eb5f303fc40f10e1cc4e86dc0d34ba69162,2023-06,North Wales Police,North Wales Police,-3.493653,53.320971,On or near Sussex Lane,W01000240,Denbighshire 004E,Other theft,Investigation complete; no suspect identified,
8869576a17640d1386479c2b9e068f6e13176c482cfb075f660bb85ab938f276,2023-06,North Wales Police,North Wales Police,-3.489671,53.322603,On or near Parking Area,W01000240,Denbighshire 004E,Other theft,Investigation complete; no suspect identified,
0d08aa079c8d1f1244d19f65e1385d99e0021312cc0411fb41925375e023a8e9,2023-06,North Wales Police,North Wales Police,-3.490721,53.320423,On or near Market Street,W01000240,Denbighshire 004E,Other theft,Unable to prosecute suspect,
1424c30f4b17a10ce4ff93ab77ff1e6ce4b01ca62028d0a6ffea2144ceb0adfc,2023-06,North Wales Police,North Wales Police,-3.489931,53.319273,On or near Stryd Bodfor,W01000240,Denbighshire 004E,Possession of weapons,Court result unavailable,
31028f936a3424470f77a880512bda185059bf2dba1b086f6a9d2ef055fef179,2023-06,North Wales Police,North Wales Police,-3.490721,53.320423,On or near Market Street,W01000240,Denbighshire 004E,Public order,Court result unavailable,
f58e6401f169aa944382fc07668cc06b2293bfaef57e6d75e48f0a5cc1c402cc,2023-06,North Wales Police,North Wales Police,-3.489674,53.320086,On or near St Helens Place,W01000240,Denbighshire 004E,Public order,Unable to prosecute suspect,
d5ea6b8c8ab1937c2ce29039a135bef0c1e5ba8403ab023df46dfab4ed14c357,2023-06,North Wales Police,North Wales Police,-3.493577,53.318365,On or near Princes Street,W01000240,Denbighshire 004E,Public order,Unable to prosecute suspect,
2a9035e72c1a26546a48560df72b2a3c502184456f0e871b71af221bfaaa7b3c,2023-06,North Wales Police,North Wales Police,-3.490721,53.320423,On or near Market Street,W01000240,Denbighshire 004E,Public order,Unable to prosecute suspect,
3c3aa0089d1d4e7e3a5db6421cbdac62f0270fee4da9c559b8c348e5e654c3fb,2023-06,North Wales Police,North Wales Police,-3.489674,53.320086,On or near St Helens Place,W01000240,Denbighshire 004E,Public order,Further action is not in the public interest,
6882737e40c12e9281af4339771c904c8a55a94a2eff04634dc8c76392f3edae,2023-06,North Wales Police,North Wales Police,-3.491797,53.320706,On or near Queens Court,W01000240,Denbighshire 004E,Public order,Unable to prosecute suspect,
a20dc6bc57b94bb19cd1021cdc8d983a1092455c6694c4fbe0c57439b343d737,2023-06,North Wales Police,North Wales Police,-3.489845,53.321549,On or near Shopping Area,W01000240,Denbighshire 004E,Public order,Unable to prosecute suspect,
8ddd8d4a4840b72156c2a9f7b585dcc5365b3895a292c45914e9bbfa9fdb7569,2023-06,North Wales Police,North Wales Police,-3.493697,53.320431,On or near Nightclub,W01000240,Denbighshire 004E,Public order,Unable to prosecute suspect,
dc6ab091d71efbf3c7e28970ac788b8568c1a774d9399c2436105d107a936921,2023-06,North Wales Police,North Wales Police,-3.489845,53.321549,On or near Shopping Area,W01000240,Denbighshire 004E,Public order,Unable to prosecute suspect,
2522f117917c36f9d4c03ef390a07f3ed9064237a7ea07dfc67160b6d61488b1,2023-06,North Wales Police,North Wales Police,-3.489674,53.320086,On or near St Helens Place,W01000240,Denbighshire 004E,Public order,Investigation complete; no suspect identified,
5f478122fba89d05d9172441df69d11ea3ddd865addc043a531d6dc5920c0f08,2023-06,North Wales Police,North Wales Police,-3.489845,53.321549,On or near Shopping Area,W01000240,Denbighshire 004E,Public order,Investigation complete; no suspect identified,
ebe745dbeeeb6571a62a62692e08c9d5ffed8b999cc4fef01b3e0efab9e3f621,2023-06,North Wales Police,North Wales Police,-3.487356,53.323387,On or near Fairfield Avenue,W01000240,Denbighshire 004E,Public order,Court result unavailable,
8dae196717da4c11d19e079ab5c9de6604d54665be9f379885ede932b2b2b3d3,2023-06,North Wales Police,North Wales Police,-3.490166,53.318713,On or near Stryd Cinmael,W01000240,Denbighshire 004E,Public order,Unable to prosecute suspect,
2346cc152da0b6193faef1bcc9c3d54e1f494840ee3a3aa0599b4a5f47a5dc9a,2023-06,North Wales Police,North Wales Police,-3.492934,53.319739,On or near Bedford Street,W01000240,Denbighshire 004E,Public order,Investigation complete; no suspect identified,
22848dd043ad1df5aee02153d59d41f96fd51dc7941df11393bf55cdc3a1e385,2023-06,North Wales Police,North Wales Police,-3.489671,53.322603,On or near Parking Area,W01000240,Denbighshire 004E,Public order,Court result unavailable,
292f27daf959624d32d44c654735e5071bef8ba433c36cdd21237c4067902b37,2023-06,North Wales Police,North Wales Police,-3.493697,53.320431,On or near Nightclub,W01000240,Denbighshire 004E,Public order,Investigation complete; no suspect identified,
ee43d8e3a3ccf56a8c55fb4e2789a92e2cf0a8c2997952a49fa0c0e9d5ff526f,2023-06,North Wales Police,North Wales Police,-3.489931,53.319273,On or near Stryd Bodfor,W01000240,Denbighshire 004E,Public order,Formal action is not in the public interest,
5eb2d11a3fc663fcac0648a95be99ab55378da03787840369a4e0fa99332e7d2,2023-06,North Wales Police,North Wales Police,-3.492266,53.319505,On or near Parking Area,W01000240,Denbighshire 004E,Public order,Court result unavailable,
facc5815d4d63fa60f8c7f10b8d5a360f39b2036313fb995f55b13f0dfb8c23e,2023-06,North Wales Police,North Wales Police,-3.488663,53.318994,On or near Bus/Coach Station,W01000240,Denbighshire 004E,Robbery,Unable to prosecute suspect,
1e097d3eba812691f0ba0c36b36be1389c61077dc2e4edaaed5fb364d7a746b8,2023-06,North Wales Police,North Wales Police,-3.490923,53.320609,On or near Glanglasfor,W01000240,Denbighshire 004E,Robbery,Unable to prosecute suspect,
57fc5a7f3611b7a399f0a4d23cc83598484c20c09bc4804df4b5ae3b8c214f71,2023-06,North Wales Police,North Wales Police,-3.490721,53.320423,On or near Market Street,W01000240,Denbighshire 004E,Shoplifting,Investigation complete; no suspect identified,
f0c7ec44378427e7f84860ec4946047c2d11df473de3df69db76f755432f78d8,2023-06,North Wales Police,North Wales Police,-3.490721,53.320423,On or near Market Street,W01000240,Denbighshire 004E,Shoplifting,Investigation complete; no suspect identified,
dd334e883c4a49ce02d39ca97595856fc0e60430620b37eea5c486e6659f408f,2023-06,North Wales Police,North Wales Police,-3.491763,53.321030,On or near Sussex Street,W01000240,Denbighshire 004E,Shoplifting,Court result unavailable,
73aad22b3dcef03bc078318b3bb74d224a582b1ca02047ee159a9447a4f86d0f,2023-06,North Wales Police,North Wales Police,-3.489845,53.321549,On or near Shopping Area,W01000240,Denbighshire 004E,Shoplifting,Court result unavailable,
a6297403a2207c0148dd17f9b61e515306e9213a3c970444c8dc519e0d7bb533,2023-06,North Wales Police,North Wales Police,-3.490166,53.318713,On or near Stryd Cinmael,W01000240,Denbighshire 004E,Shoplifting,Investigation complete; no suspect identified,
0bad09684aa6d776b3ecbefea818b718bc1b40e582a9fea47755882ff085a61b,2023-06,North Wales Police,North Wales Police,-3.490721,53.320423,On or near Market Street,W01000240,Denbighshire 004E,Shoplifting,Court result unavailable,
3ed3dec7232ee5e0085b3467a75482219f36c39459858bb11a068d507676e337,2023-06,North Wales Police,North Wales Police,-3.490721,53.320423,On or near Market Street,W01000240,Denbighshire 004E,Shoplifting,Court result unavailable,
16a5b2025dfa02133368c9275c3cf7d6a96ee890084b26b260ed62a929b8063c,2023-06,North Wales Police,North Wales Police,-3.490721,53.320423,On or near Market Street,W01000240,Denbighshire 004E,Shoplifting,Investigation complete; no suspect identified,
e49096135734cbef14e06550733c94ddd36052ae501d555bc3890ec55a0b9aca,2023-06,North Wales Police,North Wales Police,-3.490721,53.320423,On or near Market Street,W01000240,Denbighshire 004E,Shoplifting,Court result unavailable,
4498d6c515925393ea10906216796115aec835d2eb5048ca892ce6a5d88a7779,2023-06,North Wales Police,North Wales Police,-3.490721,53.320423,On or near Market Street,W01000240,Denbighshire 004E,Shoplifting,Investigation complete; no suspect identified,
bdb15628275ac648797bd8bd4160fd89417b3f0744dcf0c897afe316ee591d4a,2023-06,North Wales Police,North Wales Police,-3.490923,53.320609,On or near Glanglasfor,W01000240,Denbighshire 004E,Shoplifting,Court result unavailable,
42bf5e3340ccb90abc345baa479dbfbd7d676cc6fa1b13713726861e8adcc6bb,2023-06,North Wales Police,North Wales Police,-3.489671,53.322603,On or near Parking Area,W01000240,Denbighshire 004E,Shoplifting,Unable to prosecute suspect,
859993474959b38094a5f737e8bc6e0f3c86331f324c94d90dbf239405b0669a,2023-06,North Wales Police,North Wales Police,-3.490721,53.320423,On or near Market Street,W01000240,Denbighshire 004E,Shoplifting,Court result unavailable,
62354fa69b549114e52114fc707b37b5532ef31dff4452d626a28ee95df8241e,2023-06,North Wales Police,North Wales Police,-3.490923,53.320609,On or near Glanglasfor,W01000240,Denbighshire 004E,Shoplifting,Investigation complete; no suspect identified,
cdb7a711fac2889ddda3af76ffff7747bdd3b8e7e90e2b899cb02a415c53a8cd,2023-06,North Wales Police,North Wales Police,-3.491763,53.321030,On or near Sussex Street,W01000240,Denbighshire 004E,Shoplifting,Court result unavailable,
ca7aece1680efb96d2a1035b339b5ddb15a131630aa93af6baf610b95da13fc8,2023-06,North Wales Police,North Wales Police,-3.489845,53.321549,On or near Shopping Area,W01000240,Denbighshire 004E,Shoplifting,Court result unavailable,
fa889f73cf56260797974b5ff454ac792e539d03c419c00420abaf1a84a34d58,2023-06,North Wales Police,North Wales Police,-3.490721,53.320423,On or near Market Street,W01000240,Denbighshire 004E,Shoplifting,Court result unavailable,
de500e45b22d75ddd6c9d7aedc2c3d401144ffa4706f5d5b1f0374e1b2153d32,2023-06,North Wales Police,North Wales Police,-3.490721,53.320423,On or near Market Street,W01000240,Denbighshire 004E,Shoplifting,Investigation complete; no suspect identified,
1a09562a29dc9335b63407744f6a7d5be3a6ea3579e7c03a34ee9cca96a01921,2023-06,North Wales Police,North Wales Police,-3.490923,53.320609,On or near Glanglasfor,W01000240,Denbighshire 004E,Shoplifting,Further investigation is not in the public interest,
1a131166fab2133cccdef0c4d24f926345b89ae5bd509871fc48a5c1332907b6,2023-06,North Wales Police,North Wales Police,-3.489845,53.321549,On or near Shopping Area,W01000240,Denbighshire 004E,Shoplifting,Unable to prosecute suspect,
e39911bf59494473b6e1f3d4bea5db19336c6cc441608be54662f1d54ab150e6,2023-06,North Wales Police,North Wales Police,-3.490923,53.320609,On or near Glanglasfor,W01000240,Denbighshire 004E,Shoplifting,Investigation complete; no suspect identified,
bed7d88f2a3c24729aa8ff6d98cfc3113e4762ea21ad838b80eedc0ccf9b7d54,2023-06,North Wales Police,North Wales Police,-3.490721,53.320423,On or near Market Street,W01000240,Denbighshire 004E,Shoplifting,Court result unavailable,
c16e969948e73f10ff5eab987749ca7c3ba055583213979dbb43b193c75f25c0,2023-06,North Wales Police,North Wales Police,-3.490721,53.320423,On or near Market Street,W01000240,Denbighshire 004E,Shoplifting,Unable to prosecute suspect,
443203744bc38bf9776c576eb5c79052e363e3f23d201cf8685c0265248aa94c,2023-06,North Wales Police,North Wales Police,-3.490923,53.320609,On or near Glanglasfor,W01000240,Denbighshire 004E,Shoplifting,Investigation complete; no suspect identified,
3f2b181a2d2c1a7d87f6a6741da440678e25893ce1b6810e4906eaae43850a28,2023-06,North Wales Police,North Wales Police,-3.491763,53.321030,On or near Sussex Street,W01000240,Denbighshire 004E,Theft from the person,Investigation complete; no suspect identified,
9811e886f4166def2d60caf0cf9681e20c677b569483afa67cde8524bcd24de0,2023-06,North Wales Police,North Wales Police,-3.490166,53.318713,On or near Stryd Cinmael,W01000240,Denbighshire 004E,Vehicle crime,Investigation complete; no suspect identified,
52f7c67ea038e6aeb05dae4a5a3371dd8bde345f3c6367bd5df2862bca90c42f,2023-06,North Wales Police,North Wales Police,-3.488663,53.318994,On or near Bus/Coach Station,W01000240,Denbighshire 004E,Violence and sexual offences,Local resolution,
cf66a8519bb6cb4d29e73a11eb347a51e286ea35928a77eb6f2e3932d0192d9c,2023-06,North Wales Police,North Wales Police,-3.493905,53.317453,On or near Plas-Y-Brenin,W01000240,Denbighshire 004E,Violence and sexual offences,Unable to prosecute suspect,
299f250445069901347a298c8ee1156746bbe794fad756a3d7f5f5cfbe62bb6b,2023-06,North Wales Police,North Wales Police,-3.495264,53.320249,On or near Parking Area,W01000240,Denbighshire 004E,Violence and sexual offences,Unable to prosecute suspect,
11422cc00d8b145d04e98f6383c8f89fb0f531682fb58b0482a9e6d348c0dab8,2023-06,North Wales Police,North Wales Police,-3.489931,53.319273,On or near Stryd Bodfor,W01000240,Denbighshire 004E,Violence and sexual offences,Unable to prosecute suspect,
3e04b01ca78397854c73257ccec95d69ebc324cd165ed4ed4dd8ea9ecb585f66,2023-06,North Wales Police,North Wales Police,-3.492934,53.319739,On or near Bedford Street,W01000240,Denbighshire 004E,Violence and sexual offences,Unable to prosecute suspect,
3d2f074f354c3361036abac16e74c5028783a33d777f43f9cfb14abf626bc331,2023-06,North Wales Police,North Wales Police,-3.492934,53.319739,On or near Bedford Street,W01000240,Denbighshire 004E,Violence and sexual offences,Unable to prosecute suspect,
29b7fe1b065fe870e618d4a0766609b7764feaa54aba6d23ae352c555b9f6eae,2023-06,North Wales Police,North Wales Police,-3.492934,53.319739,On or near Bedford Street,W01000240,Denbighshire 004E,Violence and sexual offences,Unable to prosecute suspect,
9127a969fbdc1c621ae15bf05b716df8479e0ad8a4e96a216bf5a57f5b33e1e4,2023-06,North Wales Police,North Wales Police,-3.492934,53.319739,On or near Bedford Street,W01000240,Denbighshire 004E,Violence and sexual offences,Unable to prosecute suspect,
107b68e6d478c0e965cb8b332e61081c642accf967f7b8682289918efb4065d0,2023-06,North Wales Police,North Wales Police,-3.490923,53.320609,On or near Glanglasfor,W01000240,Denbighshire 004E,Violence and sexual offences,Further action is not in the public interest,
e0ff7ea4526ea1ee5ff298f28837609a8ce2df066716eeba444387b3f9755bb2,2023-06,North Wales Police,North Wales Police,-3.489671,53.322603,On or near Parking Area,W01000240,Denbighshire 004E,Violence and sexual offences,Investigation complete; no suspect identified,
9b795043c892113d68d54ef46c61bce5e12b1ffefcddacda0c798087ad594590,2023-06,North Wales Police,North Wales Police,-3.489931,53.319273,On or near Stryd Bodfor,W01000240,Denbighshire 004E,Violence and sexual offences,Court result unavailable,
08dbb629526aa5401a8309674e8e703418d1e46986b5dd3a1ca52e50d5e11669,2023-06,North Wales Police,North Wales Police,-3.489671,53.322603,On or near Parking Area,W01000240,Denbighshire 004E,Violence and sexual offences,Unable to prosecute suspect,
f8e96ab792802d374bdbb7545245651e27c2418ed3ff5b5de710dd5bdbb0523b,2023-06,North Wales Police,North Wales Police,-3.492946,53.316629,On or near West Kinmel Street,W01000240,Denbighshire 004E,Violence and sexual offences,Unable to prosecute suspect,
58fde766b3fef67b31e3ecffb2425264db175dcf2d9a7464545cbfa1df284c77,2023-06,North Wales Police,North Wales Police,-3.488663,53.318994,On or near Bus/Coach Station,W01000240,Denbighshire 004E,Violence and sexual offences,Investigation complete; no suspect identified,
a3a2b89e9ba7fd8be3915486873cf799f2da1d0dbf2151416dc8f5743475326d,2023-06,North Wales Police,North Wales Police,-3.492817,53.321107,On or near Parking Area,W01000240,Denbighshire 004E,Violence and sexual offences,Unable to prosecute suspect,
67952dab3a0c7d4ba53f7229dad3758466099fbfce8f883d6939e67c3d1d0846,2023-06,North Wales Police,North Wales Police,-3.493595,53.317600,On or near Kings Avenue,W01000240,Denbighshire 004E,Violence and sexual offences,Unable to prosecute suspect,
cf97be0212844f6329cdcf49e814fd5ae70665b2b5d1ace251e248ee319bb3ae,2023-06,North Wales Police,North Wales Police,-3.493577,53.318365,On or near Princes Street,W01000240,Denbighshire 004E,Violence and sexual offences,Unable to prosecute suspect,
600f4384b2b50396519e5f0a3076cd07afcf8736863e8a5d220006bc871465d9,2023-06,North Wales Police,North Wales Police,-3.489845,53.321549,On or near Shopping Area,W01000240,Denbighshire 004E,Violence and sexual offences,Unable to prosecute suspect,
027e397fb3d2531cf337f2336488e2455c31945c48c7484566ae3a8b53ca56bf,2023-06,North Wales Police,North Wales Police,-3.490923,53.320609,On or near Glanglasfor,W01000240,Denbighshire 004E,Violence and sexual offences,Investigation complete; no suspect identified,
b5db765f88376f70ea9052b7bc827253338e4956f19ef109d98028c0ae7b3d7b,2023-06,North Wales Police,North Wales Police,-3.487726,53.321935,On or near Stryd Y Baddon,W01000240,Denbighshire 004E,Violence and sexual offences,Unable to prosecute suspect,
910960e8ef8a86291332596a0f6c8929de454c65ba8de109c3934a4115a1ebd3,2023-06,North Wales Police,North Wales Police,-3.487726,53.321935,On or near Stryd Y Baddon,W01000240,Denbighshire 004E,Violence and sexual offences,Unable to prosecute suspect,
bcea5b376ceeb54e3c46c35dd50704ad8e6e8c1c21382e718e86c56176cdb819,2023-06,North Wales Police,North Wales Police,-3.488663,53.318994,On or near Bus/Coach Station,W01000240,Denbighshire 004E,Violence and sexual offences,Investigation complete; no suspect identified,
459c1373e828a92498e261215ae650433684c43dad8ec7bdda2403a0846ba08a,2023-06,North Wales Police,North Wales Police,-3.491284,53.318897,On or near Windsor Street,W01000240,Denbighshire 004E,Violence and sexual offences,Unable to prosecute suspect,
ff012eb68bdc9e5a15b6deec28d8af4c9dd3e16d3652591221d55be581a94ea7,2023-06,North Wales Police,North Wales Police,-3.493595,53.317600,On or near Kings Avenue,W01000240,Denbighshire 004E,Violence and sexual offences,Unable to prosecute suspect,
25c883a863e108cb47f80ea313f65a5c9fa652cdcb05ef1816fe791b94bcd11c,2023-06,North Wales Police,North Wales Police,-3.490721,53.320423,On or near Market Street,W01000240,Denbighshire 004E,Violence and sexual offences,Unable to prosecute suspect,
1a9c0f02f407f03ea20e28e6296cb08bc8c795fc257d4b8445573d8096ff57e6,2023-06,North Wales Police,North Wales Police,-3.493595,53.317600,On or near Kings Avenue,W01000240,Denbighshire 004E,Violence and sexual offences,Unable to prosecute suspect,
76b3db408da5de14d74064f051a723a15a385fdcde2f5aab36509f83f815bd04,2023-06,North Wales Police,North Wales Police,-3.489674,53.320086,On or near St Helens Place,W01000240,Denbighshire 004E,Violence and sexual offences,Unable to prosecute suspect,
a219281dae0b758698ba6aafdfe8e949195a0695e12ff7db7f6704b0b189308f,2023-06,North Wales Police,North Wales Police,-3.488663,53.318994,On or near Bus/Coach Station,W01000240,Denbighshire 004E,Violence and sexual offences,Offender given a caution,
406d7ab3a58db382484c039c6609cb286ed9d36e821d4db79f5680308e463c7a,2023-06,North Wales Police,North Wales Police,-3.489674,53.320086,On or near St Helens Place,W01000240,Denbighshire 004E,Violence and sexual offences,Unable to prosecute suspect,
40042164e83e9b13b3428afa774c29751c0fd4f9be0a3343bd4cc01f90c494d3,2023-06,North Wales Police,North Wales Police,-3.487356,53.323387,On or near Fairfield Avenue,W01000240,Denbighshire 004E,Violence and sexual offences,Unable to prosecute suspect,
a9d9dbe2d713b7a22141f44b24e7a5b72404fef669c8ca51623810e69fdb3efb,2023-06,North Wales Police,North Wales Police,-3.489671,53.322603,On or near Parking Area,W01000240,Denbighshire 004E,Violence and sexual offences,Unable to prosecute suspect,
54887cce15395e3134bd3f7058ad5ca5565aebf43b45c8d71fa96f40e15b916e,2023-06,North Wales Police,North Wales Police,-3.491763,53.321030,On or near Sussex Street,W01000240,Denbighshire 004E,Violence and sexual offences,Investigation complete; no suspect identified,
2d4c53aa80b79a5c63f29b0b1855d95e57d46ae68922d828452b1a93c8265715,2023-06,North Wales Police,North Wales Police,-3.488333,53.320390,On or near Heol Clwyd,W01000240,Denbighshire 004E,Violence and sexual offences,Unable to prosecute suspect,
5ed246c18dbca7a8b35d17a6e5f02ab4b540e1541bc720a86d9fcfaec3fe9b88,2023-06,North Wales Police,North Wales Police,-3.491284,53.318897,On or near Windsor Street,W01000240,Denbighshire 004E,Violence and sexual offences,Unable to prosecute suspect,
b1c1a17fb50b7d67dee0b826770631f651cd2155456a9c4f16ad6bf27b7a1838,2023-06,North Wales Police,North Wales Police,-3.493697,53.320431,On or near Nightclub,W01000240,Denbighshire 004E,Violence and sexual offences,Investigation complete; no suspect identified,
6eb32ba840acabc4b754e364b3f077a21bcc8ffd529a438ac34d0a1be7547975,2023-06,North Wales Police,North Wales Police,-3.489671,53.322603,On or near Parking Area,W01000240,Denbighshire 004E,Violence and sexual offences,Unable to prosecute suspect,
a82d40d300ac13182f3048e61a1d466880820c088a2dfa8080ac36d8c851bd9f,2023-06,North Wales Police,North Wales Police,-3.488663,53.318994,On or near Bus/Coach Station,W01000240,Denbighshire 004E,Violence and sexual offences,Unable to prosecute suspect,
947b19e3344d9d3d8209dbe5ddfb847b6e386b8dbe4852c6b9416159a6bdc153,2023-06,North Wales Police,North Wales Police,-3.488663,53.318994,On or near Bus/Coach Station,W01000240,Denbighshire 004E,Violence and sexual offences,Unable to prosecute suspect,
51f4e7ffa61c3811657abaa6bba0a4975d1a98ea5986a9192de6b51cc267d4e2,2023-06,North Wales Police,North Wales Police,-3.492974,53.318892,On or near Shopping Area,W01000240,Denbighshire 004E,Violence and sexual offences,Unable to prosecute suspect,
173cbd2f57d0f0e31ddc2f1a01d29a1c301c87c82f00fcc7d311a67375fbffb9,2023-06,North Wales Police,North Wales Police,-3.493134,53.320294,On or near Stryd Y Dwr,W01000240,Denbighshire 004E,Violence and sexual offences,Unable to prosecute suspect,
89a45a87bb4895e6e04d1a5def4c4cde0a9dab2243ae61deaf7e3f60e2ce2cc3,2023-06,North Wales Police,North Wales Police,-3.492974,53.318892,On or near Shopping Area,W01000240,Denbighshire 004E,Violence and sexual offences,Status update unavailable,
e69ae04933e3e200f1ec53dd8e4019db8b1c955766db3354cfd8e0cfcec19511,2023-06,North Wales Police,North Wales Police,-3.492934,53.319739,On or near Bedford Street,W01000240,Denbighshire 004E,Violence and sexual offences,Unable to prosecute suspect,
2c5a45e3830ffe2ecadc933bfdcea4dd9bd7880cd7e5eee0eebab2b6771aa484,2023-06,North Wales Police,North Wales Police,-3.489845,53.321549,On or near Shopping Area,W01000240,Denbighshire 004E,Violence and sexual offences,Investigation complete; no suspect identified,
4cc0cb2b3be2c9a51b7305c9272454860a48ad4cbba93a97a5c038758952657b,2023-06,North Wales Police,North Wales Police,-3.489671,53.322603,On or near Parking Area,W01000240,Denbighshire 004E,Violence and sexual offences,Unable to prosecute suspect,
da955dc089cccd0c1a381f5dc7af99a1c11926f1ac98072662127a2fb2a13985,2023-06,North Wales Police,North Wales Police,-3.491763,53.321030,On or near Sussex Street,W01000240,Denbighshire 004E,Violence and sexual offences,Unable to prosecute suspect,
a4069f0294f36def661b9380de3c9573ee1d0465e388cb419d80092a121a24b7,2023-06,North Wales Police,North Wales Police,-3.490923,53.320609,On or near Glanglasfor,W01000240,Denbighshire 004E,Violence and sexual offences,Unable to prosecute suspect,
cc1ab164daad300bc94b3a7e52c667032da08023f3be40047727b7ec9b4655ce,2023-06,North Wales Police,North Wales Police,-3.488663,53.318994,On or near Bus/Coach Station,W01000240,Denbighshire 004E,Violence and sexual offences,Unable to prosecute suspect,
7afea7c3f52a220f4336188336b89b5830baf466f2034665c82929f5ad5c516a,2023-06,North Wales Police,North Wales Police,-3.491763,53.321030,On or near Sussex Street,W01000240,Denbighshire 004E,Violence and sexual offences,Investigation complete; no suspect identified,
089bdd8d44a5c93b4b458d613aa4f9edb5e68d9627647b428704f7947a8e257b,2023-06,North Wales Police,North Wales Police,-3.489674,53.320086,On or near St Helens Place,W01000240,Denbighshire 004E,Violence and sexual offences,Investigation complete; no suspect identified,
3e2b870982c004e5d63f3004c78fa4650781735130d0db89dbe4d950b657a15e,2023-06,North Wales Police,North Wales Police,-3.489671,53.322603,On or near Parking Area,W01000240,Denbighshire 004E,Violence and sexual offences,Status update unavailable,
e8f1c5255c2ba316cbae63244fc051347d7b076c3190128167efba8ea5315f13,2023-06,North Wales Police,North Wales Police,-3.491763,53.321030,On or near Sussex Street,W01000240,Denbighshire 004E,Violence and sexual offences,Investigation complete; no suspect identified,
1870546dfe1a28cf3c3be78268810abe95da9c3cfc9a2aad912449277a4e96a0,2023-06,North Wales Police,North Wales Police,-3.488333,53.320390,On or near Heol Clwyd,W01000240,Denbighshire 004E,Violence and sexual offences,Further investigation is not in the public interest,
f2336fc96cfc0d9542c7065b814fe9bc38c27c8115e2a6988b8bf965c8f78763,2023-06,North Wales Police,North Wales Police,-3.492482,53.320536,On or near Nightclub,W01000240,Denbighshire 004E,Violence and sexual offences,Court result unavailable,
cb752598fc73d37c4e7f29961ef723df05f8a5e2fe7acbca6707b390ad817d31,2023-06,North Wales Police,North Wales Police,-3.492482,53.320536,On or near Nightclub,W01000240,Denbighshire 004E,Violence and sexual offences,Investigation complete; no suspect identified,
b3f714cf451538cebbed6003cb047f13c50c7118750cad12a2f5cc9178677981,2023-06,North Wales Police,North Wales Police,-3.490923,53.320609,On or near Glanglasfor,W01000240,Denbighshire 004E,Violence and sexual offences,Investigation complete; no suspect identified,
42687c6b3a0ba64a4db618f46abe2e4f02b37f9dcd776bbc576018cde7c9d8ae,2023-06,North Wales Police,North Wales Police,-3.490923,53.320609,On or near Glanglasfor,W01000240,Denbighshire 004E,Violence and sexual offences,Unable to prosecute suspect,
0816363b662d4dffc86ccdb0fac162fe49e90d7b6ec1f31ca97e5913280dbbb5,2023-06,North Wales Police,North Wales Police,-3.489674,53.320086,On or near St Helens Place,W01000240,Denbighshire 004E,Violence and sexual offences,Unable to prosecute suspect,
97a1b242be8322e773f9438fd3dc74ef44152043cb1ba16bfd29e4f3887665b2,2023-06,North Wales Police,North Wales Police,-3.495264,53.320249,On or near Parking Area,W01000240,Denbighshire 004E,Violence and sexual offences,Unable to prosecute suspect,
e33d406d439430cd4ed3171220dd402b9a6421f145c3e9e2f659c289a12575c0,2023-06,North Wales Police,North Wales Police,-3.489671,53.322603,On or near Parking Area,W01000240,Denbighshire 004E,Violence and sexual offences,Unable to prosecute suspect,
21088a404904f06dac017bef4779a8d8cc49981ff3501210ad022cfdc09562f4,2023-06,North Wales Police,North Wales Police,-3.490923,53.320609,On or near Glanglasfor,W01000240,Denbighshire 004E,Violence and sexual offences,Unable to prosecute suspect,
1dc70c41e7e6400bea48e968afa42c5083e7b5a656f58162378168fb6fc1fb1a,2023-06,North Wales Police,North Wales Police,-3.489845,53.321549,On or near Shopping Area,W01000240,Denbighshire 004E,Violence and sexual offences,Unable to prosecute suspect,
84b85fcc984caf4c14717eae3cfc2196656009ad2b14c7a15eb7b2112fe375a0,2023-06,North Wales Police,North Wales Police,-3.491763,53.321030,On or near Sussex Street,W01000240,Denbighshire 004E,Violence and sexual offences,Investigation complete; no suspect identified,
70bd00b884db8734e6cbdad710004dc24efb97d7ea85f7ecc82954f7d09a8c53,2023-06,North Wales Police,North Wales Police,-3.491797,53.320706,On or near Queens Court,W01000240,Denbighshire 004E,Violence and sexual offences,Status update unavailable,
c022b148ce1189e2fdfb5687f54cd62054c87a8146d5d9bfa3a8ed8310200768,2023-06,North Wales Police,North Wales Police,-3.492934,53.319739,On or near Bedford Street,W01000240,Denbighshire 004E,Violence and sexual offences,Unable to prosecute suspect,
4920b0d341d2e635c19bbe0b5b5580eb01df0d8ea07e647ee16aef6dd673c3ac,2023-06,North Wales Police,North Wales Police,-3.492974,53.318892,On or near Shopping Area,W01000240,Denbighshire 004E,Violence and sexual offences,Unable to prosecute suspect,
332ebeaad0ea624286f935a7a9b40c3bae32d19796397a60548d52a73c43c25a,2023-06,North Wales Police,North Wales Police,-3.494325,53.319164,On or near Crescent Road,W01000240,Denbighshire 004E,Violence and sexual offences,Unable to prosecute suspect,
fc240ca5be5240c53521c930a1ae03465400256078c0c97d608c4fcad7b5ba3a,2023-06,North Wales Police,North Wales Police,-3.489931,53.319273,On or near Stryd Bodfor,W01000240,Denbighshire 004E,Violence and sexual offences,Investigation complete; no suspect identified,
ca001658172d705368f9d35936fa06b692b8a7fda35a49d2668acd54f12d7b60,2023-06,North Wales Police,North Wales Police,-3.495264,53.320249,On or near Parking Area,W01000240,Denbighshire 004E,Violence and sexual offences,Investigation complete; no suspect identified,
597b02bd8cfa7461b7a11a1822e228a1d0547a3657abe343d0bda722f7bf513a,2023-06,North Wales Police,North Wales Police,-3.493134,53.320294,On or near Stryd Y Dwr,W01000240,Denbighshire 004E,Violence and sexual offences,Investigation complete; no suspect identified,
aec929905cafa6d9b1f9ea13c7328f383307fdaaa615c1c45567c8af0f4f00d4,2023-06,North Wales Police,North Wales Police,-3.493697,53.320431,On or near Nightclub,W01000240,Denbighshire 004E,Violence and sexual offences,Unable to prosecute suspect,
8efb761dfd327780ddf67a1ae01987eb6f9c343158896bbf150eef41c9a5d755,2023-06,North Wales Police,North Wales Police,-3.492482,53.320536,On or near Nightclub,W01000240,Denbighshire 004E,Violence and sexual offences,Investigation complete; no suspect identified,
94558a2b5761cfa5d511b21ea6714e650bdb5e9dbd81297587eb43261b7d692c,2023-06,North Wales Police,North Wales Police,-3.486672,53.320114,On or near Thorpe Street,W01000240,Denbighshire 004E,Other crime,Court result unavailable,
00ba70e82d7d9c8bcea3b1139855aa6a85093719f97d6acc1c6297d48ca1975d,2023-06,North Wales Police,North Wales Police,-3.488333,53.320390,On or near Heol Clwyd,W01000240,Denbighshire 004E,Other crime,Unable to prosecute suspect,
90a16ef69df8c5948522a13bfe533fe8ea1a54ecee5495a225a94ca02444a3db,2023-06,North Wales Police,North Wales Police,-3.489671,53.322603,On or near Parking Area,W01000240,Denbighshire 004E,Other crime,Unable to prosecute suspect,
4d8c6c635c995fe66cfca88fb00107e022a4897e3896de814414465694e62534,2023-06,North Wales Police,North Wales Police,-3.489674,53.320086,On or near St Helens Place,W01000240,Denbighshire 004E,Other crime,Unable to prosecute suspect,
,2023-06,North Wales Police,North Wales Police,-3.499850,53.313603,On or near Westbourne Avenue,W01000241,Denbighshire 004F,Anti-social behaviour,,
,2023-06,North Wales Police,North Wales Police,-3.499512,53.312942,On or near Oakland Avenue,W01000241,Denbighshire 004F,Anti-social behaviour,,
,2023-06,North Wales Police,North Wales Police,-3.499512,53.312942,On or near Oakland Avenue,W01000241,Denbighshire 004F,Anti-social behaviour,,
,2023-06,North Wales Police,North Wales Police,-3.499512,53.312942,On or near Oakland Avenue,W01000241,Denbighshire 004F,Anti-social behaviour,,
,2023-06,North Wales Police,North Wales Police,-3.497581,53.314809,On or near Warren Road,W01000241,Denbighshire 004F,Anti-social behaviour,,
,2023-06,North Wales Police,North Wales Police,-3.498260,53.313623,On or near Seabank Road,W01000241,Denbighshire 004F,Anti-social behaviour,,
,2023-06,North Wales Police,North Wales Police,-3.499512,53.312942,On or near Oakland Avenue,W01000241,Denbighshire 004F,Anti-social behaviour,,
,2023-06,North Wales Police,North Wales Police,-3.497581,53.314809,On or near Warren Road,W01000241,Denbighshire 004F,Anti-social behaviour,,
58a4d4ce138c39e924c30ba10f84908f90fa2a05517c3dc7a52fbf75444c7aeb,2023-06,North Wales Police,North Wales Police,-3.502722,53.315877,On or near Marlborough Grove,W01000241,Denbighshire 004F,Burglary,Investigation complete; no suspect identified,
bf15149dcf769397197d4d7ea9f4240be532365bee18fee54a8a1427ea34c6ce,2023-06,North Wales Police,North Wales Police,-3.502745,53.315247,On or near Sydenham Avenue,W01000241,Denbighshire 004F,Criminal damage and arson,Investigation complete; no suspect identified,
c5ee84e6a4aa26fb5c068cb7a0c8ce7613dbe43f505a1f255bcb45e4c3cf7fac,2023-06,North Wales Police,North Wales Police,-3.499850,53.313603,On or near Westbourne Avenue,W01000241,Denbighshire 004F,Criminal damage and arson,Unable to prosecute suspect,
6015b6b00020f08bf943f23c0fefc1b208a8d694e2eb7e4c5869694ff9407ea5,2023-06,North Wales Police,North Wales Police,-3.497581,53.314809,On or near Warren Road,W01000241,Denbighshire 004F,Criminal damage and arson,Investigation complete; no suspect identified,
9df95c0c0a723eb4fa405660b52a5ebce43fdd59b0eb8532e769c33870598d20,2023-06,North Wales Police,North Wales Police,-3.497568,53.314000,On or near Victoria Avenue,W01000241,Denbighshire 004F,Criminal damage and arson,Unable to prosecute suspect,
bb0207f3179ee671f64c364189cf14cee0a10cf70cd39bc183c77004e5c2ab98,2023-06,North Wales Police,North Wales Police,-3.501612,53.315882,On or near Sandringham Avenue,W01000241,Denbighshire 004F,Drugs,Investigation complete; no suspect identified,
2af15995dee59ea55ff361e704110d06773177f4b033fdf5fb6ce3a883b6580b,2023-06,North Wales Police,North Wales Police,-3.499850,53.313603,On or near Westbourne Avenue,W01000241,Denbighshire 004F,Drugs,Court result unavailable,
ebf761d9f542e08c281f2c0d0f4cb68a67f773fa9dbe7073d7c0b23439614563,2023-06,North Wales Police,North Wales Police,-3.501914,53.315096,On or near Osborne Grove,W01000241,Denbighshire 004F,Other theft,Unable to prosecute suspect,
6de5a619d01b4cfd7c29304a3e7cc8ec34765496d792c293cd38ff110ddb9485,2023-06,North Wales Police,North Wales Police,-3.498260,53.313623,On or near Seabank Road,W01000241,Denbighshire 004F,Other theft,Unable to prosecute suspect,
dde07cf07d72322378e82ece8e39f7459765c6412f290498e8452711680c526e,2023-06,North Wales Police,North Wales Police,-3.502722,53.315877,On or near Marlborough Grove,W01000241,Denbighshire 004F,Other theft,Investigation complete; no suspect identified,
fe908ecec257e8b4bc83173d670a67df2cc07cd3a330c132d3f2fe51c40d958f,2023-06,North Wales Police,North Wales Police,-3.499850,53.313603,On or near Westbourne Avenue,W01000241,Denbighshire 004F,Other theft,Investigation complete; no suspect identified,
2b75eccbc7d4ff744d37677331bca0d25afc86443c53480750dc591f6046ff55,2023-06,North Wales Police,North Wales Police,-3.502745,53.315247,On or near Sydenham Avenue,W01000241,Denbighshire 004F,Other theft,Investigation complete; no suspect identified,
ae6fc07341faffa5470e3d03524101a9363e204122d3e4c65f8480d3c87cd1f5,2023-06,North Wales Police,North Wales Police,-3.497568,53.314000,On or near Victoria Avenue,W01000241,Denbighshire 004F,Other theft,Unable to prosecute suspect,
6390dff03a862e9aeb123d789700f65cd0cc83d6116defd91a2935fd3f5e7448,2023-06,North Wales Police,North Wales Police,-3.499891,53.316488,On or near Palace Avenue,W01000241,Denbighshire 004F,Public order,Unable to prosecute suspect,
2835454bbaa5e0a7cc9478be5089beda92660f371c59bc4b72f3ed1a5caeec39,2023-06,North Wales Police,North Wales Police,-3.498981,53.314935,On or near Stanmore Street,W01000241,Denbighshire 004F,Public order,Unable to prosecute suspect,
4a72a6bbfe5f0532a9274708690d923d9be14a24179cd76db2697af37321c1e8,2023-06,North Wales Police,North Wales Police,-3.502745,53.315247,On or near Sydenham Avenue,W01000241,Denbighshire 004F,Shoplifting,Investigation complete; no suspect identified,
a1c17a97b82dd11d8d427ba0bdeeaf7cb3d05e157595a0f4263f9023c7f5ad2d,2023-06,North Wales Police,North Wales Police,-3.502745,53.315247,On or near Sydenham Avenue,W01000241,Denbighshire 004F,Shoplifting,Unable to prosecute suspect,
171697ba8343305355d62434a7ec5812687d09177d0836766c5a380d5eb7fcf4,2023-06,North Wales Police,North Wales Police,-3.502745,53.315247,On or near Sydenham Avenue,W01000241,Denbighshire 004F,Shoplifting,Investigation complete; no suspect identified,
9c3b413c3336930c91ec6e6ef986cc743b945ddce284e8760549b47547c310e3,2023-06,North Wales Police,North Wales Police,-3.497910,53.315632,On or near Bridge Street,W01000241,Denbighshire 004F,Shoplifting,Investigation complete; no suspect identified,
e7aa1677535f70b95593cad2c88eb8268c7745a5fc19eb357c3069aefdf25b61,2023-06,North Wales Police,North Wales Police,-3.502745,53.315247,On or near Sydenham Avenue,W01000241,Denbighshire 004F,Shoplifting,Court result unavailable,
20473856627b878011e16316995699d9c0da9df818adfc03c9fbbacadb01d1cc,2023-06,North Wales Police,North Wales Police,-3.496210,53.315114,On or near Buckley Avenue,W01000241,Denbighshire 004F,Vehicle crime,Investigation complete; no suspect identified,
b07645e90a0fa10b0aeca971378cf608d608a491c8d6be4ff37f5c0408109e4f,2023-06,North Wales Police,North Wales Police,-3.500613,53.316955,On or near North Avenue,W01000241,Denbighshire 004F,Vehicle crime,Unable to prosecute suspect,
62b2530b8d02bb5a8325d17393f1cd10e8aa3e7c4b37770cf413d7ee30606928,2023-06,North Wales Police,North Wales Police,-3.499231,53.316064,On or near South Avenue,W01000241,Denbighshire 004F,Violence and sexual offences,Action to be taken by another organisation,
6554ab385124910857687d764a1e46fd374187889216e2a81055b06a90cd99a9,2023-06,North Wales Police,North Wales Police,-3.500613,53.316955,On or near North Avenue,W01000241,Denbighshire 004F,Violence and sexual offences,Unable to prosecute suspect,
ea6975f66d9141d18a8ac0a796063ac04097079e4ccb6d824593fe6445aa37c0,2023-06,North Wales Police,North Wales Police,-3.497568,53.314000,On or near Victoria Avenue,W01000241,Denbighshire 004F,Violence and sexual offences,Court result unavailable,
a5ef4df5a6b68d828b3a5b0339eeec291a0146928f1f23775a9cff76c5f5866f,2023-06,North Wales Police,North Wales Police,-3.501612,53.315882,On or near Sandringham Avenue,W01000241,Denbighshire 004F,Violence and sexual offences,Unable to prosecute suspect,
34de97ff7e7290878655ff5555cb33ddfcfb54782fc43be7f7518de45e8f9d30,2023-06,North Wales Police,North Wales Police,-3.500613,53.316955,On or near North Avenue,W01000241,Denbighshire 004F,Violence and sexual offences,Unable to prosecute suspect,
765e5e3792fe8d673a649d4be8b4dceb137765400ef9d58d054e61573b0d7d51,2023-06,North Wales Police,North Wales Police,-3.498716,53.315073,On or near West Street,W01000241,Denbighshire 004F,Violence and sexual offences,Unable to prosecute suspect,
29853da66d7eb5f5a6d8fb681b9db0233d9bfd8bae2f9437a442f860225107ee,2023-06,North Wales Police,North Wales Police,-3.499231,53.316064,On or near South Avenue,W01000241,Denbighshire 004F,Violence and sexual offences,Action to be taken by another organisation,
d077e923063cdd4087262e120034e57708a908617009a367eaab3cf7699965e2,2023-06,North Wales Police,North Wales Police,-3.500613,53.316955,On or near North Avenue,W01000241,Denbighshire 004F,Violence and sexual offences,Action to be taken by another organisation,
2bac9a74b93f25a637c6a2e379769cdac8d19550073ee2375736596e7b1336e8,2023-06,North Wales Police,North Wales Police,-3.497910,53.315632,On or near Bridge Street,W01000241,Denbighshire 004F,Violence and sexual offences,Unable to prosecute suspect,
86c892c240e803e5fd39dec0e19e402a7420a39a1e572ee51d16933478e58714,2023-06,North Wales Police,North Wales Police,-3.497581,53.314809,On or near Warren Road,W01000241,Denbighshire 004F,Violence and sexual offences,Unable to prosecute suspect,
4ca17712cbfcf2681534ff946f785715466c110b52f2d833274cb2b15008b9e4,2023-06,North Wales Police,North Wales Police,-3.501612,53.315882,On or near Sandringham Avenue,W01000241,Denbighshire 004F,Violence and sexual offences,Investigation complete; no suspect identified,
3040f11e03d58c38739d6d154cd9a8868976828805d87e0a692d7a0e8ab05f3f,2023-06,North Wales Police,North Wales Police,-3.498716,53.315073,On or near West Street,W01000241,Denbighshire 004F,Violence and sexual offences,Unable to prosecute suspect,
dba75a1a85860b24eb39a2515cc4629903a89694fcb0699d41acefbc0d53a842,2023-06,North Wales Police,North Wales Police,-3.498981,53.314935,On or near Stanmore Street,W01000241,Denbighshire 004F,Other crime,Unable to prosecute suspect,
d3e66915f7eb5ad0f91007e4ac44f3b7502e1d85d7cddf8d5e69661cfbde273f,2023-06,North Wales Police,North Wales Police,-3.486286,53.317647,On or near Vezey Street,W01000236,Denbighshire 006A,Violence and sexual offences,Investigation complete; no suspect identified,
58e8abb391381ac3b292a3774ecc08949e849880ed964b238b9e0d631f382d26,2023-06,North Wales Police,North Wales Police,-3.486286,53.317647,On or near Vezey Street,W01000236,Denbighshire 006A,Violence and sexual offences,Investigation complete; no suspect identified,
79231ac61c0c0fb395cfb5694b2d8bf481704ab70e4e29349058bed6c140f20e,2023-06,North Wales Police,North Wales Police,-3.487470,53.314558,On or near Ffordd Las,W01000236,Denbighshire 006A,Violence and sexual offences,Investigation complete; no suspect identified,
,2023-06,North Wales Police,North Wales Police,-3.482699,53.314635,On or near St David'S Square,W01000236,Denbighshire 006A,Anti-social behaviour,,
,2023-06,North Wales Police,North Wales Police,-3.479908,53.312944,On or near Meredith Crescent,W01000236,Denbighshire 006A,Anti-social behaviour,,
,2023-06,North Wales Police,North Wales Police,-3.479908,53.312944,On or near Meredith Crescent,W01000236,Denbighshire 006A,Anti-social behaviour,,
,2023-06,North Wales Police,North Wales Police,-3.487835,53.316863,On or near Gamlin Street,W01000236,Denbighshire 006A,Anti-social behaviour,,
,2023-06,North Wales Police,North Wales Police,-3.479965,53.314579,On or near Aled Avenue,W01000236,Denbighshire 006A,Anti-social behaviour,,
,2023-06,North Wales Police,North Wales Police,-3.481902,53.314160,On or near Walford Avenue,W01000236,Denbighshire 006A,Anti-social behaviour,,
,2023-06,North Wales Police,North Wales Police,-3.487835,53.316863,On or near Gamlin Street,W01000236,Denbighshire 006A,Anti-social behaviour,,
,2023-06,North Wales Police,North Wales Police,-3.483842,53.314279,On or near Kingsley Avenue,W01000236,Denbighshire 006A,Anti-social behaviour,,
,2023-06,North Wales Police,North Wales Police,-3.487835,53.316863,On or near Gamlin Street,W01000236,Denbighshire 006A,Anti-social behaviour,,
,2023-06,North Wales Police,North Wales Police,-3.487835,53.316863,On or near Gamlin Street,W01000236,Denbighshire 006A,Anti-social behaviour,,
,2023-06,North Wales Police,North Wales Police,-3.487835,53.316863,On or near Gamlin Street,W01000236,Denbighshire 006A,Anti-social behaviour,,
,2023-06,North Wales Police,North Wales Police,-3.479908,53.312944,On or near Meredith Crescent,W01000236,Denbighshire 006A,Anti-social behaviour,,
,2023-06,North Wales Police,North Wales Police,-3.478849,53.314000,On or near Maes Cefndy,W01000236,Denbighshire 006A,Anti-social behaviour,,
,2023-06,North Wales Police,North Wales Police,-3.487835,53.316863,On or near Gamlin Street,W01000236,Denbighshire 006A,Anti-social behaviour,,
,2023-06,North Wales Police,North Wales Police,-3.481902,53.314160,On or near Walford Avenue,W01000236,Denbighshire 006A,Anti-social behaviour,,
c75d260e29cb38a71f8ba142c359d390aba160b70c1cb777123dddc92f8a83dd,2023-06,North Wales Police,North Wales Police,-3.484231,53.315533,On or near Victoria Road,W01000236,Denbighshire 006A,Burglary,Investigation complete; no suspect identified,
58f798911c3713a308f46314c112e6062a5b7014401a6b40e6638e9182d97341,2023-06,North Wales Police,North Wales Police,-3.479965,53.314579,On or near Aled Avenue,W01000236,Denbighshire 006A,Criminal damage and arson,Unable to prosecute suspect,
b6a817d0cb9c89b5d0720ddb7d8069060929de904c86fcdba2a16c9f9aae65ef,2023-06,North Wales Police,North Wales Police,-3.479965,53.314579,On or near Aled Avenue,W01000236,Denbighshire 006A,Criminal damage and arson,Unable to prosecute suspect,
4ef3c309243e7dbfee28415c176ad5c4ac6ac6cb0f6a9bb55ee52a16460210cd,2023-06,North Wales Police,North Wales Police,-3.484231,53.315533,On or near Victoria Road,W01000236,Denbighshire 006A,Criminal damage and arson,Investigation complete; no suspect identified,
3c892584f49ae8eaca57107b6c62c911e0571a773c162d897c95a232b13ec4de,2023-06,North Wales Police,North Wales Police,-3.487470,53.314558,On or near Ffordd Las,W01000236,Denbighshire 006A,Criminal damage and arson,Investigation complete; no suspect identified,
262ddb342afc9c65a6fb0e07203c20d8255e034d42b1508f140ea93c1336b827,2023-06,North Wales Police,North Wales Police,-3.479908,53.312944,On or near Meredith Crescent,W01000236,Denbighshire 006A,Criminal damage and arson,Investigation complete; no suspect identified,
9307da3ce9a05be46078f828623513d5b44e30d41bbd4001e0a021d7f57b26fa,2023-06,North Wales Police,North Wales Police,-3.480648,53.312206,On or near Brickfield Park,W01000236,Denbighshire 006A,Criminal damage and arson,Investigation complete; no suspect identified,
044fec8f0487154083af01ca68256fe1a9f4cd60d78983b4910509f261cc48a3,2023-06,North Wales Police,North Wales Police,-3.483480,53.316378,On or near Morfa Bach,W01000236,Denbighshire 006A,Drugs,Further action is not in the public interest,
b993b5c1501e45dd61fa080a912cfae49ec395cddf79b39ba136a51f82c79bff,2023-06,North Wales Police,North Wales Police,-3.479965,53.314579,On or near Aled Avenue,W01000236,Denbighshire 006A,Other theft,Unable to prosecute suspect,
30a00aafb014a9c8cc6894562a8cafde8ccd954b8e31d1a36689720896184b70,2023-06,North Wales Police,North Wales Police,-3.479965,53.314579,On or near Aled Avenue,W01000236,Denbighshire 006A,Other theft,Investigation complete; no suspect identified,
531b27ff31192be95eb6cfe530a4d325cebf26f40a4213998a4aa788fad9d747,2023-06,North Wales Police,North Wales Police,-3.483480,53.316378,On or near Morfa Bach,W01000236,Denbighshire 006A,Possession of weapons,Unable to prosecute suspect,
2240bcdd4acf92995173854996bdd0d620627d5a9e22a6d0c6487b85f1de9200,2023-06,North Wales Police,North Wales Police,-3.480648,53.312206,On or near Brickfield Park,W01000236,Denbighshire 006A,Public order,Further investigation is not in the public interest,
7f38ab17e9478bfc270f8a49272194a40eda94cfc2a866a40fdde987688346d7,2023-06,North Wales Police,North Wales Police,-3.479111,53.312459,On or near Meredith Close,W01000236,Denbighshire 006A,Public order,Court result unavailable,
50945d3aac4043c276fd0a33fd6bdb8aea5c778170940cf8ac5f6242a6f48ca7,2023-06,North Wales Police,North Wales Police,-3.489058,53.316623,On or near Clwyd Avenue,W01000236,Denbighshire 006A,Public order,Unable to prosecute suspect,
020ebae226ef1b6fb089bc2958ce344013b46909546377b8cdc1c786bfa316a4,2023-06,North Wales Police,North Wales Police,-3.486286,53.317647,On or near Vezey Street,W01000236,Denbighshire 006A,Public order,Unable to prosecute suspect,
be74d344885cdcfc74ec9eb1e1e440b2a953c9cae8e16fe91feed1ff218a24fb,2023-06,North Wales Police,North Wales Police,-3.483480,53.316378,On or near Morfa Bach,W01000236,Denbighshire 006A,Public order,Further action is not in the public interest,
dce1ac2e96abf9d522725b860041b787394452a43f61232aed96ba559fe99596,2023-06,North Wales Police,North Wales Police,-3.489058,53.316623,On or near Clwyd Avenue,W01000236,Denbighshire 006A,Shoplifting,Investigation complete; no suspect identified,
ee115edb972326661389689af718cd8f72b1022612a0a7ff1f0d98099b1b9d10,2023-06,North Wales Police,North Wales Police,-3.484191,53.319570,On or near Norman Drive,W01000236,Denbighshire 006A,Shoplifting,Investigation complete; no suspect identified,
936e8ada5c871a1aae26035027aa8f768b6e0ed8f1212b6676bf1bfd5208b0a2,2023-06,North Wales Police,North Wales Police,-3.489058,53.316623,On or near Clwyd Avenue,W01000236,Denbighshire 006A,Shoplifting,Court result unavailable,
8d377a11e57c6070baf0a85cda1d28596200a9669d30e834a3b963bea59280a8,2023-06,North Wales Police,North Wales Police,-3.489058,53.316623,On or near Clwyd Avenue,W01000236,Denbighshire 006A,Shoplifting,Status update unavailable,
9d4dd475e0463625a691e880fed55954f8c16a6f6c5d954d5823d84a8084544b,2023-06,North Wales Police,North Wales Police,-3.489058,53.316623,On or near Clwyd Avenue,W01000236,Denbighshire 006A,Shoplifting,Investigation complete; no suspect identified,
74af8eab43c86af346e9f360112af1d01c3a1ec48566a88a1be6fbcc0f5a52bc,2023-06,North Wales Police,North Wales Police,-3.487835,53.316863,On or near Gamlin Street,W01000236,Denbighshire 006A,Vehicle crime,Investigation complete; no suspect identified,
f296c769abb809b0ff63304eef21756466cae2480b927940012be92a75cd82bc,2023-06,North Wales Police,North Wales Police,-3.485704,53.316458,On or near Ernest Street,W01000236,Denbighshire 006A,Vehicle crime,Unable to prosecute suspect,
c5e02a8d5b2a32680e4b73212f3a56555e4ccf0f9b6b5e4c34150e8319af0de2,2023-06,North Wales Police,North Wales Police,-3.479965,53.314579,On or near Aled Avenue,W01000236,Denbighshire 006A,Violence and sexual offences,Unable to prosecute suspect,
a83b405351c489c5aa4a2dbbfee779f49960e980d3d65773cdc1cf07094ec4e0,2023-06,North Wales Police,North Wales Police,-3.487835,53.316863,On or near Gamlin Street,W01000236,Denbighshire 006A,Violence and sexual offences,Investigation complete; no suspect identified,
616e08488df1de21016c6899ed7102a1aaa942973851ea0fb71e96f106dfae8a,2023-06,North Wales Police,North Wales Police,-3.487835,53.316863,On or near Gamlin Street,W01000236,Denbighshire 006A,Violence and sexual offences,Unable to prosecute suspect,
848f88138f7b4090455a9e0d6f2c5b7cc9a2fbeb9c5b6c0fd8e9a2bcf4965075,2023-06,North Wales Police,North Wales Police,-3.478849,53.314000,On or near Maes Cefndy,W01000236,Denbighshire 006A,Violence and sexual offences,Unable to prosecute suspect,
feb02597061ec1e23a533e7fe15af3efc9d37f59917402b3f3b9aef74b722e92,2023-06,North Wales Police,North Wales Police,-3.487835,53.316863,On or near Gamlin Street,W01000236,Denbighshire 006A,Violence and sexual offences,Unable to prosecute suspect,
21c63d420000018dcf822f9827b2175fb2aadd4ef31c78a6da8d2bd5360812b4,2023-06,North Wales Police,North Wales Police,-3.479908,53.312944,On or near Meredith Crescent,W01000236,Denbighshire 006A,Violence and sexual offences,Unable to prosecute suspect,
10e22c7dfb391b09b577798c855ebbe80afdf775a0791813b1d8418624dcc930,2023-06,North Wales Police,North Wales Police,-3.480625,53.316728,On or near Vale Road,W01000236,Denbighshire 006A,Violence and sexual offences,Unable to prosecute suspect,
dabde538fcddc3cbac6c88ac0276e28a463a7268648c30b4d2130b4d342610f2,2023-06,North Wales Police,North Wales Police,-3.481902,53.314160,On or near Walford Avenue,W01000236,Denbighshire 006A,Violence and sexual offences,Unable to prosecute suspect,
f435d85be1fc5022fd9f8fc3f9be5f5ed4ab7fb74c38f1b1b026ea23355b8be6,2023-06,North Wales Police,North Wales Police,-3.489058,53.316623,On or near Clwyd Avenue,W01000236,Denbighshire 006A,Violence and sexual offences,Court result unavailable,
fbf2c1dc639f44d0e83c6b311c9731e30537af114cd781e6c3d35ab5b71f9dde,2023-06,North Wales Police,North Wales Police,-3.485704,53.316458,On or near Ernest Street,W01000236,Denbighshire 006A,Violence and sexual offences,Unable to prosecute suspect,
c72a5d0b1370cface3940272fd8ace4b25dbcb5c10f8db34d77fe6fa8300b672,2023-06,North Wales Police,North Wales Police,-3.481902,53.314160,On or near Walford Avenue,W01000236,Denbighshire 006A,Violence and sexual offences,Unable to prosecute suspect,
019f05c4882782398f264aca0ca9fcf87a9f3d0d4ffe66c8875d6a79321b438b,2023-06,North Wales Police,North Wales Police,-3.479965,53.314579,On or near Aled Avenue,W01000236,Denbighshire 006A,Violence and sexual offences,Unable to prosecute suspect,
abc8657a6a490fc7a15e9415b49d37f8ba02cd4a784a7b9f4425c33ff1cba889,2023-06,North Wales Police,North Wales Police,-3.479965,53.314579,On or near Aled Avenue,W01000236,Denbighshire 006A,Violence and sexual offences,Unable to prosecute suspect,
11e83a29990c8291afa7dbe89c74d9b5148154a40af08e514ad041175a6e1c99,2023-06,North Wales Police,North Wales Police,-3.487835,53.316863,On or near Gamlin Street,W01000236,Denbighshire 006A,Violence and sexual offences,Unable to prosecute suspect,
16d778b782ab96f38d77f6094a990f6ed90ccdb22ed67bcbb814e4ac1e7add8e,2023-06,North Wales Police,North Wales Police,-3.486286,53.317647,On or near Vezey Street,W01000236,Denbighshire 006A,Violence and sexual offences,Unable to prosecute suspect,
3e2aad7e13162ae094a394aed646e0167b60cf86d00ddacc19ef41242c825c40,2023-06,North Wales Police,North Wales Police,-3.486286,53.317647,On or near Vezey Street,W01000236,Denbighshire 006A,Violence and sexual offences,Unable to prosecute suspect,
c5ea3b70131f886a0b48721656e4f049bd200649e830d6913d44b8db2df4e0be,2023-06,North Wales Police,North Wales Police,-3.487835,53.316863,On or near Gamlin Street,W01000236,Denbighshire 006A,Violence and sexual offences,Unable to prosecute suspect,
10b2fd4eed834f346b714499be71f112879e6435cd2e9ce64e4631fc939ccae5,2023-06,North Wales Police,North Wales Police,-3.487835,53.316863,On or near Gamlin Street,W01000236,Denbighshire 006A,Violence and sexual offences,Unable to prosecute suspect,
495fd0e802c4498e7ff62f788f69f86ece10265ed520ccb5efbbb1916ff8ddce,2023-06,North Wales Police,North Wales Police,-3.479908,53.312944,On or near Meredith Crescent,W01000236,Denbighshire 006A,Violence and sexual offences,Unable to prosecute suspect,
ae7f1613ee6b7db818d1c32819f6f1a5894c2b446226483c174c36ea97ced996,2023-06,North Wales Police,North Wales Police,-3.479908,53.312944,On or near Meredith Crescent,W01000236,Denbighshire 006A,Violence and sexual offences,Unable to prosecute suspect,
53071cfd17e4971f69c4bab7ebb1cbf664e30b8b7dcced6965c48e058bce1466,2023-06,North Wales Police,North Wales Police,-3.479965,53.314579,On or near Aled Avenue,W01000236,Denbighshire 006A,Violence and sexual offences,Unable to prosecute suspect,
8c1aedd0ba840ebfdfbd2acdef44e4b8c418a1ca4842ee9f845314f7247ee444,2023-06,North Wales Police,North Wales Police,-3.483480,53.316378,On or near Morfa Bach,W01000236,Denbighshire 006A,Violence and sexual offences,Court result unavailable,
731bf4b906a126dc96a7578f35a11b20c97ec5206632ceeca668d9e80167fb1c,2023-06,North Wales Police,North Wales Police,-3.484190,53.313052,On or near Further/Higher Educational Building,W01000236,Denbighshire 006A,Violence and sexual offences,Investigation complete; no suspect identified,
b26389037165bbaa238f5cbf71bd6fe2714b0a31f5ed0f4c8a21eb4955dbe8b1,2023-06,North Wales Police,North Wales Police,-3.484097,53.316856,On or near Williams Street,W01000236,Denbighshire 006A,Violence and sexual offences,Action to be taken by another organisation,
8ca4234fcc458e542d8a4147c7e6b1aa9cbffbba676ae9b958d8e5b369693750,2023-06,North Wales Police,North Wales Police,-3.479908,53.312944,On or near Meredith Crescent,W01000236,Denbighshire 006A,Violence and sexual offences,Action to be taken by another organisation,
eb1e3306b39667f3e7edd9b007e8a514d352a95f3a5b8aa240f0066b25407507,2023-06,North Wales Police,North Wales Police,-3.486286,53.317647,On or near Vezey Street,W01000236,Denbighshire 006A,Violence and sexual offences,Unable to prosecute suspect,
1a18eab8b1ec0e90a333b5228ff5c807bb753b706d71f2949495c2a6339baac9,2023-06,North Wales Police,North Wales Police,-3.486286,53.317647,On or near Vezey Street,W01000236,Denbighshire 006A,Violence and sexual offences,Unable to prosecute suspect,
c29dbe0efc4308f3ce9a85e42d58954aa4196791f2d422bde2b1c990de179426,2023-06,North Wales Police,North Wales Police,-3.485704,53.316458,On or near Ernest Street,W01000236,Denbighshire 006A,Violence and sexual offences,Unable to prosecute suspect,
6791ef7ca2387a2a6bf04e6b3ecdd0e2223a9809257fcacb896834ea1230aa1a,2023-06,North Wales Police,North Wales Police,-3.484190,53.313052,On or near Further/Higher Educational Building,W01000236,Denbighshire 006A,Violence and sexual offences,Unable to prosecute suspect,
6388e5cb148ed2d51196aa4fa6964ab3386a727cf8dd51304e3bc170a2d71cb7,2023-06,North Wales Police,North Wales Police,-3.479111,53.312459,On or near Meredith Close,W01000236,Denbighshire 006A,Violence and sexual offences,Unable to prosecute suspect,
b7869005ce4259fc148ccaccd6623a4b2c1325929304220b8a976ad305c78c54,2023-06,North Wales Police,North Wales Police,-3.478849,53.314000,On or near Maes Cefndy,W01000236,Denbighshire 006A,Violence and sexual offences,Unable to prosecute suspect,
8f954d71f210e9f82e889b904b159aab22e47ace05d51cbccac8fc90114c3eaf,2023-06,North Wales Police,North Wales Police,-3.479965,53.314579,On or near Aled Avenue,W01000236,Denbighshire 006A,Violence and sexual offences,Unable to prosecute suspect,
7d8d23f36fa6a2f4853029c1a49e0e1c2e5e73e4612dde10a75395249d13fb42,2023-06,North Wales Police,North Wales Police,-3.481731,53.316157,On or near Vale Park,W01000236,Denbighshire 006A,Violence and sexual offences,Unable to prosecute suspect,
8bfaec0c451db066ed33275b06483f3d08f302f9bf8ea851dbe9a00506a170f9,2023-06,North Wales Police,North Wales Police,-3.483480,53.316378,On or near Morfa Bach,W01000236,Denbighshire 006A,Violence and sexual offences,Court result unavailable,
d5f4d29f986637653a09038645bf1fa7eda7d83c9c2d4dd75a2ba101872ee704,2023-06,North Wales Police,North Wales Police,-3.479111,53.312459,On or near Meredith Close,W01000236,Denbighshire 006A,Violence and sexual offences,Unable to prosecute suspect,
d99daaca435c2e367941bb2d419fb2d40a9a9ebdc0fb8a920d820407a68047b7,2023-06,North Wales Police,North Wales Police,-3.481902,53.314160,On or near Walford Avenue,W01000236,Denbighshire 006A,Violence and sexual offences,Unable to prosecute suspect,
41b602348daf14af51d42848e70803995f201a75efa0dcc2b99e8784a7b44711,2023-06,North Wales Police,North Wales Police,-3.486286,53.317647,On or near Vezey Street,W01000236,Denbighshire 006A,Violence and sexual offences,Investigation complete; no suspect identified,
3c5afc2d21f965ccb6cb9bca60fd68cab60f481508db231bd85c237db3539540,2023-06,North Wales Police,North Wales Police,-3.487835,53.316863,On or near Gamlin Street,W01000236,Denbighshire 006A,Violence and sexual offences,Unable to prosecute suspect,
777a5dee52993923a2fbbb026554326754942953a00bfdf7bd55547e8d3bdece,2023-06,North Wales Police,North Wales Police,-3.481902,53.314160,On or near Walford Avenue,W01000236,Denbighshire 006A,Violence and sexual offences,Investigation complete; no suspect identified,
ec5fac27127f0200b73421893f5c904d829d515a025bb02b5281a4448fa261e1,2023-06,North Wales Police,North Wales Police,-3.483842,53.314279,On or near Kingsley Avenue,W01000236,Denbighshire 006A,Violence and sexual offences,Unable to prosecute suspect,
93c1a0b93dd6bf9cb030938eb694cd449fa8242d8d133137e30d260365d9dbaa,2023-06,North Wales Police,North Wales Police,-3.487835,53.316863,On or near Gamlin Street,W01000236,Denbighshire 006A,Violence and sexual offences,Formal action is not in the public interest,
4488d12171359b5e9d198df18084f89d800d6805801013322d63b6910ed183c1,2023-06,North Wales Police,North Wales Police,-3.482699,53.314635,On or near St David'S Square,W01000236,Denbighshire 006A,Violence and sexual offences,Unable to prosecute suspect,
dabb4f8ddd4f551554a3125b038e50c695300f3bc632a3734abc83fe8bbe896a,2023-06,North Wales Police,North Wales Police,-3.481731,53.316157,On or near Vale Park,W01000236,Denbighshire 006A,Violence and sexual offences,Unable to prosecute suspect,
d17f118a15b6a36521a65e4381621e2279fc544cbb4f152fa1ca7d27a2291809,2023-06,North Wales Police,North Wales Police,-3.480648,53.312206,On or near Brickfield Park,W01000236,Denbighshire 006A,Violence and sexual offences,Action to be taken by another organisation,
cfc3bc4401848ff6d137ae412e7be8d7564b9393fb8da797a6822ffb8f985418,2023-06,North Wales Police,North Wales Police,-3.486286,53.317647,On or near Vezey Street,W01000236,Denbighshire 006A,Other crime,Unable to prosecute suspect,
98448da85808c549efb0f2cad356acec43a96c486a6daaa9f9bfa252cae7334d,2023-06,North Wales Police,North Wales Police,-3.487835,53.316863,On or near Gamlin Street,W01000236,Denbighshire 006A,Other crime,Unable to prosecute suspect,
,2023-06,North Wales Police,North Wales Police,-3.489590,53.312940,On or near Arfon Grove,W01000237,Denbighshire 006B,Anti-social behaviour,,
,2023-06,North Wales Police,North Wales Police,-3.488666,53.314435,On or near Menai Avenue,W01000237,Denbighshire 006B,Anti-social behaviour,,
,2023-06,North Wales Police,North Wales Police,-3.496508,53.312035,On or near Frederick Street,W01000237,Denbighshire 006B,Anti-social behaviour,,
,2023-06,North Wales Police,North Wales Police,-3.488481,53.312136,On or near Brookes Avenue,W01000237,Denbighshire 006B,Anti-social behaviour,,
e462ef0f14d5a5d51cc4946f461ea7da563b40b9f5b761e1a539c2f60d2d8d1b,2023-06,North Wales Police,North Wales Police,-3.498142,53.309734,On or near Bus/Coach Station,W01000237,Denbighshire 006B,Burglary,Court result unavailable,
d4680d0897761231276b99c90b4a223f3fa79e2c631c198eb5dd4908a4e0bc57,2023-06,North Wales Police,North Wales Police,-3.498142,53.309734,On or near Bus/Coach Station,W01000237,Denbighshire 006B,Burglary,Investigation complete; no suspect identified,
d63da2cc944a1de6a49d2c6b20e023d74f16c91f500bb62a5377b6b777a18f44,2023-06,North Wales Police,North Wales Police,-3.492862,53.312081,On or near Rhydwen Drive,W01000237,Denbighshire 006B,Burglary,Investigation complete; no suspect identified,
2b792b7a96425d0bc4671c0db10d700aaf6c0e5d1be080c174f8b31f0d04ada6,2023-06,North Wales Police,North Wales Police,-3.488481,53.312136,On or near Brookes Avenue,W01000237,Denbighshire 006B,Burglary,Court result unavailable,
2e6e2725682d3790a636a507ad1e68f261ce7f0c63cfc2e2739ac8f934831e52,2023-06,North Wales Police,North Wales Police,-3.485560,53.313611,On or near Parc Fforddlas,W01000237,Denbighshire 006B,Burglary,Court result unavailable,
3198e7e5c4df361b680e5fe1694e2b32cb4c51ec0e9dcdd1aa5fbecf14fd0bb2,2023-06,North Wales Police,North Wales Police,-3.498142,53.309734,On or near Bus/Coach Station,W01000237,Denbighshire 006B,Burglary,Court result unavailable,
58d23d8bdcfc0ff9eb1cc4eecd27a5af11d8ad05a49d3748ad7aefd8274e001d,2023-06,North Wales Police,North Wales Police,-3.492862,53.312081,On or near Rhydwen Drive,W01000237,Denbighshire 006B,Criminal damage and arson,Unable to prosecute suspect,
29cf15a38a249d972a321c82d319c7dea925eef86f300e8680edcc118d94a3ab,2023-06,North Wales Police,North Wales Police,-3.485560,53.313611,On or near Parc Fforddlas,W01000237,Denbighshire 006B,Criminal damage and arson,Investigation complete; no suspect identified,
8b4c357d5b4f62e8e87b7cdb888ac2df6aaeb91f8e9480a58f5c53637b4c563d,2023-06,North Wales Police,North Wales Police,-3.485560,53.313611,On or near Parc Fforddlas,W01000237,Denbighshire 006B,Other theft,Investigation complete; no suspect identified,
f7f9bcbbfe66fa3b1fda87dc344709860d9fa5b9372e2c61b8ab2f3dbb1d3eea,2023-06,North Wales Police,North Wales Police,-3.488481,53.312136,On or near Brookes Avenue,W01000237,Denbighshire 006B,Other theft,Investigation complete; no suspect identified,
46513b70cf449c47389cbcdceb55361f66f88818feb6f1ba5510a244d0cac6e6,2023-06,North Wales Police,North Wales Police,-3.488481,53.312136,On or near Brookes Avenue,W01000237,Denbighshire 006B,Other theft,Investigation complete; no suspect identified,
d9b389ee8559331713f070c8a48ec32b9b5854dfcb09346d0417d7cd5c060f75,2023-06,North Wales Police,North Wales Police,-3.488481,53.312136,On or near Brookes Avenue,W01000237,Denbighshire 006B,Public order,Unable to prosecute suspect,
7765a1b5f41c2b47dd2a24849f18ced5594d3a5a1771f3ea9b5a90d2629f2aa1,2023-06,North Wales Police,North Wales Police,-3.492862,53.312081,On or near Rhydwen Drive,W01000237,Denbighshire 006B,Violence and sexual offences,Unable to prosecute suspect,
10beb3d6ce838baaae50a9c114c3032c3597ba1059dd325493515861792a4961,2023-06,North Wales Police,North Wales Police,-3.494059,53.313675,On or near Thornton Close,W01000237,Denbighshire 006B,Violence and sexual offences,Court result unavailable,
1cee191da43bd016809269e1cc7af1ed7427c41deab4eb57468a45dc8476ebab,2023-06,North Wales Police,North Wales Police,-3.488666,53.314435,On or near Menai Avenue,W01000237,Denbighshire 006B,Violence and sexual offences,Unable to prosecute suspect,
b64d3808a3e731383856178af8b81b67912fa26a90761f92a79c9c1a84c29c33,2023-06,North Wales Police,North Wales Police,-3.488861,53.313560,On or near Gwynfryn Avenue,W01000237,Denbighshire 006B,Violence and sexual offences,Unable to prosecute suspect,
790ffd73cad143ec9decbffaf781fccf3faa5dc9a1948fc91f3c6f9763538731,2023-06,North Wales Police,North Wales Police,-3.492310,53.313895,On or near Netley Road,W01000237,Denbighshire 006B,Violence and sexual offences,Court result unavailable,
133b663f5c3ebec0fca8ae9c9a8ae0910ebcf3e15eb511725d05ffbdfa704176,2023-06,North Wales Police,North Wales Police,-3.492862,53.312081,On or near Rhydwen Drive,W01000237,Denbighshire 006B,Violence and sexual offences,Unable to prosecute suspect,
56a0d7f58ce43929d66c195579855f98eadd9f89f1f7f80a35c72772e2334e5f,2023-06,North Wales Police,North Wales Police,-3.488481,53.312136,On or near Brookes Avenue,W01000237,Denbighshire 006B,Violence and sexual offences,Unable to prosecute suspect,
a3902cd7b97ff8a808b4b9187ffc1e87fe5e302c5d2cc74e86025b6afe9c9879,2023-06,North Wales Police,North Wales Police,-3.492862,53.312081,On or near Rhydwen Drive,W01000237,Denbighshire 006B,Violence and sexual offences,Status update unavailable,
8e73a2acea66979208301dd17133d1dff05ff22b14fef4e2b3657ee6bda0c113,2023-06,North Wales Police,North Wales Police,-3.496508,53.312035,On or near Frederick Street,W01000237,Denbighshire 006B,Violence and sexual offences,Action to be taken by another organisation,
92ad975d582040cbc7456ed065c3fcb1594362751bb504bf1f5c7f54a16f3e76,2023-06,North Wales Police,North Wales Police,-3.492310,53.313895,On or near Netley Road,W01000237,Denbighshire 006B,Violence and sexual offences,Court result unavailable,
3f347634b979590b089b61330362d09b8a638d92fe570c44bf5d610dade23f25,2023-06,North Wales Police,North Wales Police,-3.488481,53.312136,On or near Brookes Avenue,W01000237,Denbighshire 006B,Violence and sexual offences,Unable to prosecute suspect,
bb7e17c0bb6da15c4484f3f3d7d62e0622d25fcf2346790ae08004cf4ff9a03f,2023-06,North Wales Police,North Wales Police,-3.493173,53.314522,On or near Marsh Road,W01000237,Denbighshire 006B,Violence and sexual offences,Unable to prosecute suspect,
9b048c88daa0963ec4ad6b25030d5aea95fc9b77861ecb5e8b39c14b67e03d39,2023-06,North Wales Police,North Wales Police,-3.488481,53.312136,On or near Brookes Avenue,W01000237,Denbighshire 006B,Violence and sexual offences,Unable to prosecute suspect,
733dac1f2c6b58c7574a142cf92a7257693921de639b91b83140ee1736db2e76,2023-06,North Wales Police,North Wales Police,-3.496508,53.312035,On or near Frederick Street,W01000237,Denbighshire 006B,Violence and sexual offences,Action to be taken by another organisation,
44c6d5067885f9eeeb09f65f4c7563ba4fd388bb3037650ce0cec67ce9f7e167,2023-06,North Wales Police,North Wales Police,-3.488481,53.312136,On or near Brookes Avenue,W01000237,Denbighshire 006B,Violence and sexual offences,Unable to prosecute suspect,
30bf5a95b037b3e2755d508c1069774aea5e4a1b044908b7791b8ca7a5a87dcc,2023-06,North Wales Police,North Wales Police,-3.496508,53.312035,On or near Frederick Street,W01000237,Denbighshire 006B,Violence and sexual offences,Action to be taken by another organisation,
55ebb701add6bd2cf2199801260e279c7b0286d41dd78e5e883870da47242951,2023-06,North Wales Police,North Wales Police,-3.492862,53.312081,On or near Rhydwen Drive,W01000237,Denbighshire 006B,Violence and sexual offences,Unable to prosecute suspect,
04fc9358a9d7c147674910444a29f008513e398060f7409be76797f549440ba0,2023-06,North Wales Police,North Wales Police,-3.481484,53.317716,On or near The Crescent,W01000238,Denbighshire 006C,Burglary,Court result unavailable,
a6afa78835e7bf7f3e3a8b4be5b129b4e5396660cf857eac5b1391b3e9993c3e,2023-06,North Wales Police,North Wales Police,-3.480569,53.318599,On or near Prince Edward Avenue,W01000238,Denbighshire 006C,Violence and sexual offences,Unable to prosecute suspect,
,2023-06,North Wales Police,North Wales Police,-3.478106,53.319861,On or near Grange Road,W01000238,Denbighshire 006C,Anti-social behaviour,,
c630e631c3674aee4adc2da1ef5bf4ba5502a60296865cc6d2ca4b9ed5deb662,2023-06,North Wales Police,North Wales Police,-3.481484,53.317716,On or near The Crescent,W01000238,Denbighshire 006C,Criminal damage and arson,Unable to prosecute suspect,
fe1634edd0d1f7c8ac9e9a1b611b1fad177142ebf1e193a79be7f7bed57fab02,2023-06,North Wales Police,North Wales Police,-3.477895,53.317032,On or near Shopping Area,W01000238,Denbighshire 006C,Other theft,Unable to prosecute suspect,
85d2b792a904cf1564e220b5f7bf96cbf4721cd2ece2c9bb9c9bb512f8c738e7,2023-06,North Wales Police,North Wales Police,-3.481427,53.318669,On or near Geufron,W01000238,Denbighshire 006C,Public order,Unable to prosecute suspect,
9e618db723689df17416ffc3d050982e9223a1600d04dbb8073c75e02663af29,2023-06,North Wales Police,North Wales Police,-3.473602,53.317265,On or near Patagonia Avenue,W01000238,Denbighshire 006C,Public order,Unable to prosecute suspect,
fcd2b4fbdddf91717e25c3fd000ba67f0e49a25dc7312754abb930862c89870e,2023-06,North Wales Police,North Wales Police,-3.484138,53.318051,On or near Albert Street,W01000238,Denbighshire 006C,Robbery,Investigation complete; no suspect identified,
22973971b886c64ee27788af4018e9241e991727baa3d3cf92b98757d11b6c1d,2023-06,North Wales Police,North Wales Police,-3.481484,53.317716,On or near The Crescent,W01000238,Denbighshire 006C,Shoplifting,Investigation complete; no suspect identified,
a130cb9ed05d1a7be89852bcbbfd2a624567fb8a3d9c6af699a7afbbc3992c1d,2023-06,North Wales Police,North Wales Police,-3.481484,53.317716,On or near The Crescent,W01000238,Denbighshire 006C,Shoplifting,Investigation complete; no suspect identified,
abc6794162d5f9991fc60a9fb9d69daed02561fb814d99e35c42ff15a649cabf,2023-06,North Wales Police,North Wales Police,-3.481339,53.319578,On or near Mona Terrace,W01000238,Denbighshire 006C,Violence and sexual offences,Unable to prosecute suspect,
228e91f3590f39376ddfe0bb4691779ce1087572d2feb781e0322c94173ce58c,2023-06,North Wales Police,North Wales Police,-3.480569,53.318599,On or near Prince Edward Avenue,W01000238,Denbighshire 006C,Violence and sexual offences,Investigation complete; no suspect identified,
378969e1a6c43b5b6b2e5d533f941ab4ecee7395294d14318f2b7d285fd557a7,2023-06,North Wales Police,North Wales Police,-3.480569,53.318599,On or near Prince Edward Avenue,W01000238,Denbighshire 006C,Violence and sexual offences,Status update unavailable,
fa0b7211e310bd4fe411b2d0ae5628fe9ebb2eb793fb4d2ea97a97a13855435a,2023-06,North Wales Police,North Wales Police,-3.477895,53.317032,On or near Shopping Area,W01000238,Denbighshire 006C,Violence and sexual offences,Court result unavailable,
088e822e187f507bea9bcf9e838a3645f9bcf9755371df1c674b1e734a40152f,2023-06,North Wales Police,North Wales Police,-3.481484,53.317716,On or near The Crescent,W01000238,Denbighshire 006C,Violence and sexual offences,Investigation complete; no suspect identified,
d4136605c799e8ea4054a10d0eea3a63bad95b217ff13c5c6699771c091d90be,2023-06,North Wales Police,North Wales Police,-3.477895,53.317032,On or near Shopping Area,W01000238,Denbighshire 006C,Violence and sexual offences,Unable to prosecute suspect,
0903bc90d190d3b02301168189426847b139e0150f401c640b504fb63b14d8e2,2023-06,North Wales Police,North Wales Police,-3.482577,53.319338,On or near Greenfield Street,W01000238,Denbighshire 006C,Violence and sexual offences,Unable to prosecute suspect,
5bf96380639955c7c2078842e68254d2a15a95b83b9a38e91a19f89e30950f86,2023-06,North Wales Police,North Wales Police,-3.475332,53.315167,On or near Petrol Station,W01000238,Denbighshire 006C,Violence and sexual offences,Unable to prosecute suspect,
fe60918747d9d97a000c2f349405a552641b4111019de0658b11cb43a665b392,2023-06,North Wales Police,North Wales Police,-3.484138,53.318051,On or near Albert Street,W01000238,Denbighshire 006C,Violence and sexual offences,Unable to prosecute suspect,
600b590389abaf488368694a27745bbe533e60c37fee5603132932425ccac66b,2023-06,North Wales Police,North Wales Police,-3.475332,53.315167,On or near Petrol Station,W01000238,Denbighshire 006C,Violence and sexual offences,Unable to prosecute suspect,
5a9e9f7bbecc07c5450097f86af933a1a08555b2d68d7be463bc8678f1698a33,2023-06,North Wales Police,North Wales Police,-3.482577,53.319338,On or near Greenfield Street,W01000238,Denbighshire 006C,Violence and sexual offences,Unable to prosecute suspect,
52c3d5dd9f44b4ef031ed435b98ee65a945b83cf40e4e98028f5ba6bfbfbed6f,2023-06,North Wales Police,North Wales Police,-3.475332,53.315167,On or near Petrol Station,W01000238,Denbighshire 006C,Violence and sexual offences,Unable to prosecute suspect,
55bd362242098e8a0074d430619cce530d97fe7dd5992fc0e033f8b878e52c43,2023-06,North Wales Police,North Wales Police,-3.475332,53.315167,On or near Petrol Station,W01000238,Denbighshire 006C,Violence and sexual offences,Unable to prosecute suspect,
cef9d40cf7cc33a7796978aada222c68b62e370bca5a3d157ccada8c38335242,2023-06,North Wales Police,North Wales Police,-3.472490,53.315481,On or near Tudor Avenue,W01000238,Denbighshire 006C,Violence and sexual offences,Unable to prosecute suspect,
f70353e59d984726cf2d9496bc43badb1c58fc8d57e057050a7cba6ea2eb614f,2023-06,North Wales Police,North Wales Police,-3.485211,53.318245,On or near Theatre/Concert Hall,W01000238,Denbighshire 006C,Violence and sexual offences,Unable to prosecute suspect,
c4d93a4f25de57c0ec8c52934cbcc3cfe9a62938934491c95e76846be6aae7a9,2023-06,North Wales Police,North Wales Police,-3.480569,53.318599,On or near Prince Edward Avenue,W01000238,Denbighshire 006C,Violence and sexual offences,Unable to prosecute suspect,
e598d751ec61f87ecfb756c12617c81fb6dec1081713678491304c9d0f56129f,2023-06,North Wales Police,North Wales Police,-3.478601,53.318992,On or near Clifton Avenue,W01000238,Denbighshire 006C,Violence and sexual offences,Unable to prosecute suspect,
b7a922c890076d908050db23d0c2898f12c1b7705823d3aff458817199d41e5d,2023-06,North Wales Police,North Wales Police,-3.475332,53.315167,On or near Petrol Station,W01000238,Denbighshire 006C,Violence and sexual offences,Unable to prosecute suspect,
ed61fed8a3067312564b21655125414d872ad2c59b64d334e9b78cfceb7482d3,2023-06,North Wales Police,North Wales Police,-3.480569,53.318599,On or near Prince Edward Avenue,W01000238,Denbighshire 006C,Other crime,Investigation complete; no suspect identified,
cc8e0ff90d174f2f3f1b268e2a0d64aeafedf7cdcec66e7ed5c8be4aa9d33f86,2023-06,North Wales Police,North Wales Police,-3.481484,53.317716,On or near The Crescent,W01000238,Denbighshire 006C,Other crime,Unable to prosecute suspect,
bc40b9e4d83378435301666f5d4da8749f8477fd45b3944d962de5fd0338265b,2023-06,North Wales Police,North Wales Police,-3.413028,53.296783,On or near Rhodfa Sian,W01000200,Denbighshire 008A,Violence and sexual offences,Unable to prosecute suspect,
,2023-06,North Wales Police,North Wales Police,-3.416937,53.311284,On or near Shopping Area,W01000201,Denbighshire 008B,Anti-social behaviour,,
,2023-06,North Wales Police,North Wales Police,-3.420977,53.304351,On or near Sports/Recreation Area,W01000201,Denbighshire 008B,Anti-social behaviour,,
,2023-06,North Wales Police,North Wales Police,-3.422068,53.304226,On or near Maes Cwyfan,W01000201,Denbighshire 008B,Anti-social behaviour,,
,2023-06,North Wales Police,North Wales Police,-3.419620,53.302826,On or near Maes-Y-Llys,W01000201,Denbighshire 008B,Anti-social behaviour,,
,2023-06,North Wales Police,North Wales Police,-3.425823,53.326835,On or near Ffordd Pant Y Celyn,W01000201,Denbighshire 008B,Anti-social behaviour,,
,2023-06,North Wales Police,North Wales Police,-3.412908,53.300434,On or near Y Stryd Fawr,W01000201,Denbighshire 008B,Anti-social behaviour,,
,2023-06,North Wales Police,North Wales Police,-3.419620,53.302826,On or near Maes-Y-Llys,W01000201,Denbighshire 008B,Anti-social behaviour,,
5e9d5ca0c5b9f08c89a83fcb55bf7855a276ab120dd5bf9afaa760167192562e,2023-06,North Wales Police,North Wales Police,-3.417678,53.300818,On or near Weavers Lane,W01000201,Denbighshire 008B,Criminal damage and arson,Investigation complete; no suspect identified,
35631e885fd652aff2ab455e13db69a75625d90ee3c9bd63d5d0640b630cab0f,2023-06,North Wales Police,North Wales Police,-3.415432,53.310032,On or near Allt Y Graig,W01000201,Denbighshire 008B,Criminal damage and arson,Investigation complete; no suspect identified,
e879fcd1bc858b4fa53a74b226aa8f795a6b1c3dc16f293a51f180a1b3dc6c15,2023-06,North Wales Police,North Wales Police,-3.426163,53.325330,On or near Ffordd Cae Felin,W01000201,Denbighshire 008B,Public order,Court result unavailable,
80ff9fb8cb6a7b100fdbcae0e4df4e0b7cc9dd076f59d147fae6c03689c06e0b,2023-06,North Wales Police,North Wales Police,-3.419620,53.302826,On or near Maes-Y-Llys,W01000201,Denbighshire 008B,Violence and sexual offences,Unable to prosecute suspect,
8f16c3601e195976fe26ed73a83d0dc47751cce6de510b9e1bfa110889e01833,2023-06,North Wales Police,North Wales Police,-3.426163,53.325330,On or near Ffordd Cae Felin,W01000201,Denbighshire 008B,Violence and sexual offences,Unable to prosecute suspect,
1f8737a0d264cb6062c67ba8d9cf56b5a6937280f695cc15cb7d520c5c409319,2023-06,North Wales Police,North Wales Police,-3.422068,53.304226,On or near Maes Cwyfan,W01000201,Denbighshire 008B,Violence and sexual offences,Unable to prosecute suspect,
e57d982f3de9fa42094b9737648302a72246ed9a47216f8569c1384d55f5b5a9,2023-06,North Wales Police,North Wales Police,-3.426163,53.325330,On or near Ffordd Cae Felin,W01000201,Denbighshire 008B,Violence and sexual offences,Unable to prosecute suspect,
709b280559f3568f8350fe9079fe5973b3af7c5af7e7fa92bd2e5b024456f075,2023-06,North Wales Police,North Wales Police,-3.424735,53.325266,On or near Cwrt Berllan,W01000201,Denbighshire 008B,Violence and sexual offences,Unable to prosecute suspect,
e76cb85c89bd3dbb9800d26fa6d1f7d5bd7904380e20698d84cd91f679eaeb96,2023-06,North Wales Police,North Wales Police,-3.415157,53.300821,On or near Bryn-Y-Felin,W01000201,Denbighshire 008B,Violence and sexual offences,Unable to prosecute suspect,
1fce4e97d0d088547740a4a15d4021b58cfe881a6060fa5d5a6173b2076323a0,2023-06,North Wales Police,North Wales Police,-3.419542,53.301380,On or near Hyfrydle,W01000201,Denbighshire 008B,Violence and sexual offences,Unable to prosecute suspect,
80aa202fd5ebfd9fab8979107b05cd558d3682669c99ab29e7f03ebe4df40e19,2023-06,North Wales Police,North Wales Police,-3.419542,53.301380,On or near Hyfrydle,W01000201,Denbighshire 008B,Violence and sexual offences,Unable to prosecute suspect,
1377b2d73945890b1238e70ddecd2012b3ce18223a7d0dab5466d83c93c7f90b,2023-06,North Wales Police,North Wales Police,-3.419620,53.302826,On or near Maes-Y-Llys,W01000201,Denbighshire 008B,Violence and sexual offences,Unable to prosecute suspect,
,2023-06,North Wales Police,North Wales Police,-3.414017,53.317195,On or near Ffordd Gwilym,W01000217,Denbighshire 008C,Anti-social behaviour,,
,2023-06,North Wales Police,North Wales Police,-3.415349,53.314330,On or near Rhodfa Graig,W01000217,Denbighshire 008C,Anti-social behaviour,,
f661a062e98944c054042c70ca2aeb8bd504c18f56e9e9ef456d0385357e3e3f,2023-06,North Wales Police,North Wales Police,-3.411635,53.315057,On or near Tan-Y-Maes,W01000217,Denbighshire 008C,Other theft,Investigation complete; no suspect identified,
a9f69cfc8aab7b64aec05f30f15221989811b68791bd149e1a1b9a8074e8f5c1,2023-06,North Wales Police,North Wales Police,-3.411429,53.318376,On or near Isfryn Road East,W01000217,Denbighshire 008C,Violence and sexual offences,Investigation complete; no suspect identified,
e5f54d1956f63b2d193e44d595a816e8d36371d755fec35702180845bbd30fc2,2023-06,North Wales Police,North Wales Police,-3.414702,53.314751,On or near Rhodfa Ganol,W01000217,Denbighshire 008C,Violence and sexual offences,Unable to prosecute suspect,
28a818ee7169b52ccf114e71ff7214815f87fd70a5d7eeb20c6663d435e8f902,2023-06,North Wales Police,North Wales Police,-3.411635,53.315057,On or near Tan-Y-Maes,W01000217,Denbighshire 008C,Violence and sexual offences,Unable to prosecute suspect,
68d2e7fdebb2c8b78c1c29900e4484f89b0d0cbb73c62f3ae4412acd5c8c879b,2023-06,North Wales Police,North Wales Police,-3.391823,53.262989,On or near Dyffryn Teg,W01000248,Denbighshire 008D,Violence and sexual offences,Further action is not in the public interest,
,2023-06,North Wales Police,North Wales Police,-3.391823,53.262989,On or near Dyffryn Teg,W01000248,Denbighshire 008D,Anti-social behaviour,,
,2023-06,North Wales Police,North Wales Police,-3.420680,53.263305,On or near Holywell Road,W01000248,Denbighshire 008D,Anti-social behaviour,,
,2023-06,North Wales Police,North Wales Police,-3.407490,53.285791,On or near Ffordd-Y-Cwm,W01000248,Denbighshire 008D,Anti-social behaviour,,
,2023-06,North Wales Police,North Wales Police,-3.391823,53.262989,On or near Dyffryn Teg,W01000248,Denbighshire 008D,Anti-social behaviour,,
e720adbc9e454f356d7af169dbfce9d3d7beac2954dde51061586713d3d73714,2023-06,North Wales Police,North Wales Police,-3.355760,53.219689,On or near Quarry Bank,W01000248,Denbighshire 008D,Bicycle theft,Investigation complete; no suspect identified,
7d1b2872e55a29de6223357d90a58ae3567dfccd2d761f3e557482053bc38d22,2023-06,North Wales Police,North Wales Police,-3.390749,53.264548,On or near Parking Area,W01000248,Denbighshire 008D,Criminal damage and arson,Investigation complete; no suspect identified,
aab77bf52f2c2d04f43218e93d78f579f9483582ec26d157c949118347798302,2023-06,North Wales Police,North Wales Police,-3.357402,53.219773,On or near Sports/Recreation Area,W01000248,Denbighshire 008D,Other theft,Unable to prosecute suspect,
39c597002d58e997d5eaca8bb15338c11f11b547bb89ec9f7b0cfac47c53cd6e,2023-06,North Wales Police,North Wales Police,-3.379626,53.246923,On or near Groesffordd,W01000248,Denbighshire 008D,Other theft,Investigation complete; no suspect identified,
23824e2033f2d55e075e9c94428f5b28e69c124260cc505493fff3997ea942d3,2023-06,North Wales Police,North Wales Police,-3.407490,53.285791,On or near Ffordd-Y-Cwm,W01000248,Denbighshire 008D,Violence and sexual offences,Unable to prosecute suspect,
d16e4b972116fead5c118f6147adc50773f62fd79011893cde8ea893ba3a28e8,2023-06,North Wales Police,North Wales Police,-3.357402,53.219773,On or near Sports/Recreation Area,W01000248,Denbighshire 008D,Violence and sexual offences,Unable to prosecute suspect,
6fc579552dc0d64bc62209189848ef9b90199101bf4e7eb3130f712d99cf5a7d,2023-06,North Wales Police,North Wales Police,-3.407490,53.285791,On or near Ffordd-Y-Cwm,W01000248,Denbighshire 008D,Violence and sexual offences,Court result unavailable,
ad5f7551340e5eac737dbbad27f3abce57781684b382191abd46dfc01ab73166,2023-06,North Wales Police,North Wales Police,-3.407490,53.285791,On or near Ffordd-Y-Cwm,W01000248,Denbighshire 008D,Violence and sexual offences,Unable to prosecute suspect,
274c5cbed61b50544d8ea566d0279a04d58c0bbd14d1eda6bd0f950e8a36bdc8,2023-06,North Wales Police,North Wales Police,-3.389981,53.299112,On or near Park/Open Space,W01000248,Denbighshire 008D,Violence and sexual offences,Action to be taken by another organisation,
424cc071ceb092570c2c522885274c7f25b6652a9a5b10637cfe6a8b5a9c2682,2023-06,North Wales Police,North Wales Police,-3.379626,53.246923,On or near Groesffordd,W01000248,Denbighshire 008D,Violence and sexual offences,Further investigation is not in the public interest,
bf5c4291a12a5f4a6668043f11b35be2d86245d3876ec3de8adfe6545360626a,2023-06,North Wales Police,North Wales Police,-3.499163,53.270003,On or near Rhodfa Flint,W01000191,Denbighshire 009A,Violence and sexual offences,Unable to prosecute suspect,
,2023-06,North Wales Police,North Wales Police,-3.519315,53.268423,On or near Petrol Station,W01000191,Denbighshire 009A,Anti-social behaviour,,
,2023-06,North Wales Police,North Wales Police,-3.499163,53.270003,On or near Rhodfa Flint,W01000191,Denbighshire 009A,Anti-social behaviour,,
,2023-06,North Wales Police,North Wales Police,-3.506348,53.269631,On or near Supermarket,W01000191,Denbighshire 009A,Anti-social behaviour,,
adf9289ad5f2fe11cf4a7d165d7da162d94da6839548a6a8834b7e19c9f52436,2023-06,North Wales Police,North Wales Police,-3.511914,53.269275,On or near St Barbara'S Avenue,W01000191,Denbighshire 009A,Burglary,Status update unavailable,
122369c299f9f6c0738952db646a044d85a914b00554dcbb9b8a6f786441d74f,2023-06,North Wales Police,North Wales Police,-3.480359,53.253085,On or near Glascoed Road,W01000191,Denbighshire 009A,Criminal damage and arson,Court result unavailable,
568b8e9d2e94454ea0c4e92804eaed16c034837efa45344e6c9a262caebc4764,2023-06,North Wales Police,North Wales Police,-3.519315,53.268423,On or near Petrol Station,W01000191,Denbighshire 009A,Criminal damage and arson,Investigation complete; no suspect identified,
3304f5a7fdc333332491943422b604838f5c719e0a8af1ca54b710ca96e51449,2023-06,North Wales Police,North Wales Police,-3.480359,53.253085,On or near Glascoed Road,W01000191,Denbighshire 009A,Drugs,Further investigation is not in the public interest,
f658d8da12c46aef96b8f917defea124e8bece7b3c94c0de4f15a51d9271f3f1,2023-06,North Wales Police,North Wales Police,-3.499163,53.270003,On or near Rhodfa Flint,W01000191,Denbighshire 009A,Drugs,Formal action is not in the public interest,
a4cc1b534d0a480a1a4427e6df92bae1c7c2423ed05175e590e2fbabf784b917,2023-06,North Wales Police,North Wales Police,-3.480359,53.253085,On or near Glascoed Road,W01000191,Denbighshire 009A,Drugs,Unable to prosecute suspect,
d55da5282c809e67a2b3caeaf9193dbff2ef1de0fb5fbab4276d06f7679d682c,2023-06,North Wales Police,North Wales Police,-3.495330,53.268442,On or near Marble Church Grove,W01000191,Denbighshire 009A,Other theft,Unable to prosecute suspect,
c48d5da168e4461be03b4a010671dd8a056a43ca7ec8cf28d6cbafeddda69f2a,2023-06,North Wales Police,North Wales Police,-3.506661,53.261044,On or near Hillcrest Court,W01000191,Denbighshire 009A,Other theft,Investigation complete; no suspect identified,
359e155df06b0bd9e27a878a8c888193e08c7803e423f98fba048e68f5d20458,2023-06,North Wales Police,North Wales Police,-3.519315,53.268423,On or near Petrol Station,W01000191,Denbighshire 009A,Other theft,Investigation complete; no suspect identified,
e2d0ffe841a87a8d60866becf5f3127212d4cab979c469c9a09d27e4df7ae00a,2023-06,North Wales Police,North Wales Police,-3.495101,53.270917,On or near Parking Area,W01000191,Denbighshire 009A,Public order,Investigation complete; no suspect identified,
6b381eeafc0a93b67e9174d83c8a1a3a69100f01477ce5afbffec6ba19c5c8b9,2023-06,North Wales Police,North Wales Police,-3.495101,53.270917,On or near Parking Area,W01000191,Denbighshire 009A,Public order,Court result unavailable,
b5349f43151d7678a4f9974778a21ef807bda7df7e566fdb7052b54d692d74fc,2023-06,North Wales Police,North Wales Police,-3.499445,53.267761,On or near Lowther Court,W01000191,Denbighshire 009A,Shoplifting,Investigation complete; no suspect identified,
696ed156cee27cabc333907b74e70a3a1d9ea3c00cecb00a28ec850a24cbe7e1,2023-06,North Wales Police,North Wales Police,-3.495101,53.270917,On or near Parking Area,W01000191,Denbighshire 009A,Vehicle crime,Investigation complete; no suspect identified,
bcdf86dbf17bb27234dad26158fe53f5d83dc3a68d9b896c4ee2124f678e7b7a,2023-06,North Wales Police,North Wales Police,-3.506348,53.269631,On or near Supermarket,W01000191,Denbighshire 009A,Violence and sexual offences,Action to be taken by another organisation,
96692f0ca657749d7f990a7ee5e74c9e539d41d899466cb7e4ac6e5e90c8e59b,2023-06,North Wales Police,North Wales Police,-3.501235,53.269644,On or near Ffordd Parc Castell,W01000191,Denbighshire 009A,Violence and sexual offences,Unable to prosecute suspect,
5912f51d9bcc21e26cf881583103684d62a4070a45bb3cf598cd24382388dde5,2023-06,North Wales Police,North Wales Police,-3.506348,53.269631,On or near Supermarket,W01000191,Denbighshire 009A,Violence and sexual offences,Unable to prosecute suspect,
57bd96ff3649d2fc5e933079c10636839c8950e90708521eada300d977c133d8,2023-06,North Wales Police,North Wales Police,-3.501235,53.269644,On or near Ffordd Parc Castell,W01000191,Denbighshire 009A,Violence and sexual offences,Unable to prosecute suspect,
229c4158d9bd2ae537591a4f699a3d8408c55968dad1b208962a9d430ff9669e,2023-06,North Wales Police,North Wales Police,-3.506348,53.269631,On or near Supermarket,W01000191,Denbighshire 009A,Violence and sexual offences,Action to be taken by another organisation,
18dccc2f4a7fc7a19fbefd20f3bdc898ffba54ccb5cd19ba2c35736f5bd8179c,2023-06,North Wales Police,North Wales Police,-3.495101,53.270917,On or near Parking Area,W01000191,Denbighshire 009A,Violence and sexual offences,Further investigation is not in the public interest,
7205f57ac8538a5b05676920879f3482bf765af57710a53475ed4c998ab02b2a,2023-06,North Wales Police,North Wales Police,-3.480359,53.253085,On or near Glascoed Road,W01000191,Denbighshire 009A,Violence and sexual offences,Court result unavailable,
d638af3f0edd6e2b20c94d4c0beba48a33cc9f59e963d9f9bee056d35f5b8a25,2023-06,North Wales Police,North Wales Police,-3.495101,53.270917,On or near Parking Area,W01000191,Denbighshire 009A,Violence and sexual offences,Further investigation is not in the public interest,
5a080bee15c8f0cadb1a6d519b3a55962b7ac9bf1ad1cdbf279940de847f5676,2023-06,North Wales Police,North Wales Police,-3.480359,53.253085,On or near Glascoed Road,W01000191,Denbighshire 009A,Violence and sexual offences,Investigation complete; no suspect identified,
a7a0ac75090a3d2917cba1bb597c04dd6e946056f9c216855edab9e4bcdbdf18,2023-06,North Wales Police,North Wales Police,-3.506348,53.269631,On or near Supermarket,W01000191,Denbighshire 009A,Violence and sexual offences,Action to be taken by another organisation,
059152a926545600047ad171a4bd8363c6dea244220965886a08b4a03d7ac915,2023-06,North Wales Police,North Wales Police,-3.495101,53.270917,On or near Parking Area,W01000191,Denbighshire 009A,Violence and sexual offences,Investigation complete; no suspect identified,
a049f1a461d57f18357931d9300006cc9dd7b66cd1e19a71e9c8428745418149,2023-06,North Wales Police,North Wales Police,-3.499163,53.270003,On or near Rhodfa Flint,W01000191,Denbighshire 009A,Violence and sexual offences,Unable to prosecute suspect,
48a6cf4636d76b6f828a130ad44a305a5ef7abd475e3873ace733b810ad02752,2023-06,North Wales Police,North Wales Police,-3.506979,53.270093,On or near Morfa View,W01000191,Denbighshire 009A,Violence and sexual offences,Unable to prosecute suspect,
f5e2e02baf69d68f3692beaf9dfe18ea3b3dd525ccff06d57b468f36bc8b5f36,2023-06,North Wales Police,North Wales Police,-3.525118,53.272451,On or near Ffordd Terfyn,W01000191,Denbighshire 009A,Violence and sexual offences,Unable to prosecute suspect,
6557ded6a4091ab6d6727f240b48029a2d9100683a97a1a9139b8b249039b2f0,2023-06,North Wales Police,North Wales Police,-3.499163,53.270003,On or near Rhodfa Flint,W01000191,Denbighshire 009A,Violence and sexual offences,Investigation complete; no suspect identified,
e5b6f76cab9c35cf3618e131de3fb55765a27ce6b230a61c9e5e306db7de59c4,2023-06,North Wales Police,North Wales Police,-3.506979,53.270093,On or near Morfa View,W01000191,Denbighshire 009A,Violence and sexual offences,Unable to prosecute suspect,
1b07ef978eea86b5584b3ca97e7f95414eb23eb2b55feb5847f406c0bc58d17f,2023-06,North Wales Police,North Wales Police,-3.506348,53.269631,On or near Supermarket,W01000191,Denbighshire 009A,Other crime,Investigation complete; no suspect identified,
85ffa57042ff31e84efd5f0df9ce5ad43fcdf19998f464a8c9f239a6fa59b8d0,2023-06,North Wales Police,North Wales Police,-3.506348,53.269631,On or near Supermarket,W01000191,Denbighshire 009A,Other crime,Action to be taken by another organisation,
,2023-06,North Wales Police,North Wales Police,-3.468383,53.304067,On or near Shopping Area,W01000223,Denbighshire 009B,Anti-social behaviour,,
c1e0e31d8039fd593ad2b9354383694991df98e70d9706ac5c15f7b1dad762ed,2023-06,North Wales Police,North Wales Police,-3.468383,53.304067,On or near Shopping Area,W01000223,Denbighshire 009B,Shoplifting,Unable to prosecute suspect,
34ba30cb76a4b94088971502de24b0292ec451efa69e228ff5183118e589f93c,2023-06,North Wales Police,North Wales Police,-3.456328,53.320489,On or near Llys Colomen,W01000223,Denbighshire 009B,Violence and sexual offences,Action to be taken by another organisation,
d70d77724e04d83a8e9fd858e3479a8b981716020afaac0daf5eb7dc32af0b2c,2023-06,North Wales Police,North Wales Police,-3.463882,53.295980,On or near Highland'S Road,W01000223,Denbighshire 009B,Violence and sexual offences,Unable to prosecute suspect,
,2023-06,North Wales Police,North Wales Police,-3.462398,53.293392,On or near Rhyl Road,W01000224,Denbighshire 009C,Anti-social behaviour,,
,2023-06,North Wales Police,North Wales Police,-3.458688,53.292394,On or near Ffordd Morris,W01000224,Denbighshire 009C,Anti-social behaviour,,
e1cf6744c9b2b4c27e4f4e2bce4c0c685247748953d5bcc1882c45e4d5044c95,2023-06,North Wales Police,North Wales Police,-3.456989,53.289646,On or near Bryn Crescent,W01000224,Denbighshire 009C,Criminal damage and arson,Investigation complete; no suspect identified,
90c8fcb5576b3cfcd063acbbcbaa508604907f7437b3ce588c4b374678e84067,2023-06,North Wales Police,North Wales Police,-3.458688,53.292394,On or near Ffordd Morris,W01000224,Denbighshire 009C,Public order,Investigation complete; no suspect identified,
e65c4b0b6418d7ffbff2198a96d6ccb7ba4bf4c170f5669f6c9d584b68e98157,2023-06,North Wales Police,North Wales Police,-3.464154,53.293406,On or near Berllan Avenue,W01000224,Denbighshire 009C,Violence and sexual offences,Unable to prosecute suspect,
8693510b9fc074dae51fcd3efbde8bb01831af7eba3e209e9686022fe6ce3c6f,2023-06,North Wales Police,North Wales Police,-3.456989,53.289646,On or near Bryn Crescent,W01000224,Denbighshire 009C,Violence and sexual offences,Investigation complete; no suspect identified,
e7993133c3c7dd48d6def33f052c3ca51bf8fc14589b324832702e5350ce9ecd,2023-06,North Wales Police,North Wales Police,-3.464154,53.293406,On or near Berllan Avenue,W01000224,Denbighshire 009C,Violence and sexual offences,Unable to prosecute suspect,
8b6d2e3beee303e7016b4c04bd2933c3192db970fb7adc0e6d746a3adb6fc6eb,2023-06,North Wales Police,North Wales Police,-3.464971,53.290528,On or near Parliament Street,W01000225,Denbighshire 009D,Burglary,Unable to prosecute suspect,
,2023-06,North Wales Police,North Wales Police,-3.465512,53.290998,On or near Parking Area,W01000225,Denbighshire 009D,Anti-social behaviour,,
,2023-06,North Wales Police,North Wales Police,-3.468256,53.290955,On or near Church Street,W01000225,Denbighshire 009D,Anti-social behaviour,,
,2023-06,North Wales Police,North Wales Police,-3.465512,53.290998,On or near Parking Area,W01000225,Denbighshire 009D,Anti-social behaviour,,
,2023-06,North Wales Police,North Wales Police,-3.463094,53.292682,On or near Treetops Court,W01000225,Denbighshire 009D,Anti-social behaviour,,
,2023-06,North Wales Police,North Wales Police,-3.468256,53.290955,On or near Church Street,W01000225,Denbighshire 009D,Anti-social behaviour,,
1f2c3a73a52a2e5939c799317427ba4872e5a94583fb1a1b4d4749ff3b5f1eed,2023-06,North Wales Police,North Wales Police,-3.466701,53.291568,On or near Parc Edith,W01000225,Denbighshire 009D,Criminal damage and arson,Unable to prosecute suspect,
f2eb4c0d3aa6eff5893cd1055e2eafcb1dd35e18edfebe371f2ce46e04f391a9,2023-06,North Wales Police,North Wales Police,-3.468256,53.290955,On or near Church Street,W01000225,Denbighshire 009D,Drugs,Court result unavailable,
e244e548ad62be28511ee36e6d019345e9bcc3d320b5a1e44bb2212c3c0325ed,2023-06,North Wales Police,North Wales Police,-3.466701,53.291568,On or near Parc Edith,W01000225,Denbighshire 009D,Other theft,Investigation complete; no suspect identified,
2d74e67fb0e6209f7a764186c692492d288de27fe6fa9a051d39a98e3d2abf04,2023-06,North Wales Police,North Wales Police,-3.466701,53.291568,On or near Parc Edith,W01000225,Denbighshire 009D,Public order,Unable to prosecute suspect,
21952ceae639c32a1bfc8ee207d1bfae893e7093be6865e984c13235cabb7f78,2023-06,North Wales Police,North Wales Police,-3.473204,53.286966,On or near St Asaph Road,W01000225,Denbighshire 009D,Shoplifting,Court result unavailable,
ed82be77501064337b5ac1001d68125c6d2c60cccbafb6d7f90f15e670208610,2023-06,North Wales Police,North Wales Police,-3.466402,53.291158,On or near High Street,W01000225,Denbighshire 009D,Violence and sexual offences,Unable to prosecute suspect,
409c54fb5953108a3b1743fc6b7e01817fc96d868706adde44232256a881e60b,2023-06,North Wales Police,North Wales Police,-3.466402,53.291158,On or near High Street,W01000225,Denbighshire 009D,Violence and sexual offences,Status update unavailable,
7be0538be7997e0a8584ba9f42ad68a324997e99286a579b420c441c86afdeb0,2023-06,North Wales Police,North Wales Police,-3.462234,53.289474,On or near Lon Hylas,W01000225,Denbighshire 009D,Violence and sexual offences,Unable to prosecute suspect,
04d12fc6df80efd63c03439247831d794c3e3dadd6250e0d0ae88e039e748d4a,2023-06,North Wales Police,North Wales Police,-3.464869,53.294143,On or near Eton Park,W01000225,Denbighshire 009D,Violence and sexual offences,Unable to prosecute suspect,
509912e0db82d269e302009e21b95a8f61a40415507e5492c382506540681035,2023-06,North Wales Police,North Wales Police,-3.467402,53.294049,On or near Maes Ffyddion,W01000225,Denbighshire 009D,Violence and sexual offences,Unable to prosecute suspect,
,2023-06,North Wales Police,North Wales Police,-3.439255,53.252106,On or near Llys Dyffryn,W01000245,Denbighshire 010A,Anti-social behaviour,,
,2023-06,North Wales Police,North Wales Police,-3.444602,53.257767,On or near Gemig Street,W01000245,Denbighshire 010A,Anti-social behaviour,,
,2023-06,North Wales Police,North Wales Police,-3.444602,53.257767,On or near Gemig Street,W01000245,Denbighshire 010A,Anti-social behaviour,,
0b5ba07dbc35b1d24acee4a2bc2b909766b4688cad53fb443d75aec57ab9ec4b,2023-06,North Wales Police,North Wales Police,-3.444944,53.256792,On or near High Street,W01000245,Denbighshire 010A,Other theft,Further action is not in the public interest,
84964ffc00c72700151a07787544a650eaf65f1eda2d1344ddf4289e2bf017e4,2023-06,North Wales Police,North Wales Police,-3.444324,53.257977,On or near Hillside,W01000245,Denbighshire 010A,Other theft,Investigation complete; no suspect identified,
019efc11fecb279a730d359d9f13556d485004bfc691b3d9de9fe2cd5af2be5a,2023-06,North Wales Police,North Wales Police,-3.444944,53.256792,On or near High Street,W01000245,Denbighshire 010A,Public order,Unable to prosecute suspect,
b924b0eee5515093e65807a3718a4286ff0691ab7409e0d86cd00ff88d7e6ff1,2023-06,North Wales Police,North Wales Police,-3.441175,53.256613,On or near Parking Area,W01000245,Denbighshire 010A,Public order,Status update unavailable,
33f3bf493f85de000eb821cc2a23f503a8e573a3789e1a15c6b89cbb15b5a0f6,2023-06,North Wales Police,North Wales Police,-3.441175,53.256613,On or near Parking Area,W01000245,Denbighshire 010A,Vehicle crime,Status update unavailable,
7c9f62e15f04b55cdb3f7284722ad703f1418ea0a3b9a0adbd27809a0f241ec2,2023-06,North Wales Police,North Wales Police,-3.444944,53.256792,On or near High Street,W01000245,Denbighshire 010A,Violence and sexual offences,Offender given a caution,
73ee8f2b2ef55be63b205f308f061180e671f7d6569a5ce6451d95286e319c03,2023-06,North Wales Police,North Wales Police,-3.444944,53.256792,On or near High Street,W01000245,Denbighshire 010A,Violence and sexual offences,Unable to prosecute suspect,
f787a6cda27f84568e562bb63a0f66bfd47da6484e34a29c41cef6d10a3ecc75,2023-06,North Wales Police,North Wales Police,-3.442685,53.255615,On or near Kentigern Court,W01000245,Denbighshire 010A,Violence and sexual offences,Local resolution,
,2023-06,North Wales Police,North Wales Police,-3.451602,53.253322,On or near Maes-Y-Fedwen Arian,W01000246,Denbighshire 010B,Anti-social behaviour,,
,2023-06,North Wales Police,North Wales Police,-3.451718,53.256296,On or near Ashly Court,W01000246,Denbighshire 010B,Anti-social behaviour,,
c5d9e0611383afdd417be62b7b472ccdd0c9a1037079a18755b070b078de2a27,2023-06,North Wales Police,North Wales Police,-3.452286,53.258016,On or near Lony Parc,W01000246,Denbighshire 010B,Criminal damage and arson,Unable to prosecute suspect,
a24a1b18d4bbc50b75a50dcb087a2de88d01b93e23bd69914e425647a8fe1b7c,2023-06,North Wales Police,North Wales Police,-3.450360,53.253823,On or near Ffordd Newydd,W01000246,Denbighshire 010B,Criminal damage and arson,Unable to prosecute suspect,
3a0f895c7a69506ca46498a050f94e61de279efd5cb66fdf6fd087eaefed4252,2023-06,North Wales Police,North Wales Police,-3.452851,53.259663,On or near Erw Lan,W01000246,Denbighshire 010B,Shoplifting,Investigation complete; no suspect identified,
2c09cfa751b0dd35548943e1f82bc7812cc0d1032cfc40635f1b892ff08acefe,2023-06,North Wales Police,North Wales Police,-3.448103,53.255792,On or near Supermarket,W01000246,Denbighshire 010B,Violence and sexual offences,Investigation complete; no suspect identified,
d0f9c52ea64446217f12e72ce75667d6e7f99c1050c162228060349c3a76b15a,2023-06,North Wales Police,North Wales Police,-3.451718,53.256296,On or near Ashly Court,W01000246,Denbighshire 010B,Violence and sexual offences,Unable to prosecute suspect,
14469fc2443790c43cf87b2b3ed74849e581033ad6a54182418ba758445b86a5,2023-06,North Wales Police,North Wales Police,-3.451718,53.256296,On or near Ashly Court,W01000246,Denbighshire 010B,Violence and sexual offences,Unable to prosecute suspect,
0eae2bbf83d72716908644bfa63215d45ea14c5aff2d0011f6f16561d76071d0,2023-06,North Wales Police,North Wales Police,-3.450360,53.253823,On or near Ffordd Newydd,W01000246,Denbighshire 010B,Violence and sexual offences,Local resolution,
cd0348dc112b8110daa26e4f9db4811ac219056714257ca62c7cb81de5303980,2023-06,North Wales Police,North Wales Police,-3.451490,53.255310,On or near Heol Afon,W01000246,Denbighshire 010B,Violence and sexual offences,Unable to prosecute suspect,
dbf251edfdd0f4e7097665f57d7ac89ce96f10b1cb95c37f9194cc8947450cad,2023-06,North Wales Police,North Wales Police,-3.451718,53.256296,On or near Ashly Court,W01000246,Denbighshire 010B,Violence and sexual offences,Unable to prosecute suspect,
636968461ae326e5831de33af619e276c52831a6f2c0a9369a69e0095d564c2a,2023-06,North Wales Police,North Wales Police,-3.452286,53.258016,On or near Lony Parc,W01000246,Denbighshire 010B,Violence and sexual offences,Unable to prosecute suspect,
a3025fe4910dc993dfeada6de5aa1420b9f1950a6686469c929d8160746e8044,2023-06,North Wales Police,North Wales Police,-3.452851,53.259663,On or near Erw Lan,W01000246,Denbighshire 010B,Violence and sexual offences,Action to be taken by another organisation,
2be91c048f35b1b0587eb8f3f6f6bbc4d2ec1c8d4b62096202e3652142367356,2023-06,North Wales Police,North Wales Police,-3.450800,53.261504,On or near A55,W01000246,Denbighshire 010B,Violence and sexual offences,Unable to prosecute suspect,
3b4f595616ac145dcb9b43bc08144384f9370a6e38f359a4f62498ba2440039e,2023-06,North Wales Police,North Wales Police,-3.449325,53.260642,On or near Shopping Area,W01000246,Denbighshire 010B,Violence and sexual offences,Investigation complete; no suspect identified,
4a2f55ff45e47b0ebbf0625dcaca689132a287ef8a613e010a48d2ef56f91bf5,2023-06,North Wales Police,North Wales Police,-3.421290,53.227906,On or near Ffordd Cae Canol,W01000247,Denbighshire 010C,Other theft,Investigation complete; no suspect identified,
54291ca334ac92db415dd70ece1d6cff62ca90b409de822e1fb3d5a3446052f0,2023-06,North Wales Police,North Wales Police,-3.464665,53.217546,On or near Lôn Jack-Ffwrn,W01000247,Denbighshire 010C,Violence and sexual offences,Unable to prosecute suspect,
3341d0ea67b10555837dc3ccc6c70cb5233b97506043a122254d181b7a70f6c1,2023-06,North Wales Police,North Wales Police,-3.422523,53.225787,On or near Nant Erw,W01000247,Denbighshire 010C,Violence and sexual offences,Action to be taken by another organisation,
1a94fddf8f231bf26237b1742ba7d3f9bd0979ca00e2ad28b30a715a1e750346,2023-06,North Wales Police,North Wales Police,-3.421290,53.227906,On or near Ffordd Cae Canol,W01000247,Denbighshire 010C,Other crime,Unable to prosecute suspect,
,2023-06,North Wales Police,North Wales Police,-3.412628,53.186405,On or near A543,W01000194,Denbighshire 011A,Anti-social behaviour,,
,2023-06,North Wales Police,North Wales Police,-3.419877,53.183397,On or near High Street,W01000194,Denbighshire 011A,Anti-social behaviour,,
,2023-06,North Wales Police,North Wales Police,-3.419877,53.183397,On or near High Street,W01000194,Denbighshire 011A,Anti-social behaviour,,
1bbfefb072c5c707154ff394a7c22011c5cf7b51828769f22f790004074ca8d9,2023-06,North Wales Police,North Wales Police,-3.421724,53.180399,On or near Castle Lane,W01000194,Denbighshire 011A,Criminal damage and arson,Investigation complete; no suspect identified,
598c2917182d1fda2687700a937ef69cb4640b6c57708aa36bf7f564f17ee49b,2023-06,North Wales Police,North Wales Police,-3.414311,53.186151,On or near Supermarket,W01000194,Denbighshire 011A,Criminal damage and arson,Investigation complete; no suspect identified,
e2bf18b78c16da339dab663c53e2647e838972955c4e032e138701d317056490,2023-06,North Wales Police,North Wales Police,-3.421056,53.181477,On or near Ffordd Newydd,W01000194,Denbighshire 011A,Criminal damage and arson,Investigation complete; no suspect identified,
0c7f7d20431d280fa6d90352c9bd14dcd4f0cb230aa78f33b47ae5cec3505262,2023-06,North Wales Police,North Wales Police,-3.420414,53.185143,On or near Water Street,W01000194,Denbighshire 011A,Criminal damage and arson,Court result unavailable,
fd4cc76a8dc01f115de066fcdf397e3eac42477ee0dc675a0c667f1596634e46,2023-06,North Wales Police,North Wales Police,-3.417964,53.183914,On or near Parking Area,W01000194,Denbighshire 011A,Criminal damage and arson,Investigation complete; no suspect identified,
a1b8904233fe964e1682ab6ed98b0a225445e8654d11faf336bf982ede01cae6,2023-06,North Wales Police,North Wales Police,-3.418763,53.184543,On or near Lon Swan,W01000194,Denbighshire 011A,Criminal damage and arson,Unable to prosecute suspect,
264df4d5030ee41fa33589ba3d117b7a44f0f3e96ab241659d46eceb80d6a443,2023-06,North Wales Police,North Wales Police,-3.418578,53.186190,On or near Crest View,W01000194,Denbighshire 011A,Criminal damage and arson,Unable to prosecute suspect,
9b5a19c5ea41d6b254d173d125553570672aea43431f7d270e2555237588d2ea,2023-06,North Wales Police,North Wales Police,-3.417964,53.183914,On or near Parking Area,W01000194,Denbighshire 011A,Drugs,Further action is not in the public interest,
2864a7fa20c8d485a3e73d7a5160eaef3fd0a3c20e462d6e4347321d4ac96ce3,2023-06,North Wales Police,North Wales Police,-3.422374,53.179250,On or near Ael-Y-Bryn,W01000194,Denbighshire 011A,Other theft,Further action is not in the public interest,
af659c5778cd508921c362d2e728f1541e4c70ec65369f3cab10a6ad9012dc92,2023-06,North Wales Police,North Wales Police,-3.415153,53.185341,On or near Stryd-Y-Dyffryn,W01000194,Denbighshire 011A,Public order,Unable to prosecute suspect,
6e9a90d7274d821ac8d59386e76a4ea9096267bea039d499d50c5e3383e0ade8,2023-06,North Wales Police,North Wales Police,-3.420414,53.185143,On or near Water Street,W01000194,Denbighshire 011A,Public order,Unable to prosecute suspect,
6dcaf2affe9376a787d4fa46d2c0adae26c05a6ecff73badb0e6817220219462,2023-06,North Wales Police,North Wales Police,-3.412318,53.187525,On or near Supermarket,W01000194,Denbighshire 011A,Shoplifting,Investigation complete; no suspect identified,
2e927f5be410cb3d46e639a6c1f6ff2532c16642a611a67d4e07a4a9d0b49f76,2023-06,North Wales Police,North Wales Police,-3.419877,53.183397,On or near High Street,W01000194,Denbighshire 011A,Violence and sexual offences,Unable to prosecute suspect,
ac1be2a51c6ef2f59e195296985b006887c624f8dbeb3e80e356e0f9abe3aa6f,2023-06,North Wales Police,North Wales Police,-3.419875,53.184691,On or near Chapel Place,W01000194,Denbighshire 011A,Violence and sexual offences,Unable to prosecute suspect,
06e7b29471f7d6ff21c71edc4e0cd56905ba60f792c405351f9af6efed1921a5,2023-06,North Wales Police,North Wales Police,-3.415153,53.185341,On or near Stryd-Y-Dyffryn,W01000194,Denbighshire 011A,Violence and sexual offences,Investigation complete; no suspect identified,
951580b6d3eb34099a29343344ed2871f9ab1857d3d3c3d6591d5c8d7cf85903,2023-06,North Wales Police,North Wales Police,-3.414594,53.183379,On or near Further/Higher Educational Building,W01000194,Denbighshire 011A,Violence and sexual offences,Unable to prosecute suspect,
c499aba4fdf0a38cd44b0d1ac3d07a913f7551744ced7c1da4a8330bf69a2d5c,2023-06,North Wales Police,North Wales Police,-3.418720,53.186881,On or near Thomas Jones,W01000194,Denbighshire 011A,Violence and sexual offences,Unable to prosecute suspect,
a74da522faa656a2a07ce98833f92ee9edea5c71627acf9093460e45776306a0,2023-06,North Wales Police,North Wales Police,-3.421916,53.183049,On or near Parking Area,W01000194,Denbighshire 011A,Violence and sexual offences,Unable to prosecute suspect,
67d9e742284141ce111b9dafc4b96a702792024b421f0fede6cc60dabb196864,2023-06,North Wales Police,North Wales Police,-3.414594,53.183379,On or near Further/Higher Educational Building,W01000194,Denbighshire 011A,Other crime,Formal action is not in the public interest,
2f5033bb6c401f98d050dcd3b960bb433d8cf89a59c09aacfacf35ec6f677b45,2023-06,North Wales Police,North Wales Police,-3.414594,53.183379,On or near Further/Higher Educational Building,W01000194,Denbighshire 011A,Other crime,Unable to prosecute suspect,
,2023-06,North Wales Police,North Wales Police,-3.427022,53.186736,On or near Bryn Seion,W01000198,Denbighshire 011B,Anti-social behaviour,,
,2023-06,North Wales Police,North Wales Police,-3.428118,53.184593,On or near Lloyd Avenue,W01000198,Denbighshire 011B,Anti-social behaviour,,
,2023-06,North Wales Police,North Wales Police,-3.428118,53.184593,On or near Lloyd Avenue,W01000198,Denbighshire 011B,Anti-social behaviour,,
,2023-06,North Wales Police,North Wales Police,-3.425742,53.183354,On or near Maes Mathonwy,W01000198,Denbighshire 011B,Anti-social behaviour,,
,2023-06,North Wales Police,North Wales Police,-3.426163,53.186117,On or near Crud Y Gwynt,W01000198,Denbighshire 011B,Anti-social behaviour,,
,2023-06,North Wales Police,North Wales Police,-3.429502,53.183452,On or near Maes Y Dre,W01000198,Denbighshire 011B,Anti-social behaviour,,
,2023-06,North Wales Police,North Wales Police,-3.429502,53.183452,On or near Maes Y Dre,W01000198,Denbighshire 011B,Anti-social behaviour,,
,2023-06,North Wales Police,North Wales Police,-3.429502,53.183452,On or near Maes Y Dre,W01000198,Denbighshire 011B,Anti-social behaviour,,
e76a552f1f2a55ecefd30b2ecc4068cc5dffe6008b9f9e43fe9271c7ca97b74e,2023-06,North Wales Police,North Wales Police,-3.427022,53.186736,On or near Bryn Seion,W01000198,Denbighshire 011B,Burglary,Unable to prosecute suspect,
f6dcc1b2435ea3c48b436c990d09046aaa437102680ffabfc0607cb688dde1d8,2023-06,North Wales Police,North Wales Police,-3.427068,53.183158,On or near Maes Y Goron,W01000198,Denbighshire 011B,Criminal damage and arson,Investigation complete; no suspect identified,
f2d8119f8f33a205cec155109d22421a6374d7b6dbeda379841eac8c4a253639,2023-06,North Wales Police,North Wales Police,-3.425742,53.183354,On or near Maes Mathonwy,W01000198,Denbighshire 011B,Criminal damage and arson,Investigation complete; no suspect identified,
47d9edf53af7df8fe425705b7e43c4af0a6e437f8b3f12278f7a9ab0ab4a522f,2023-06,North Wales Police,North Wales Police,-3.427022,53.186736,On or near Bryn Seion,W01000198,Denbighshire 011B,Other theft,Unable to prosecute suspect,
bca8e6c2d72bbbd35befe7292894d45712dec956befde08ea673efeb275d3868,2023-06,North Wales Police,North Wales Police,-3.427022,53.186736,On or near Bryn Seion,W01000198,Denbighshire 011B,Other theft,Unable to prosecute suspect,
2703087b24828752fca65c59d4d0b1cf6cbeb43327c235b07110384e1e6c6e80,2023-06,North Wales Police,North Wales Police,-3.425742,53.183354,On or near Maes Mathonwy,W01000198,Denbighshire 011B,Possession of weapons,Unable to prosecute suspect,
54e61c24af8fde14598b101615c62206335eae401e5981c11c85f38bbbff09bd,2023-06,North Wales Police,North Wales Police,-3.425742,53.183354,On or near Maes Mathonwy,W01000198,Denbighshire 011B,Public order,Unable to prosecute suspect,
26900b400ff030686d86a5dc22d629ec13799bc3bb8e26ce1e4155fc00d846c1,2023-06,North Wales Police,North Wales Police,-3.425742,53.183354,On or near Maes Mathonwy,W01000198,Denbighshire 011B,Public order,Investigation complete; no suspect identified,
762b44221b604046084efc6bb785266e9706fe7bb99adf7bb3c8414893dbd416,2023-06,North Wales Police,North Wales Police,-3.425742,53.183354,On or near Maes Mathonwy,W01000198,Denbighshire 011B,Violence and sexual offences,Unable to prosecute suspect,
99064d22b27c63de6b652c0be4379f6fdfe376e3bb6eaf33347ac25e09730d69,2023-06,North Wales Police,North Wales Police,-3.427492,53.185131,On or near B5382,W01000198,Denbighshire 011B,Violence and sexual offences,Action to be taken by another organisation,
0c23fb97f7d04ccc345a39b37a390bb06d970bb62264d81a0b6f5b03aaee513e,2023-06,North Wales Police,North Wales Police,-3.425742,53.183354,On or near Maes Mathonwy,W01000198,Denbighshire 011B,Violence and sexual offences,Unable to prosecute suspect,
5a84faf1ed749c4d4e6361833fef3fc45dac3ac4f0b272c8619f5f9840341a87,2023-06,North Wales Police,North Wales Police,-3.427297,53.185996,On or near Bron-Y-Crest,W01000198,Denbighshire 011B,Violence and sexual offences,Unable to prosecute suspect,
ced3d528aeb45b025bc03c1cf7d55654dcd1f46dffefdf6baf80ad2a097b786a,2023-06,North Wales Police,North Wales Police,-3.425626,53.186609,On or near Pen Y Graig,W01000198,Denbighshire 011B,Violence and sexual offences,Further investigation is not in the public interest,
afb84e01525dedd4e02242444ecfe2ca5e57e060383894ea9ef317004ff32f41,2023-06,North Wales Police,North Wales Police,-3.425742,53.183354,On or near Maes Mathonwy,W01000198,Denbighshire 011B,Violence and sexual offences,Further investigation is not in the public interest,
9239372bf03eac51a1f391791df91caf50588fa9003ebc93819f8beae406f6ac,2023-06,North Wales Police,North Wales Police,-3.427366,53.185824,On or near Blaen-Y-Coed,W01000198,Denbighshire 011B,Violence and sexual offences,Unable to prosecute suspect,
16985f26d8c1a2e7ceff1fc9e28e1172c85753ee07fbe9e5f95206c301568280,2023-06,North Wales Police,North Wales Police,-3.425742,53.183354,On or near Maes Mathonwy,W01000198,Denbighshire 011B,Violence and sexual offences,Unable to prosecute suspect,
,2023-06,North Wales Police,North Wales Police,-3.460410,53.203412,On or near Cil-Y-Coed,W01000199,Denbighshire 011C,Anti-social behaviour,,
,2023-06,North Wales Police,North Wales Police,-3.423788,53.182622,On or near Petrol Station,W01000199,Denbighshire 011C,Anti-social behaviour,,
,2023-06,North Wales Police,North Wales Police,-3.431382,53.184176,On or near Ffordd Ysgubor,W01000199,Denbighshire 011C,Anti-social behaviour,,
,2023-06,North Wales Police,North Wales Police,-3.431382,53.184176,On or near Ffordd Ysgubor,W01000199,Denbighshire 011C,Anti-social behaviour,,
,2023-06,North Wales Police,North Wales Police,-3.423788,53.182622,On or near Petrol Station,W01000199,Denbighshire 011C,Anti-social behaviour,,
,2023-06,North Wales Police,North Wales Police,-3.423788,53.182622,On or near Petrol Station,W01000199,Denbighshire 011C,Anti-social behaviour,,
e55ec867a335f3f95182ad9c2303e55205d8db2394a5a851b012523a6184387d,2023-06,North Wales Police,North Wales Police,-3.426675,53.181248,On or near Lon Llewelyn,W01000199,Denbighshire 011C,Criminal damage and arson,Investigation complete; no suspect identified,
4ac23e5ef3793074a07adca1b414506a9c7a4baced691de18aaed16490f3dfb7,2023-06,North Wales Police,North Wales Police,-3.426992,53.180435,On or near Bryn Stanley,W01000199,Denbighshire 011C,Criminal damage and arson,Unable to prosecute suspect,
769523ef47b7710fd8a57127df202f6d3f7f035e98e77de5a84becff0a298ac0,2023-06,North Wales Police,North Wales Police,-3.426992,53.180435,On or near Bryn Stanley,W01000199,Denbighshire 011C,Drugs,Further action is not in the public interest,
d7d5c4c6f9559a86845218d70d812f73580b7a2e968b153c789888b2d4615339,2023-06,North Wales Police,North Wales Police,-3.423788,53.182622,On or near Petrol Station,W01000199,Denbighshire 011C,Drugs,Local resolution,
3f5c8e98bb0acd9596054efdb2c7c94f11ae102357c88fe9efdc13ca745a7b90,2023-06,North Wales Police,North Wales Police,-3.426675,53.181248,On or near Lon Llewelyn,W01000199,Denbighshire 011C,Other theft,Investigation complete; no suspect identified,
6f498649374fcbeb8f559014409352f1f3e7edb3e58ab31e54857ecee75022f0,2023-06,North Wales Police,North Wales Police,-3.423788,53.182622,On or near Petrol Station,W01000199,Denbighshire 011C,Other theft,Investigation complete; no suspect identified,
1b47ecd742fe6ca0c3a0adb3e48d65a6da3036cf2ab841f92c53d1eba03304c1,2023-06,North Wales Police,North Wales Police,-3.428118,53.184593,On or near Lloyd Avenue,W01000199,Denbighshire 011C,Violence and sexual offences,Unable to prosecute suspect,
1a08db48c11b83cb0c30b4923aac20ada257af954dcc3ed49f630a8ef94a78aa,2023-06,North Wales Police,North Wales Police,-3.428118,53.184593,On or near Lloyd Avenue,W01000199,Denbighshire 011C,Violence and sexual offences,Formal action is not in the public interest,
d0e7fef0075b1f698cdba7bf735423c450962b7426b68fd2ace9bad365e7a87b,2023-06,North Wales Police,North Wales Police,-3.427531,53.181345,On or near Lon Llewelyn,W01000199,Denbighshire 011C,Violence and sexual offences,Action to be taken by another organisation,
d89127b4061104b735409b878f211b7e971545feee3c339f2a921c700c3faf2b,2023-06,North Wales Police,North Wales Police,-3.428118,53.184593,On or near Lloyd Avenue,W01000199,Denbighshire 011C,Violence and sexual offences,Unable to prosecute suspect,
cbf26a92e2b22cc301a5e9dabab13dc01e39af4ccca1a27c7892558542788c93,2023-06,North Wales Police,North Wales Police,-3.391721,53.180879,On or near Ruthin Road,W01000195,Denbighshire 012A,Bicycle theft,Investigation complete; no suspect identified,
f4f9e5e912f789e38b15a66dcb5e74d2d52f52b38c2fae73215adb3ab374a4cd,2023-06,North Wales Police,North Wales Police,-3.396220,53.182094,On or near Lon Howell,W01000195,Denbighshire 012A,Violence and sexual offences,Unable to prosecute suspect,
74492d7b43836d02e591f26051d47e68ee8923f80b550408cfba0312af37e5bf,2023-06,North Wales Police,North Wales Police,-3.395898,53.181397,On or near Lon Nant,W01000195,Denbighshire 012A,Violence and sexual offences,Unable to prosecute suspect,
7c965eb8c6d16e6a50cbf1468220786ac5b49d68f2a2db2d16675f2e65a19f53,2023-06,North Wales Police,North Wales Police,-3.401980,53.183887,On or near Dol Hyfryd,W01000195,Denbighshire 012A,Violence and sexual offences,Unable to prosecute suspect,
,2023-06,North Wales Police,North Wales Police,-3.409655,53.190647,On or near Y Gerddi,W01000196,Denbighshire 012B,Anti-social behaviour,,
c71b182af481c8d553c566b113803689bd4cebb96fc0a5de683c92d808ba894c,2023-06,North Wales Police,North Wales Police,-3.410933,53.189481,On or near Castle View,W01000196,Denbighshire 012B,Shoplifting,Investigation complete; no suspect identified,
571e79f76b1f660dd312926873ae3c24e28400ac78cc7364615b54d30f11e89d,2023-06,North Wales Police,North Wales Police,-3.410933,53.189481,On or near Castle View,W01000196,Denbighshire 012B,Shoplifting,Investigation complete; no suspect identified,
4641b123005c8ac418048667912a9605aa3df429ac9eb5d38944c81e00acdb36,2023-06,North Wales Police,North Wales Police,-3.410933,53.189481,On or near Castle View,W01000196,Denbighshire 012B,Shoplifting,Investigation complete; no suspect identified,
0f369f66fa548a1dda877e5652fbba8f1d196c7b1c372cfb930e5e15e6b246b6,2023-06,North Wales Police,North Wales Police,-3.406554,53.193336,On or near Ffordd Celyn,W01000196,Denbighshire 012B,Violence and sexual offences,Unable to prosecute suspect,
75f77cf6599b12831c752c9c975719e2e0aa2b8dca2295034b8dfc4d9d083094,2023-06,North Wales Police,North Wales Police,-3.406554,53.193336,On or near Ffordd Celyn,W01000196,Denbighshire 012B,Violence and sexual offences,Court result unavailable,
263a0d5321a81b22e5ae65ab93815796651ad387c886334b531de689b68d44ff,2023-06,North Wales Police,North Wales Police,-3.410092,53.187558,On or near Abbey Road,W01000196,Denbighshire 012B,Violence and sexual offences,Unable to prosecute suspect,
29640cf2aabc22f795c6d3c1959f8e385794f1201f81709242d268bd45dadcfd,2023-06,North Wales Police,North Wales Police,-3.405674,53.192492,On or near Lon Glyn,W01000196,Denbighshire 012B,Violence and sexual offences,Unable to prosecute suspect,
4e956b5fd182fe04e1f4b22110deac988cb16485ac21099fadda305891f1d122,2023-06,North Wales Police,North Wales Police,-3.409655,53.190647,On or near Y Gerddi,W01000196,Denbighshire 012B,Violence and sexual offences,Action to be taken by another organisation,
f2a422576b3c164ff3550ecbbb4df477166a9e31f29f2b0fea8b1ed1aca73243,2023-06,North Wales Police,North Wales Police,-3.410933,53.189481,On or near Castle View,W01000196,Denbighshire 012B,Other crime,Further investigation is not in the public interest,
,2023-06,North Wales Police,North Wales Police,-3.390302,53.181417,On or near Old Ruthin Road,W01000197,Denbighshire 012C,Anti-social behaviour,,
61596e30ca4d570ff55ee15dcd75704a99a0fc404160f2de2e97a269982e636f,2023-06,North Wales Police,North Wales Police,-3.408488,53.187011,On or near Cysgodfa,W01000197,Denbighshire 012C,Other theft,Investigation complete; no suspect identified,
66d2daca1f2254571a0cf2bb3c7805061c84580f56df2e6375eeef78f4f709fc,2023-06,North Wales Police,North Wales Police,-3.390302,53.181417,On or near Old Ruthin Road,W01000197,Denbighshire 012C,Public order,Unable to prosecute suspect,
92ace7bf3c2767bd60e42d6675877eec839a1a6cbd4a089a50acb0608bc61c0d,2023-06,North Wales Police,North Wales Police,-3.390302,53.181417,On or near Old Ruthin Road,W01000197,Denbighshire 012C,Public order,Unable to prosecute suspect,
eeab3ddbe22ca7757f463ae089d28cc1008c1de4e46e1472fb2d08a1dd3477aa,2023-06,North Wales Police,North Wales Police,-3.404880,53.187908,On or near Y Maes,W01000197,Denbighshire 012C,Violence and sexual offences,Investigation complete; no suspect identified,
c755b778f37ff98ec4c6bd2b9e596238337bc8d280eb2de05b4eb672bc2dbf37,2023-06,North Wales Police,North Wales Police,-3.403039,53.188352,On or near Parc Alafowlia,W01000197,Denbighshire 012C,Violence and sexual offences,Unable to prosecute suspect,
dcab82215ebb133b9e97d48bf8ff28352ba5fca1726f8e878a66423e0256b826,2023-06,North Wales Police,North Wales Police,-3.407780,53.185968,On or near Parc-Bach,W01000197,Denbighshire 012C,Violence and sexual offences,Unable to prosecute suspect,
aa28e04c34a73d8ded467af79cda33a4fe881412c717afc28cf9d205629a672c,2023-06,North Wales Police,North Wales Police,-3.407780,53.185968,On or near Parc-Bach,W01000197,Denbighshire 012C,Violence and sexual offences,Investigation complete; no suspect identified,
,2023-06,North Wales Police,North Wales Police,-3.372624,53.102972,On or near Parking Area,W01000211,Denbighshire 012D,Anti-social behaviour,,
462ae1566ec23a33198aa99b0995aac7c61ea82f539c122b54f26991c2d019e2,2023-06,North Wales Police,North Wales Police,-3.372624,53.102972,On or near Parking Area,W01000211,Denbighshire 012D,Public order,Investigation complete; no suspect identified,
bc05d47d3dfd3032eb66b5f721a17ff5b841c9e08263d0c8e64d4cc9b957f3d4,2023-06,North Wales Police,North Wales Police,-3.371030,53.152874,On or near Pont-Y-Bedol,W01000211,Denbighshire 012D,Violence and sexual offences,Unable to prosecute suspect,
8110de336caf84719aec8a944a09b5595a9df36dcb505edb8af92cc3616c848d,2023-06,North Wales Police,North Wales Police,-3.372624,53.102972,On or near Parking Area,W01000211,Denbighshire 012D,Violence and sexual offences,Unable to prosecute suspect,
cde1ce2f76f88f6d4d6b2a55137f92f9e783e16499f674cc907b9e659b99c156,2023-06,North Wales Police,North Wales Police,-3.371030,53.152874,On or near Pont-Y-Bedol,W01000211,Denbighshire 012D,Violence and sexual offences,Unable to prosecute suspect,
85f991c6b221dcf940fa4acf2a81db0cef29615d4bdb2abfaa11b7d74940d003,2023-06,North Wales Police,North Wales Police,-3.371030,53.152874,On or near Pont-Y-Bedol,W01000211,Denbighshire 012D,Violence and sexual offences,Unable to prosecute suspect,
,2023-06,North Wales Police,North Wales Police,-3.216239,53.137575,On or near Cae Gwyn,W01000203,Denbighshire 013A,Anti-social behaviour,,
,2023-06,North Wales Police,North Wales Police,-3.213190,53.092742,On or near Sports/Recreation Area,W01000203,Denbighshire 013A,Anti-social behaviour,,
ef0aa34eee35ea95fc31ad51f21e40ace8e58dcfa16d409788310ca5f3191cd0,2023-06,North Wales Police,North Wales Police,-3.191224,53.112513,On or near Cae'R Odyn,W01000203,Denbighshire 013A,Criminal damage and arson,Investigation complete; no suspect identified,
27f0f5736f0797f05c07006919dd4969b04ee1fb6e5cdddadea8b80928341f23,2023-06,North Wales Police,North Wales Police,-3.197158,53.088635,On or near Sports/Recreation Area,W01000203,Denbighshire 013A,Criminal damage and arson,Investigation complete; no suspect identified,
6fbd248ab7a7d5f0baf2c8d82f810fb02a66286e09f6d25d11cce88324485ae8,2023-06,North Wales Police,North Wales Police,-3.185123,53.136756,On or near Ffordd Maeshafan,W01000203,Denbighshire 013A,Other theft,Investigation complete; no suspect identified,
7d7ba146516bf040836cd60205c5bbdc2315719cc1a2d0e0960acb7fb9df59ab,2023-06,North Wales Police,North Wales Police,-3.210139,53.096042,On or near Brook Street,W01000203,Denbighshire 013A,Other theft,Investigation complete; no suspect identified,
44d6c268bca8412825cfbc6e7587de323953e4ff2a6c8c02205c9b3b45391efe,2023-06,North Wales Police,North Wales Police,-3.211885,53.076337,On or near B5431,W01000203,Denbighshire 013A,Other theft,Investigation complete; no suspect identified,
d8d713a5e312f5f6139ec7b9b44b95b9687a99c1808dbe725b845d29e42e40c0,2023-06,North Wales Police,North Wales Police,-3.202304,53.108554,On or near Old School Lane,W01000203,Denbighshire 013A,Violence and sexual offences,Action to be taken by another organisation,
61535d1a01c66b3a1821ac467f4fe12dc78192114f20f1008100459b9d47c155,2023-06,North Wales Police,North Wales Police,-3.169232,53.057827,On or near Parking Area,W01000203,Denbighshire 013A,Violence and sexual offences,Investigation complete; no suspect identified,
559133d36b066be2f3c10166f6f22b5970dcbee62b2a1979c6198e7daf920725,2023-06,North Wales Police,North Wales Police,-3.284773,53.127802,On or near Maes Famau,W01000204,Denbighshire 013B,Violence and sexual offences,Action to be taken by another organisation,
47f28a5c7d8410110061ece666833063f635db7f1f6b0b4d7e15b73afc984cfd,2023-06,North Wales Police,North Wales Police,-3.284773,53.127802,On or near Maes Famau,W01000204,Denbighshire 013B,Violence and sexual offences,Action to be taken by another organisation,
608b888bde3a1acc2607de27553f6279459c42dbecd0b96ca6f264353b31e55e,2023-06,North Wales Police,North Wales Police,-3.284773,53.127802,On or near Maes Famau,W01000204,Denbighshire 013B,Violence and sexual offences,Unable to prosecute suspect,
,2023-06,North Wales Police,North Wales Police,-3.330896,53.133166,On or near Lôn Yr Eglwys,W01000206,Denbighshire 013C,Anti-social behaviour,,
,2023-06,North Wales Police,North Wales Police,-3.315287,53.181883,On or near Parking Area,W01000206,Denbighshire 013C,Anti-social behaviour,,
,2023-06,North Wales Police,North Wales Police,-3.334449,53.134924,On or near Rhyd Y Byll,W01000206,Denbighshire 013C,Anti-social behaviour,,
6cf7a6a3145e5fbb7162962277e6487e77107ab384ae75dac01a9169c65362c6,2023-06,North Wales Police,North Wales Police,-3.348799,53.123004,On or near Lady Bagot'S Drive,W01000206,Denbighshire 013C,Criminal damage and arson,Investigation complete; no suspect identified,
bcc1d4b1d7eb3c3f35b34744cf0a394a2db21828e0d2f3bf3bebc6934283a202,2023-06,North Wales Police,North Wales Police,-3.315287,53.181883,On or near Parking Area,W01000206,Denbighshire 013C,Public order,Further investigation is not in the public interest,
05279fc7cce85586b9fd2df6ee866d78d3fb57cd46b5cf0a80037271748bbc08,2023-06,North Wales Police,North Wales Police,-3.334942,53.174489,On or near Sports/Recreation Area,W01000206,Denbighshire 013C,Violence and sexual offences,Unable to prosecute suspect,
d49aa2413003cc38629f67b045e3babe6bbd3b669b2ccdb8f818300f05677cb7,2023-06,North Wales Police,North Wales Police,-3.331733,53.133624,On or near Dolydd,W01000206,Denbighshire 013C,Violence and sexual offences,Unable to prosecute suspect,
e9ff3300c276eb1a3bd2a013dd22ba1de464465c15a4678162db3b6ee691c8a3,2023-06,North Wales Police,North Wales Police,-3.315287,53.181883,On or near Parking Area,W01000206,Denbighshire 013C,Violence and sexual offences,Further investigation is not in the public interest,
64713bfab21a560d19cc4768517abfabcd18b24a585e34b5f5bb47eb8c47ca99,2023-06,North Wales Police,North Wales Police,-3.332786,53.134349,On or near Cwrt Arthur,W01000206,Denbighshire 013C,Violence and sexual offences,Unable to prosecute suspect,
4851d4440908860a4c5e42674cb402f50cc03a6ab9f15043a7196feee1509e72,2023-06,North Wales Police,North Wales Police,-3.336391,53.176290,On or near Hamdden Close,W01000206,Denbighshire 013C,Violence and sexual offences,Unable to prosecute suspect,
7c28a7f122b50d36754e0a5cd4060d35db0b3925eeb9017e6d9bf77393896c47,2023-06,North Wales Police,North Wales Police,-3.338811,53.174267,On or near Maes Clwyd,W01000206,Denbighshire 013C,Violence and sexual offences,Local resolution,
0d8c5890856e4ae58bd9c85058fdc0e9b5782119892fda862998e91d1ca456e9,2023-06,North Wales Police,North Wales Police,-3.336391,53.176290,On or near Hamdden Close,W01000206,Denbighshire 013C,Violence and sexual offences,Unable to prosecute suspect,
9d606b94b10d0b3607ff15b1a4f6eda31293842774bb31133b9a2538601b148e,2023-06,North Wales Police,North Wales Police,-3.336391,53.176290,On or near Hamdden Close,W01000206,Denbighshire 013C,Violence and sexual offences,Unable to prosecute suspect,
7b71ad5bbb723117a096cbc57a969d36795c4dad227c04e098f401be052db293,2023-06,North Wales Police,North Wales Police,-3.330896,53.133166,On or near Lôn Yr Eglwys,W01000206,Denbighshire 013C,Violence and sexual offences,Investigation complete; no suspect identified,
,2023-06,North Wales Police,North Wales Police,-3.321053,53.112455,On or near Llys Erw,W01000242,Denbighshire 014A,Anti-social behaviour,,
,2023-06,North Wales Police,North Wales Police,-3.320474,53.111095,On or near Mwrog Street,W01000242,Denbighshire 014A,Anti-social behaviour,,
,2023-06,North Wales Police,North Wales Police,-3.310721,53.114637,On or near St Peter'S Square,W01000242,Denbighshire 014A,Anti-social behaviour,,
,2023-06,North Wales Police,North Wales Police,-3.320213,53.110882,On or near Lon Fawr,W01000242,Denbighshire 014A,Anti-social behaviour,,
,2023-06,North Wales Police,North Wales Police,-3.310721,53.114637,On or near St Peter'S Square,W01000242,Denbighshire 014A,Anti-social behaviour,,
,2023-06,North Wales Police,North Wales Police,-3.310721,53.114637,On or near St Peter'S Square,W01000242,Denbighshire 014A,Anti-social behaviour,,
,2023-06,North Wales Police,North Wales Police,-3.324872,53.115676,On or near Llys Famau,W01000242,Denbighshire 014A,Anti-social behaviour,,
,2023-06,North Wales Police,North Wales Police,-3.310721,53.114637,On or near St Peter'S Square,W01000242,Denbighshire 014A,Anti-social behaviour,,
,2023-06,North Wales Police,North Wales Police,-3.314105,53.112910,On or near Mill Street,W01000242,Denbighshire 014A,Anti-social behaviour,,
45dc3b02fe0750a50181e78e4112fb2e6a332740fade4603ec22ebdba42fdb6a,2023-06,North Wales Police,North Wales Police,-3.317346,53.117755,On or near Stryd Y Wylan,W01000242,Denbighshire 014A,Public order,Unable to prosecute suspect,
a1058c717e8f0cd134ea908ff9ad8634ceee7fff3bfa4382cc1c543d1190f089,2023-06,North Wales Police,North Wales Police,-3.321175,53.114468,On or near Maes Dolwen,W01000242,Denbighshire 014A,Violence and sexual offences,Further investigation is not in the public interest,
15bf51ffe286b6c3c8a233a155089e3b8fee6a64ce904b1acac1cdf1f1c25b2f,2023-06,North Wales Police,North Wales Police,-3.321175,53.114468,On or near Maes Dolwen,W01000242,Denbighshire 014A,Violence and sexual offences,Further investigation is not in the public interest,
7a2e968130590b0e73a4d436dec879515667fd7cf88741260e0737c625d83ff5,2023-06,North Wales Police,North Wales Police,-3.310721,53.114637,On or near St Peter'S Square,W01000242,Denbighshire 014A,Violence and sexual offences,Unable to prosecute suspect,
f34cd0a11d42d927724a3875f917af6f5733d224c4041edb9af902a59674f8b1,2023-06,North Wales Police,North Wales Police,-3.321053,53.112455,On or near Llys Erw,W01000242,Denbighshire 014A,Violence and sexual offences,Unable to prosecute suspect,
70eb60cd1447e62acb55619928eb5f92028eb682c541fa1c44f51deaf4404999,2023-06,North Wales Police,North Wales Police,-3.321175,53.114468,On or near Maes Dolwen,W01000242,Denbighshire 014A,Violence and sexual offences,Further investigation is not in the public interest,
d62f31a72860a9be0cb3dc14ae4a980f6a9b20b43f38d4a250a66d00cee2e89a,2023-06,North Wales Police,North Wales Police,-3.314105,53.112910,On or near Mill Street,W01000242,Denbighshire 014A,Other crime,Unable to prosecute suspect,
8a873527b3cc3d4302d9b11db6a4739f2bdf40630cae1abc478b73bd391ccd57,2023-06,North Wales Police,North Wales Police,-3.302694,53.114509,On or near Stryt Y Rhos,W01000243,Denbighshire 014B,Drugs,Awaiting court outcome,
,2023-06,North Wales Police,North Wales Police,-3.308831,53.115359,On or near Stryt Y Farchnad,W01000243,Denbighshire 014B,Anti-social behaviour,,
,2023-06,North Wales Police,North Wales Police,-3.311380,53.114180,On or near Upper Clwyd Street,W01000243,Denbighshire 014B,Anti-social behaviour,,
,2023-06,North Wales Police,North Wales Police,-3.306422,53.113776,On or near A494,W01000243,Denbighshire 014B,Anti-social behaviour,,
,2023-06,North Wales Police,North Wales Police,-3.305768,53.117847,On or near Greenfield Road,W01000243,Denbighshire 014B,Anti-social behaviour,,
6371a8004e5bf2c5a046de0aaa72f2039ce07ea6ffa7452840da397a84217aec,2023-06,North Wales Police,North Wales Police,-3.306422,53.113776,On or near A494,W01000243,Denbighshire 014B,Burglary,Investigation complete; no suspect identified,
fcae51903d5f4ea853623610f1751f660f359fbcd760e8615433225a74d6d03d,2023-06,North Wales Police,North Wales Police,-3.309288,53.113691,On or near Record Street,W01000243,Denbighshire 014B,Drugs,Court result unavailable,
28b69ba4eed89f05e3fe4519a7666e3165ff67489a322037b9379218009a116b,2023-06,North Wales Police,North Wales Police,-3.304241,53.114771,On or near Haulfryn,W01000243,Denbighshire 014B,Other theft,Investigation complete; no suspect identified,
7f39ad4f28142f2c2467a5908739ebe7e4bd6b03da209961b60bc29e2babcc88,2023-06,North Wales Police,North Wales Police,-3.311380,53.114180,On or near Upper Clwyd Street,W01000243,Denbighshire 014B,Other theft,Court result unavailable,
95bb6513a5bd245290259b8a6cb7d35dee372655dd1e5dc3d5a36f2e19480e8c,2023-06,North Wales Police,North Wales Police,-3.309288,53.113691,On or near Record Street,W01000243,Denbighshire 014B,Other theft,Court result unavailable,
ae30f7be7602a0ac01ff50bb039ab871454533fe9c00b304aa2c7eef50fc4437,2023-06,North Wales Police,North Wales Police,-3.309867,53.116022,On or near School Road,W01000243,Denbighshire 014B,Other theft,Status update unavailable,
3d0d02f02e47d236ff60e77d3df620dd7e502506f93bba79d45f8458b3ac5816,2023-06,North Wales Police,North Wales Police,-3.310649,53.113730,On or near Castle Street,W01000243,Denbighshire 014B,Public order,Investigation complete; no suspect identified,
2c378178889357130cea175fffb3545c651fbed88af0ec51dbc9f9fd66d53d36,2023-06,North Wales Police,North Wales Police,-3.309483,53.115208,On or near Parking Area,W01000243,Denbighshire 014B,Public order,Investigation complete; no suspect identified,
81d0f60f873eb121fa3e32ac2c43eb67e83fe1e130d2afd48c05f5d0df8c95aa,2023-06,North Wales Police,North Wales Police,-3.305768,53.117847,On or near Greenfield Road,W01000243,Denbighshire 014B,Shoplifting,Court result unavailable,
7eea9943869d246c367a36d2e5d9383efcd6d07f42fac816617becbdaa4d4961,2023-06,North Wales Police,North Wales Police,-3.308831,53.115359,On or near Stryt Y Farchnad,W01000243,Denbighshire 014B,Violence and sexual offences,Unable to prosecute suspect,
9eb59eae707455594d9eff4082136f1c3bd38410628a55dc2596d2cb2e80d336,2023-06,North Wales Police,North Wales Police,-3.308874,53.113692,On or near Police Station,W01000243,Denbighshire 014B,Violence and sexual offences,Investigation complete; no suspect identified,
035f54b097b658a8db9d20fb327e1b669d611765f6c169d800b2f06daed10d88,2023-06,North Wales Police,North Wales Police,-3.309483,53.115208,On or near Parking Area,W01000243,Denbighshire 014B,Violence and sexual offences,Investigation complete; no suspect identified,
33e26d7db45d8fae2afe8bd12aa85396b71eb23c3760207cb441aab940f8bba8,2023-06,North Wales Police,North Wales Police,-3.301549,53.115673,On or near Bryn Eryl,W01000243,Denbighshire 014B,Violence and sexual offences,Unable to prosecute suspect,
bf824f2fee805d415af631af6754ab8956e5a92272a4f905be4dba470abff5b2,2023-06,North Wales Police,North Wales Police,-3.318079,53.119743,On or near Stryd Y Golomen,W01000243,Denbighshire 014B,Violence and sexual offences,Status update unavailable,
98bea17887195acf85a00eac97c2cda864ac099e20b9768c7f5a692db8d94cd6,2023-06,North Wales Police,North Wales Police,-3.304241,53.114771,On or near Haulfryn,W01000243,Denbighshire 014B,Violence and sexual offences,Unable to prosecute suspect,
91f2b3531bba590c6d85fffe7166c3c217ee2efa9331bad4e79e29e1ac22a06a,2023-06,North Wales Police,North Wales Police,-3.310649,53.113730,On or near Castle Street,W01000243,Denbighshire 014B,Violence and sexual offences,Unable to prosecute suspect,
5403eaa1b3a1debd5fe8256a07a429d877b66b8d459f026799cd353290895a29,2023-06,North Wales Police,North Wales Police,-3.318079,53.119743,On or near Stryd Y Golomen,W01000243,Denbighshire 014B,Violence and sexual offences,Status update unavailable,
8d7ee31f2656266ad5275989d8448e91b26c22549c93965ea7cbedabf13a41af,2023-06,North Wales Police,North Wales Police,-3.305697,53.114989,On or near Wernfechan,W01000243,Denbighshire 014B,Violence and sexual offences,Unable to prosecute suspect,
5574654a9d050e25dfb1ee69dd1e055ba6b2969b94db878df97ddde4909e0805,2023-06,North Wales Police,North Wales Police,-3.301549,53.115673,On or near Bryn Eryl,W01000243,Denbighshire 014B,Violence and sexual offences,Unable to prosecute suspect,
92c059510e343c5cd0648e26ecab454857b82b0278d35e65cac034e8f40c9889,2023-06,North Wales Police,North Wales Police,-3.297967,53.109851,On or near Lon Speiriol-Uchaf,W01000244,Denbighshire 014C,Criminal damage and arson,Status update unavailable,
2305510873bb56b5c7324c3f875ca39c0433a5de885f91315f95dd4e1dbbfde4,2023-06,North Wales Police,North Wales Police,-3.300244,53.112532,On or near Ffordd Edern,W01000244,Denbighshire 014C,Other theft,Unable to prosecute suspect,
8871ecaaed4b2180f8eef290a8c7b52339715bf9bb7df23c9f9ad73b8acf18da,2023-06,North Wales Police,North Wales Police,-3.300244,53.112532,On or near Ffordd Edern,W01000244,Denbighshire 014C,Public order,Unable to prosecute suspect,
d82ca4123a86a36ff7c6cd558af0b249983446979b4e835987c026818e83dafd,2023-06,North Wales Police,North Wales Police,-3.297967,53.109851,On or near Lon Speiriol-Uchaf,W01000244,Denbighshire 014C,Violence and sexual offences,Unable to prosecute suspect,
7b84b786429433ddfe929ddb55466242b5083f66a5507d06742371e563e8a432,2023-06,North Wales Police,North Wales Police,-3.297967,53.109851,On or near Lon Speiriol-Uchaf,W01000244,Denbighshire 014C,Violence and sexual offences,Unable to prosecute suspect,
c80d50b3259d60b985d12dff4fe1e8cb07fef8a06a65e92d364a3aad875a061c,2023-06,North Wales Police,North Wales Police,-3.297967,53.109851,On or near Lon Speiriol-Uchaf,W01000244,Denbighshire 014C,Violence and sexual offences,Unable to prosecute suspect,
e16109c7a881ea9a7e5a20a8ef1f4bfe57f1eadbabf1748e69cfaf7e72680b66,2023-06,North Wales Police,North Wales Police,-3.297967,53.109851,On or near Lon Speiriol-Uchaf,W01000244,Denbighshire 014C,Violence and sexual offences,Unable to prosecute suspect,
d8cf031e2c4f44b434c74e7b7225e634d0fead4af66abfeb67c556828e36c107,2023-06,North Wales Police,North Wales Police,-3.297661,53.114591,On or near Theatre/Concert Hall,W01000244,Denbighshire 014C,Violence and sexual offences,Unable to prosecute suspect,
9992bcc58da4283cf72116d9d02ed239bb0b978718de988b32de4f16dbe1b21b,2023-06,North Wales Police,North Wales Police,-3.374185,52.980360,On or near Chapel Street,W01000193,Denbighshire 015A,Criminal damage and arson,Local resolution,
7903375404fddda2ff7ffa165387e951f74cc60d870442b31dd5acccac3fab67,2023-06,North Wales Police,North Wales Police,-3.369983,52.979815,On or near London Road,W01000193,Denbighshire 015A,Possession of weapons,Unable to prosecute suspect,
473e95094a79a108c657ca159ecb585a03c4850a85086ea24e989c6e13f26085,2023-06,North Wales Police,North Wales Police,-3.381174,52.989799,On or near Clawdd Poncen,W01000193,Denbighshire 015A,Violence and sexual offences,Local resolution,
0192ac42378ea0f9ca4a830a69124e89839957b4e4d2aaa604c6299df20f47a8,2023-06,North Wales Police,North Wales Police,-3.380726,52.990236,On or near Cwr Y Gaer,W01000193,Denbighshire 015A,Violence and sexual offences,Unable to prosecute suspect,
2d2e710b0ba71c844b9d1f1b08b37d42241f117ff8e3804f371a6b84d890d928,2023-06,North Wales Police,North Wales Police,-3.380726,52.990236,On or near Cwr Y Gaer,W01000193,Denbighshire 015A,Violence and sexual offences,Unable to prosecute suspect,
e351a517b65f33462f95757845f57fc1d11fc3539f48a5e4276b106293f50f87,2023-06,North Wales Police,North Wales Police,-3.381174,52.989799,On or near Clawdd Poncen,W01000193,Denbighshire 015A,Violence and sexual offences,Status update unavailable,
a03decc4af36463591cc3428ad6d388322723a63907b719b1c04e819c1f1a77d,2023-06,North Wales Police,North Wales Police,-3.383338,52.977781,On or near Uwchydre,W01000193,Denbighshire 015A,Violence and sexual offences,Formal action is not in the public interest,
e9c0607e9cafccda0d81434012f1cf31452de93210b18ab6ca75d60aadf8f475,2023-06,North Wales Police,North Wales Police,-3.381174,52.989799,On or near Clawdd Poncen,W01000193,Denbighshire 015A,Violence and sexual offences,Unable to prosecute suspect,
fb6dd93bb559d4bb5f15df9b1254ad75f93c75a6705ced5b46c77a92862c429e,2023-06,North Wales Police,North Wales Police,-3.324024,53.080778,On or near Erw Las,W01000202,Denbighshire 015B,Criminal damage and arson,Unable to prosecute suspect,
bfe957e6afd83a84d86efcce7ac9277d4a93a29d46ecb8e3ae3db1678cd9bbf9,2023-06,North Wales Police,North Wales Police,-3.444644,53.008211,On or near Bro Gwerfyl,W01000202,Denbighshire 015B,Criminal damage and arson,Investigation complete; no suspect identified,
731caaa4eeae54209da64ed69f38811dcd60cf7fb26876068649ff6cf56c2b92,2023-06,North Wales Police,North Wales Police,-3.444644,53.008211,On or near Bro Gwerfyl,W01000202,Denbighshire 015B,Violence and sexual offences,Investigation complete; no suspect identified,
eb82f9f987e2d6400bee874c464c5eb526c2729676facac951ea9ed0c1cc9d66,2023-06,North Wales Police,North Wales Police,-3.444644,53.008211,On or near Bro Gwerfyl,W01000202,Denbighshire 015B,Violence and sexual offences,Investigation complete; no suspect identified,
,2023-06,North Wales Police,North Wales Police,-3.262206,53.021850,On or near Parking Area,W01000207,Denbighshire 015C,Anti-social behaviour,,
,2023-06,North Wales Police,North Wales Police,-3.262206,53.021850,On or near Parking Area,W01000207,Denbighshire 015C,Anti-social behaviour,,
,2023-06,North Wales Police,North Wales Police,-3.292906,53.088079,On or near Wrexham Road,W01000207,Denbighshire 015C,Anti-social behaviour,,
b8e2f6bc4b4da1ea700f84437b2ee43ab826ecee5485504afbf7eb0615465fb9,2023-06,North Wales Police,North Wales Police,-3.295867,53.089692,On or near Llwyn Dyffryn,W01000207,Denbighshire 015C,Criminal damage and arson,Unable to prosecute suspect,
3d6cbd625d8129218b81d378d06e4797fe7791470613a0fcb95960972a6042e3,2023-06,North Wales Police,North Wales Police,-3.295867,53.089692,On or near Llwyn Dyffryn,W01000207,Denbighshire 015C,Drugs,Unable to prosecute suspect,
a18270de5c41c3e0703b9f11acc819b64e994c77709460ddd1054bf9be30ac07,2023-06,North Wales Police,North Wales Police,-3.273422,53.079551,On or near Bryn Glas,W01000207,Denbighshire 015C,Other theft,Investigation complete; no suspect identified,
413770a27f5dffd29cb7fe0166379b12e1c9cbfb1fc09c33d6df2e915100cadd,2023-06,North Wales Police,North Wales Police,-3.272072,53.076779,On or near Caer Efail,W01000207,Denbighshire 015C,Other theft,Investigation complete; no suspect identified,
752ce11a24e2a6b8bac5175080c8cc1ffd3650809794fe15fc63de9370222bdd,2023-06,North Wales Police,North Wales Police,-3.262206,53.021850,On or near Parking Area,W01000207,Denbighshire 015C,Other theft,Investigation complete; no suspect identified,
e6f99bf26ec7e49d5a24e1813d20ec7aa06478587aceaf2de68683201d1cee49,2023-06,North Wales Police,North Wales Police,-3.292906,53.088079,On or near Wrexham Road,W01000207,Denbighshire 015C,Public order,Unable to prosecute suspect,
32dc420f1ab4f61029d68e717ec1e0230163f161c4bdd66b2c62068f1285d4ca,2023-06,North Wales Police,North Wales Police,-3.296320,53.088392,On or near Bron-Y-Clwyd,W01000207,Denbighshire 015C,Violence and sexual offences,Unable to prosecute suspect,
34bd2e8d4622d5e97db7d3df6d1206a9628e4f2885e1639507b5047c467bbd5c,2023-06,North Wales Police,North Wales Police,-3.364944,53.042593,On or near Parking Area,W01000207,Denbighshire 015C,Violence and sexual offences,Investigation complete; no suspect identified,
74d14a7f42293d53f89f27737800d2fba4dd9d64201b847b879284376dd5fcb7,2023-06,North Wales Police,North Wales Police,-3.292906,53.088079,On or near Wrexham Road,W01000207,Denbighshire 015C,Violence and sexual offences,Unable to prosecute suspect,
,2023-06,North Wales Police,North Wales Police,-3.171077,52.970254,On or near Police Station,W01000208,Denbighshire 016C,Anti-social behaviour,,
,2023-06,North Wales Police,North Wales Police,-3.174858,52.969102,On or near Ger Y Nant,W01000208,Denbighshire 016C,Anti-social behaviour,,
,2023-06,North Wales Police,North Wales Police,-3.191529,52.982403,On or near B5103,W01000208,Denbighshire 016C,Anti-social behaviour,,
,2023-06,North Wales Police,North Wales Police,-3.171077,52.970254,On or near Police Station,W01000208,Denbighshire 016C,Anti-social behaviour,,
,2023-06,North Wales Police,North Wales Police,-3.171077,52.970254,On or near Police Station,W01000208,Denbighshire 016C,Anti-social behaviour,,
,2023-06,North Wales Police,North Wales Police,-3.215943,52.980861,On or near Parking Area,W01000208,Denbighshire 016C,Anti-social behaviour,,
e76b5bc1227cfebbd80e657bdf8bc26faaf087b2419451e65465fd7fe0a9d0f3,2023-06,North Wales Police,North Wales Police,-3.174858,52.969102,On or near Ger Y Nant,W01000208,Denbighshire 016C,Bicycle theft,Investigation complete; no suspect identified,
a218dcfa3ea32310c80482af370dcb69df7d86f3c2952e41d851b526a37c90df,2023-06,North Wales Police,North Wales Police,-3.171188,52.968851,On or near Petrol Station,W01000208,Denbighshire 016C,Other theft,Unable to prosecute suspect,
9af549cb76609add54525d7a6fb20ed50b98579c625b5337b004df93fff5e8e5,2023-06,North Wales Police,North Wales Police,-3.171188,52.968851,On or near Petrol Station,W01000208,Denbighshire 016C,Shoplifting,Investigation complete; no suspect identified,
dd5bfe4f851b7ed5a38f9752d45141ea5ed00260b695edfccbdc755c9871f44a,2023-06,North Wales Police,North Wales Police,-3.171188,52.968851,On or near Petrol Station,W01000208,Denbighshire 016C,Shoplifting,Investigation complete; no suspect identified,
6eed90d488ffc41113e04ad1636d7daf8d7569c0cdf49985e6aabfffb54cb748,2023-06,North Wales Police,North Wales Police,-3.169793,52.971795,On or near Wharf Hill,W01000208,Denbighshire 016C,Violence and sexual offences,Unable to prosecute suspect,
44a2a97fcc982e36181b9a418c27cc54e88bee144282d50bf4145d2805f16fce,2023-06,North Wales Police,North Wales Police,-3.178074,52.975660,On or near A542,W01000208,Denbighshire 016C,Violence and sexual offences,Formal action is not in the public interest,
3239a5fdd7ea8d3823def1f98c732c7cfcc60e8ea40567811b80525b034499f4,2023-06,North Wales Police,North Wales Police,-3.178074,52.975660,On or near A542,W01000208,Denbighshire 016C,Violence and sexual offences,Formal action is not in the public interest,
8f2ebab90464009937f8c4c462f80543c78c855e2185f43d77b6cc2b6b3d3eed,2023-06,North Wales Police,North Wales Police,-3.169793,52.971795,On or near Wharf Hill,W01000208,Denbighshire 016C,Violence and sexual offences,Unable to prosecute suspect,
7c03e8d8ded1d9d714c7f9af67424327e590435591b899a72737a80173b2e716,2023-06,North Wales Police,North Wales Police,-3.169309,52.969319,On or near Chapel Street,W01000208,Denbighshire 016C,Violence and sexual offences,Unable to prosecute suspect,
5c0bfe16f04b174e2a1c955278671d4e6dff8b1e82b895ede1bf16fd5aa85427,2023-06,North Wales Police,North Wales Police,-3.178494,52.976887,On or near Ffordd Yr Abaty,W01000208,Denbighshire 016C,Violence and sexual offences,Action to be taken by another organisation,
,2023-06,North Wales Police,North Wales Police,-3.170793,52.970779,On or near Dee Lane,W01000209,Denbighshire 016D,Anti-social behaviour,,
,2023-06,North Wales Police,North Wales Police,-3.178404,52.972032,On or near Supermarket,W01000209,Denbighshire 016D,Anti-social behaviour,,
,2023-06,North Wales Police,North Wales Police,-3.162583,52.966140,On or near Min-Y-Coed,W01000209,Denbighshire 016D,Anti-social behaviour,,
,2023-06,North Wales Police,North Wales Police,-3.176029,52.972759,On or near Llys Bran,W01000209,Denbighshire 016D,Anti-social behaviour,,
,2023-06,North Wales Police,North Wales Police,-3.179752,52.973836,On or near Afon Glas,W01000209,Denbighshire 016D,Anti-social behaviour,,
,2023-06,North Wales Police,North Wales Police,-3.165862,52.970701,On or near Mill Street,W01000209,Denbighshire 016D,Anti-social behaviour,,
,2023-06,North Wales Police,North Wales Police,-3.178404,52.972032,On or near Supermarket,W01000209,Denbighshire 016D,Anti-social behaviour,,
,2023-06,North Wales Police,North Wales Police,-3.179752,52.973836,On or near Afon Glas,W01000209,Denbighshire 016D,Anti-social behaviour,,
681e45a3a24741f9aed2b5af64280c4ddaf11f68e4e8c6015403ad24ef036bb0,2023-06,North Wales Police,North Wales Police,-3.163655,52.967244,On or near Brook Street,W01000209,Denbighshire 016D,Criminal damage and arson,Unable to prosecute suspect,
cecc3c5d5a0753b404a4596cc2aa4dfccf44b91669b42f4ba26bd4bd8082f293,2023-06,North Wales Police,North Wales Police,-3.156771,52.969316,On or near Queen Street,W01000209,Denbighshire 016D,Other theft,Investigation complete; no suspect identified,
195dd7c3e9619714844ca85167af9111b541d66e91866a12702c792e48ed0192,2023-06,North Wales Police,North Wales Police,-3.170793,52.970779,On or near Dee Lane,W01000209,Denbighshire 016D,Public order,Unable to prosecute suspect,
cd7c282e6a4e0f103bb15733202bb57b84cd336686619b514908bf1b5e5cd737,2023-06,North Wales Police,North Wales Police,-3.178404,52.972032,On or near Supermarket,W01000209,Denbighshire 016D,Shoplifting,Investigation complete; no suspect identified,
9d257f55f918e86fb6b67948b7a370e7121d4f20363d247aa27da0d233ee05bf,2023-06,North Wales Police,North Wales Police,-3.178404,52.972032,On or near Supermarket,W01000209,Denbighshire 016D,Shoplifting,Investigation complete; no suspect identified,
15ad092c222c65d4b80c82ae19972abaffe53960d48b936fcfbeef881cc0adac,2023-06,North Wales Police,North Wales Police,-3.178404,52.972032,On or near Supermarket,W01000209,Denbighshire 016D,Shoplifting,Investigation complete; no suspect identified,
2ffdd3b5bf1d2ff694797031b6d9b87c53e94bb4db92092cdac334f6a8e5490a,2023-06,North Wales Police,North Wales Police,-3.178404,52.972032,On or near Supermarket,W01000209,Denbighshire 016D,Shoplifting,Investigation complete; no suspect identified,
f7d264d3fa3943ffdf0a2bcde76a0f12e25c284d1f53c15980d9703a4b375748,2023-06,North Wales Police,North Wales Police,-3.178404,52.972032,On or near Supermarket,W01000209,Denbighshire 016D,Shoplifting,Investigation complete; no suspect identified,
bd9efe21fd712edfe4c083f55ef657b06600ec2bb0750d1729aa6a80bfb8625c,2023-06,North Wales Police,North Wales Police,-3.178404,52.972032,On or near Supermarket,W01000209,Denbighshire 016D,Shoplifting,Unable to prosecute suspect,
15b528be000a2b0f7e5b73143434aad6a43258a0de13c38d84ad8b7d84a0d949,2023-06,North Wales Police,North Wales Police,-3.178404,52.972032,On or near Supermarket,W01000209,Denbighshire 016D,Shoplifting,Investigation complete; no suspect identified,
64fd00a4018d7d3088b1ff23aba65b89a3037d21c2431b75502be4687261a76a,2023-06,North Wales Police,North Wales Police,-3.178404,52.972032,On or near Supermarket,W01000209,Denbighshire 016D,Shoplifting,Unable to prosecute suspect,
163c947f7273641ed8bd8509680516aecb3d40275b9a02b8ebe543cdfc3c1ba0,2023-06,North Wales Police,North Wales Police,-3.160081,52.964456,On or near Maes Pengwern,W01000209,Denbighshire 016D,Violence and sexual offences,Unable to prosecute suspect,
dd54f96ef1a97f57a8748d12d5a9e7467f4d2d3902703423534f9132dbfb10bc,2023-06,North Wales Police,North Wales Police,-3.160081,52.964456,On or near Maes Pengwern,W01000209,Denbighshire 016D,Violence and sexual offences,Unable to prosecute suspect,
36bb75478babbc33250aaa2a7b28a7e188f1fae26018a207df66383d633fdd49,2023-06,North Wales Police,North Wales Police,-3.172614,52.978087,On or near Dinbren Road,W01000209,Denbighshire 016D,Violence and sexual offences,Action to be taken by another organisation,
7dc3c1d4130483637d0ede73af8b8a1791973e8114978085d4e1bb63a3719fca,2023-06,North Wales Police,North Wales Police,-3.170338,52.973777,On or near Sports/Recreation Area,W01000209,Denbighshire 016D,Violence and sexual offences,Unable to prosecute suspect,
43c69f6b4652365d17b552fea2d889ca496c2fd56f702f68752bab58802856a1,2023-06,North Wales Police,North Wales Police,-3.170338,52.973777,On or near Sports/Recreation Area,W01000209,Denbighshire 016D,Violence and sexual offences,Investigation complete; no suspect identified,
6cf53bb22323744a6cfefc14d6c15cd314f3a6ecdf3286ab8ee984d630ec129c,2023-06,North Wales Police,North Wales Police,-3.156771,52.969316,On or near Queen Street,W01000209,Denbighshire 016D,Violence and sexual offences,Unable to prosecute suspect,
86a017367d77dc51f4c44b14a0650f35ca999356383271f32ada708382b590fa,2023-06,North Wales Police,North Wales Police,-3.179297,52.972466,On or near Park Avenue,W01000209,Denbighshire 016D,Violence and sexual offences,Action to be taken by another organisation,
4a3a3837e522fd937ad6c28d150bf025b3aa8044a1648e108b50c0d1912f6302,2023-06,North Wales Police,North Wales Police,-3.170338,52.973777,On or near Sports/Recreation Area,W01000209,Denbighshire 016D,Violence and sexual offences,Investigation complete; no suspect identified,
,2023-06,North Wales Police,North Wales Police,-3.167541,52.968905,On or near Cross Lane,W01000210,Denbighshire 016E,Anti-social behaviour,,
,2023-06,North Wales Police,North Wales Police,-3.167087,52.968640,On or near Regent Street,W01000210,Denbighshire 016E,Anti-social behaviour,,
,2023-06,North Wales Police,North Wales Police,-3.167972,52.966653,On or near Trem Y Greigiau,W01000210,Denbighshire 016E,Anti-social behaviour,,
81d4c71aa69e67bb764d6828d6e2b384314a5d10168b5c24330bfa8fc7aa136a,2023-06,North Wales Police,North Wales Police,-3.116796,52.969837,On or near Parking Area,W01000210,Denbighshire 016E,Other theft,Formal action is not in the public interest,
bddf98cf027345d9653e1c7cd85b0ce2c3f758d6828f566b730679110e3c77d5,2023-06,North Wales Police,North Wales Police,-3.163982,52.968337,On or near Parking Area,W01000210,Denbighshire 016E,Other theft,Investigation complete; no suspect identified,
a1e811c36a93c8864b579bef97868bded9b741bfd1b5644f4dd91aacef56e531,2023-06,North Wales Police,North Wales Police,-3.167972,52.966653,On or near Trem Y Greigiau,W01000210,Denbighshire 016E,Public order,Unable to prosecute suspect,
13fecf4f5e3e55ff9bf069b3600a7a3183516e8de4090aa6dbd49d8480dc550e,2023-06,North Wales Police,North Wales Police,-3.167087,52.968640,On or near Regent Street,W01000210,Denbighshire 016E,Public order,Unable to prosecute suspect,
,2023-06,North Wales Police,North Wales Police,-3.474332,53.320150,On or near Sports/Recreation Area,W01000231,Denbighshire 017A,Anti-social behaviour,,
,2023-06,North Wales Police,North Wales Police,-3.474332,53.320150,On or near Sports/Recreation Area,W01000231,Denbighshire 017A,Anti-social behaviour,,
,2023-06,North Wales Police,North Wales Police,-3.468122,53.321611,On or near Laburnum Drive,W01000231,Denbighshire 017A,Anti-social behaviour,,
e1f07c708ab68d056a4df8966a7f53f68bb346038a6060803faf5c55bec238c9,2023-06,North Wales Police,North Wales Police,-3.472614,53.319084,On or near B5119,W01000231,Denbighshire 017A,Other theft,Investigation complete; no suspect identified,
16a1031a18982490886ffd12ff34794134c70f49855347694f07ded0c4e276f5,2023-06,North Wales Police,North Wales Police,-3.467339,53.321540,On or near Lilac Avenue,W01000231,Denbighshire 017A,Other theft,Investigation complete; no suspect identified,
093a50a12683777cc72b9ad5492a9364bdfef52874f92a7cc07ad8a69bc41a5a,2023-06,North Wales Police,North Wales Police,-3.469579,53.323294,On or near Sports/Recreation Area,W01000231,Denbighshire 017A,Public order,Investigation complete; no suspect identified,
cb939cac75dbc4cafca8f1f2ea96e682ef5853ebc05f5e8a8b17c7ca8f1a4c89,2023-06,North Wales Police,North Wales Police,-3.470376,53.322959,On or near Tynewydd Court,W01000231,Denbighshire 017A,Violence and sexual offences,Local resolution,
3d103e1f0a1d82fa55758bc1d4092ac42b588fbf7ba985e506bd6071489a9dd8,2023-06,North Wales Police,North Wales Police,-3.474332,53.320150,On or near Sports/Recreation Area,W01000231,Denbighshire 017A,Violence and sexual offences,Unable to prosecute suspect,
3201b3647afb1a00019b20b782a5eb7d19c31ee09d69244e879a2a7c6183b4de,2023-06,North Wales Police,North Wales Police,-3.469579,53.323294,On or near Sports/Recreation Area,W01000231,Denbighshire 017A,Violence and sexual offences,Unable to prosecute suspect,
1c4cc1ab3cbeee80b0f9c373529a971919c43d0a19bbbb5370935e2c36947080,2023-06,North Wales Police,North Wales Police,-3.472717,53.322076,On or near Bridgegate Road,W01000231,Denbighshire 017A,Violence and sexual offences,Unable to prosecute suspect,
,2023-06,North Wales Police,North Wales Police,-3.461375,53.317469,On or near Rhodfa Plas Coed,W01000232,Denbighshire 017B,Anti-social behaviour,,
622f33369390da5140cbd73933815945a1e56ed3319689c993be9bf0192a2fba,2023-06,North Wales Police,North Wales Police,-3.468585,53.319349,On or near Cheltenham Avenue,W01000232,Denbighshire 017B,Criminal damage and arson,Status update unavailable,
c2255dd66e2b54da5945154546cacd62593773b98a476f1931684a15a98ba268,2023-06,North Wales Police,North Wales Police,-3.461375,53.317469,On or near Rhodfa Plas Coed,W01000232,Denbighshire 017B,Violence and sexual offences,Unable to prosecute suspect,
d64665ff0afde89cec66dba3019d4a534e5ad2f4a78101da30db69f3822ff60b,2023-06,North Wales Police,North Wales Police,-3.462836,53.315869,On or near Merfyn Way,W01000232,Denbighshire 017B,Violence and sexual offences,Status update unavailable,
d7f053a70e6ab5649f1a8c8850f952be868430fbf0e5b07fc19304f688df313c,2023-06,North Wales Police,North Wales Police,-3.459250,53.318116,On or near Bryn-Llys,W01000232,Denbighshire 017B,Violence and sexual offences,Investigation complete; no suspect identified,
c1ca0f0ab7bce517b219dd07068f1da5b79775cacb59d468f629daf5fc3acf8d,2023-06,North Wales Police,North Wales Police,-3.458441,53.323879,On or near Lon Eglyn,W01000232,Denbighshire 017B,Violence and sexual offences,Unable to prosecute suspect,
e364a71de8931a71ffc55f31b14e554d85f72a56ce4a1f59c8ca7f0f1b108c5e,2023-06,North Wales Police,North Wales Police,-3.462836,53.315869,On or near Merfyn Way,W01000232,Denbighshire 017B,Other crime,Status update unavailable,
,2023-06,North Wales Police,North Wales Police,-3.469624,53.312460,On or near Holland Park Drive,W01000233,Denbighshire 017C,Anti-social behaviour,,
,2023-06,North Wales Police,North Wales Police,-3.465420,53.312421,On or near Shaun Close,W01000233,Denbighshire 017C,Anti-social behaviour,,
6a6271ff03294b99430fe29ff63d5697576c9e4974ee1e1c3c7bbce32e6486a9,2023-06,North Wales Police,North Wales Police,-3.472446,53.314187,On or near Stanley Park Avenue,W01000233,Denbighshire 017C,Burglary,Investigation complete; no suspect identified,
074cd2d06640a5095f37fcf891306cef73029b3cefb032eee9ac9cfb717c2bf5,2023-06,North Wales Police,North Wales Police,-3.468865,53.317890,On or near Merllyn Road,W01000233,Denbighshire 017C,Violence and sexual offences,Unable to prosecute suspect,
30e818de85632467f49d9f0bafad58ef9dc06ab302a3b3e8fa7746627fd99eee,2023-06,North Wales Police,North Wales Police,-3.468865,53.317890,On or near Merllyn Road,W01000233,Denbighshire 017C,Violence and sexual offences,Unable to prosecute suspect,
,2023-06,North Wales Police,North Wales Police,-3.458597,53.325378,On or near Lon Hedyn,W01000235,Denbighshire 017D,Anti-social behaviour,,
,2023-06,North Wales Police,North Wales Police,-3.463669,53.322655,On or near Lon Bedw,W01000235,Denbighshire 017D,Anti-social behaviour,,
3f90db89ab0b2173fcd08a2f7f883bbadcb12a3d24977e124d8e3e958c77dd42,2023-06,North Wales Police,North Wales Police,-3.458597,53.325378,On or near Lon Hedyn,W01000235,Denbighshire 017D,Other theft,Investigation complete; no suspect identified,
6f3bbc1bda32ed7ab74c41ade768430568c0399fa76d7f286ece557ec8532782,2023-06,North Wales Police,North Wales Police,-3.463669,53.322655,On or near Lon Bedw,W01000235,Denbighshire 017D,Public order,Formal action is not in the public interest,
81cf8f4486ce88f5396e24cfc3dbe2fe73a1bf72c344bfe7e754d3d8adf3b0fb,2023-06,North Wales Police,North Wales Police,-3.460848,53.321753,On or near Supermarket,W01000235,Denbighshire 017D,Shoplifting,Investigation complete; no suspect identified,
8fa73c6d58c9f768ab75cec5a602835382a6742e3ee00139c2e81a95abe9357d,2023-06,North Wales Police,North Wales Police,-3.460848,53.321753,On or near Supermarket,W01000235,Denbighshire 017D,Shoplifting,Investigation complete; no suspect identified,
d9738fd8563b3d3fa1596f66e65b5abe1d685e20316550c5148099db4f84b0db,2023-06,North Wales Police,North Wales Police,-3.460848,53.321753,On or near Supermarket,W01000235,Denbighshire 017D,Shoplifting,Investigation complete; no suspect identified,
7c78cea9b872c24a25bd2e6b5282e11f07b683659410655c0efc95aaced8694e,2023-06,North Wales Police,North Wales Police,-3.460848,53.321753,On or near Supermarket,W01000235,Denbighshire 017D,Shoplifting,Investigation complete; no suspect identified,
a22f6e8aa5d88f9f9c23fc369d88b81fb0c187247a7a99d54fc292537ccb1513,2023-06,North Wales Police,North Wales Police,-3.463669,53.322655,On or near Lon Bedw,W01000235,Denbighshire 017D,Violence and sexual offences,Court result unavailable,
ce92b2d73cec3978e7ba7843c640beb43d3780e8a5ef320fdde2e003041bfbe6,2023-06,North Wales Police,North Wales Police,-3.462769,53.321812,On or near Llys Helyg,W01000235,Denbighshire 017D,Violence and sexual offences,Further investigation is not in the public interest,
,2023-06,North Wales Police,North Wales Police,-3.460239,53.314112,On or near Bro Deg,W01000229,Denbighshire 017E,Anti-social behaviour,,
,2023-06,North Wales Police,North Wales Police,-3.466251,53.311270,On or near Shaun Drive,W01000229,Denbighshire 017E,Anti-social behaviour,,
,2023-06,North Wales Police,North Wales Police,-3.468126,53.307723,On or near South Drive,W01000229,Denbighshire 017E,Anti-social behaviour,,
5c0772f8255baffcff3c874a1a72e79d2e8257d33b6fff64961f97014703697c,2023-06,North Wales Police,North Wales Police,-3.461440,53.313234,On or near Maes Arthur,W01000229,Denbighshire 017E,Criminal damage and arson,Unable to prosecute suspect,
686744da7b41ee2473584720ebdf80c5527a077eae800859898b3f4e14ee3712,2023-06,North Wales Police,North Wales Police,-3.460427,53.313463,On or near Maes Y Parc,W01000229,Denbighshire 017E,Criminal damage and arson,Unable to prosecute suspect,
fd30cb3a7cef07b1abae5efe6d9a5b43647e640a206fce959b5ed3e9bd4f882f,2023-06,North Wales Police,North Wales Police,-3.466441,53.308058,On or near Gillian Drive,W01000229,Denbighshire 017E,Other theft,Unable to prosecute suspect,
7d083cdadab3d6193e6415a024a6cbd8c3e19fadbdf94368ef3fb3b9215f0038,2023-06,North Wales Police,North Wales Police,-3.460427,53.313463,On or near Maes Y Parc,W01000229,Denbighshire 017E,Violence and sexual offences,Unable to prosecute suspect,
9136c92f7f618a6a22fd21c121a73c794af5a81fa49261b20facef6eb3e4a82c,2023-06,North Wales Police,North Wales Police,-3.460715,53.312659,On or near Maes Menlli,W01000229,Denbighshire 017E,Violence and sexual offences,Investigation complete; no suspect identified,
d3d1363ff60da97d36831feba9f661eb485765bd4a90b7a506cb4b07a921e7b3,2023-06,North Wales Police,North Wales Police,-3.466441,53.308058,On or near Gillian Drive,W01000229,Denbighshire 017E,Violence and sexual offences,Unable to prosecute suspect,
eae7f42ba56bd8bacee1105e14354b1f99a8cf6cc7cc13b2feb0554862d24b23,2023-06,North Wales Police,North Wales Police,-3.460427,53.313463,On or near Maes Y Parc,W01000229,Denbighshire 017E,Violence and sexual offences,Unable to prosecute suspect,
7d43184b0380c9028bed90dfa07711906dc8a841642d4a8a2ddf9d8b16a5d965,2023-06,North Wales Police,North Wales Police,-3.459834,53.313686,On or near Maes Cwm,W01000229,Denbighshire 017E,Violence and sexual offences,Status update unavailable,
57d6132be3ded343d99630d059e63061078685486d6e7d852ee9c77f1799cba2,2023-06,North Wales Police,North Wales Police,-3.460427,53.313463,On or near Maes Y Parc,W01000229,Denbighshire 017E,Violence and sexual offences,Court result unavailable,
8a93dc0cd3adab1564cf3b9518e0dbeb53ae99354fe306f5bb97cab075c9d804,2023-06,North Wales Police,North Wales Police,-3.460427,53.313463,On or near Maes Y Parc,W01000229,Denbighshire 017E,Other crime,Court result unavailable,
,2023-06,North Wales Police,North Wales Police,-3.477798,53.312269,On or near Meirion Close,W01000230,Denbighshire 017F,Anti-social behaviour,,
,2023-06,North Wales Police,North Wales Police,-3.476553,53.312284,On or near Gareth Close,W01000230,Denbighshire 017F,Anti-social behaviour,,
,2023-06,North Wales Police,North Wales Police,-3.477798,53.312269,On or near Meirion Close,W01000230,Denbighshire 017F,Anti-social behaviour,,
,2023-06,North Wales Police,North Wales Police,-3.477798,53.312269,On or near Meirion Close,W01000230,Denbighshire 017F,Anti-social behaviour,,
,2023-06,North Wales Police,North Wales Police,-3.478433,53.311101,On or near Ascot Drive,W01000230,Denbighshire 017F,Anti-social behaviour,,
50675a354ad3913cec5e8a00eb3d2f700527b0212d7f67e1fe9d405dfeb8b9cd,2023-06,North Wales Police,North Wales Police,-3.476553,53.312284,On or near Gareth Close,W01000230,Denbighshire 017F,Criminal damage and arson,Investigation complete; no suspect identified,
a9d48517b3b860e41c048d9d2ea7eb2693beab1dcfbe7bcfd1d93c94f4cc644b,2023-06,North Wales Police,North Wales Police,-3.477798,53.312269,On or near Meirion Close,W01000230,Denbighshire 017F,Criminal damage and arson,Unable to prosecute suspect,
91f38b1aff7c6e86af36fe5d477adaae90a28cd059261fd47ef84a09d253fe5e,2023-06,North Wales Police,North Wales Police,-3.477798,53.312269,On or near Meirion Close,W01000230,Denbighshire 017F,Public order,Unable to prosecute suspect,
b999311bd33de686610f1d405619a8143a69b25e6a7c45909e040445d58825b1,2023-06,North Wales Police,North Wales Police,-3.474209,53.310479,On or near Tower Court,W01000230,Denbighshire 017F,Public order,Unable to prosecute suspect,
801b1e8feb152beb662b004f49245ac36236ec9db4697a5ff1638e32ebeea5c2,2023-06,North Wales Police,North Wales Police,-3.470714,53.307484,On or near Epworth Road,W01000230,Denbighshire 017F,Violence and sexual offences,Unable to prosecute suspect,
e12cb0e1f6e60c97023e704e84729e407176b99d1683d3079e875131cd1a84c6,2023-06,North Wales Police,North Wales Police,-3.477798,53.312269,On or near Meirion Close,W01000230,Denbighshire 017F,Violence and sexual offences,Unable to prosecute suspect,
c7f3c8c367dc8cc0ec2cfbb39d31d1d0b33855397d6f7ad1ee940f6ea736bfb3,2023-06,North Wales Police,North Wales Police,-3.476137,53.309368,On or near Viola Avenue,W01000230,Denbighshire 017F,Violence and sexual offences,Investigation complete; no suspect identified,
a5a59d205fe19cd01e6a6e0b489c4c8e007de8929a5bc125479c8669b4266192,2023-06,North Wales Police,North Wales Police,-3.477798,53.312269,On or near Meirion Close,W01000230,Denbighshire 017F,Violence and sexual offences,Unable to prosecute suspect,
717f51f4c673e3df163c0a8db9724d62c06a0de1e32bc1e63905a2632cca6703,2023-06,North Wales Police,North Wales Police,-3.477798,53.312269,On or near Meirion Close,W01000230,Denbighshire 017F,Violence and sexual offences,Unable to prosecute suspect,
2ebd7b776031b81f720877650e4b1c6109714b75a3634d452f46a5213e0a7614,2023-06,North Wales Police,North Wales Police,-3.477798,53.312269,On or near Meirion Close,W01000230,Denbighshire 017F,Violence and sexual offences,Formal action is not in the public interest,
aae2143ef9e08e7a3cf056b7ca97de1f5b7fdaff799a19212899adccbe7da0e8,2023-06,North Wales Police,North Wales Police,-3.475271,53.312120,On or near St Mary'S Drive,W01000230,Denbighshire 017F,Violence and sexual offences,Unable to prosecute suspect,
bf40181edb7f640e72c2c8b7b1ca4d889113ce0e4156b4bd0fd034102044d941,2023-06,North Wales Police,North Wales Police,-3.476553,53.312284,On or near Gareth Close,W01000230,Denbighshire 017F,Violence and sexual offences,Unable to prosecute suspect,
417f12d4c9d1b145bfc88a4e26eec262915e31ecb01e1acbb318fa6a69c0ad03,2023-06,North Wales Police,North Wales Police,-3.477798,53.312269,On or near Meirion Close,W01000230,Denbighshire 017F,Violence and sexual offences,Unable to prosecute suspect,
0ab0cfe566229fea468f6c56177424fd2471b37d363af67917082204ea0f67a5,2023-06,North Wales Police,North Wales Police,-3.472992,53.312166,On or near Donald Avenue,W01000230,Denbighshire 017F,Violence and sexual offences,Unable to prosecute suspect,
da72598cc0a1fa6026319bde2ded261c67384b2b631d52c5c843b830097de992,2023-06,North Wales Police,North Wales Police,-3.474884,53.313078,On or near St Margaret'S Drive,W01000230,Denbighshire 017F,Violence and sexual offences,Unable to prosecute suspect,
ac735cce36dca5d4dba002ce78dbdb96b76d835cc423d1b4210129a22e39086b,2023-06,North Wales Police,North Wales Police,-3.472992,53.312166,On or near Donald Avenue,W01000230,Denbighshire 017F,Violence and sexual offences,Status update unavailable,
25bdcb349608ae87d0bc96688b3d6290334929b07b710e7f42ba5032dea9e474,2023-06,North Wales Police,North Wales Police,-3.477798,53.312269,On or near Meirion Close,W01000230,Denbighshire 017F,Violence and sexual offences,Unable to prosecute suspect,
6d555a5a1ef37d67abc9110bc1a23ed8fce460e7941c958e56575ac227e4be57,2023-06,North Wales Police,North Wales Police,-3.476553,53.312284,On or near Gareth Close,W01000230,Denbighshire 017F,Violence and sexual offences,Unable to prosecute suspect,
165ccaee01791eff85cbeeb02e5dc06d3bfce60323670153806354f76f647795,2023-06,North Wales Police,North Wales Police,-3.474209,53.310479,On or near Tower Court,W01000230,Denbighshire 017F,Violence and sexual offences,Unable to prosecute suspect,
30f17d071e21ad0e162adc9682041fb38c0d444a54d2568631e9e7d9568f8046,2023-06,North Wales Police,North Wales Police,-3.456484,53.317556,On or near Ffordd Aberkinsey,W01000234,Denbighshire 017G,Violence and sexual offences,Investigation complete; no suspect identified,
,2023-06,North Wales Police,North Wales Police,-3.456484,53.317556,On or near Ffordd Aberkinsey,W01000234,Denbighshire 017G,Anti-social behaviour,,
,2023-06,North Wales Police,North Wales Police,-3.463395,53.312905,On or near Howell Drive,W01000234,Denbighshire 017G,Anti-social behaviour,,
0aa9dec7f3c6f6f2e08ea96b55c8f78ec2f864e240518d1dd63e6a28d3547349,2023-06,North Wales Police,North Wales Police,-3.466485,53.315033,On or near Trellewelyn Close,W01000234,Denbighshire 017G,Criminal damage and arson,Investigation complete; no suspect identified,
eb407029bbe6cad3bb3c00a847eb34317dfe78f0b7819c55e6489627d846e64f,2023-06,North Wales Police,North Wales Police,-3.461191,53.313867,On or near Bro Deg,W01000234,Denbighshire 017G,Criminal damage and arson,Unable to prosecute suspect,
837ba39935cd0b0876144cab952fd056a727d86f75cdad95635222306ea5c648,2023-06,North Wales Police,North Wales Police,-3.463560,53.315096,On or near Llewelyn Court,W01000234,Denbighshire 017G,Violence and sexual offences,Action to be taken by another organisation,
f0d0b9bd4fc6776d282e7a90477e20777783194bdefc4147777dfc91d84d1f0a,2023-06,North Wales Police,North Wales Police,-3.460470,53.316482,On or near Rhodfa Maes Hir,W01000234,Denbighshire 017G,Violence and sexual offences,Unable to prosecute suspect,
cea568660923ec2483dbc211a37749eb7a8b6d62b41a320ceb96b11e8eebdd4a,2023-06,North Wales Police,North Wales Police,-3.466485,53.315033,On or near Trellewelyn Close,W01000234,Denbighshire 017G,Violence and sexual offences,Unable to prosecute suspect,
e6650dc21928d021af3eb3807588c52127050d03a021994321e352ac7d02ccae,2023-06,North Wales Police,North Wales Police,-3.318368,53.352450,On or near Willow Grove,W01000287,Flintshire 001A,Public order,Offender given a caution,
,2023-06,North Wales Police,North Wales Police,-3.319779,53.349495,On or near Corbett Avenue,W01000287,Flintshire 001A,Anti-social behaviour,,
,2023-06,North Wales Police,North Wales Police,-3.294452,53.328243,On or near Well Lane,W01000287,Flintshire 001A,Anti-social behaviour,,
,2023-06,North Wales Police,North Wales Police,-3.294452,53.328243,On or near Well Lane,W01000287,Flintshire 001A,Anti-social behaviour,,
,2023-06,North Wales Police,North Wales Police,-3.306649,53.326411,On or near Rhewl Fawr Road,W01000287,Flintshire 001A,Anti-social behaviour,,
,2023-06,North Wales Police,North Wales Police,-3.294452,53.328243,On or near Well Lane,W01000287,Flintshire 001A,Anti-social behaviour,,
,2023-06,North Wales Police,North Wales Police,-3.338562,53.347704,On or near Park/Open Space,W01000287,Flintshire 001A,Anti-social behaviour,,
,2023-06,North Wales Police,North Wales Police,-3.318407,53.350787,On or near Fifth Avenue,W01000287,Flintshire 001A,Anti-social behaviour,,
,2023-06,North Wales Police,North Wales Police,-3.302222,53.332051,On or near Sports/Recreation Area,W01000287,Flintshire 001A,Anti-social behaviour,,
,2023-06,North Wales Police,North Wales Police,-3.306341,53.327125,On or near Coed Mor,W01000287,Flintshire 001A,Anti-social behaviour,,
e70794edcb80a1da37dd5ea7db7a53960d198735f0b48759b21342c1acb89cd9,2023-06,North Wales Police,North Wales Police,-3.304595,53.327486,On or near Maes Y Wennol,W01000287,Flintshire 001A,Criminal damage and arson,Investigation complete; no suspect identified,
29614c4fd9922c9a572b1e64ec856d232c4fadda1e6c81cfdf9e49b0c4e1e405,2023-06,North Wales Police,North Wales Police,-3.338562,53.347704,On or near Park/Open Space,W01000287,Flintshire 001A,Criminal damage and arson,Unable to prosecute suspect,
b076a4f2f4824f1e98253365808c9fda70cab16926f006ca561059152c7a2bb8,2023-06,North Wales Police,North Wales Police,-3.304262,53.325925,On or near Maes Emlyn,W01000287,Flintshire 001A,Drugs,Local resolution,
d04f1cb96256d7dd5ca5e3372d2f60492ac25e6617006014927a46b868df2bf8,2023-06,North Wales Police,North Wales Police,-3.308914,53.330270,On or near Glasdir,W01000287,Flintshire 001A,Drugs,Status update unavailable,
a7127908d017d9a005c667046fc69058e7f08f6370aacbb6cf02f8b0a2873c70,2023-06,North Wales Police,North Wales Police,-3.338562,53.347704,On or near Park/Open Space,W01000287,Flintshire 001A,Other theft,Investigation complete; no suspect identified,
8147117c9b0c55d330b7c12d6b74d5ec6bf8f428df70eec6974c784c15684a82,2023-06,North Wales Police,North Wales Police,-3.306649,53.326411,On or near Rhewl Fawr Road,W01000287,Flintshire 001A,Other theft,Unable to prosecute suspect,
fd3031cf416034de73f0f034c1571e4f5d77a5fd52b6b02db93402611accf459,2023-06,North Wales Police,North Wales Police,-3.338562,53.347704,On or near Park/Open Space,W01000287,Flintshire 001A,Possession of weapons,Court result unavailable,
432511adaa3886d60ee3f1bb0c6049afd4a5f4f900947ab3cfc6d8be25ebb95d,2023-06,North Wales Police,North Wales Police,-3.306649,53.326411,On or near Rhewl Fawr Road,W01000287,Flintshire 001A,Public order,Court result unavailable,
f19af406f7c2bcb0df454343c61cc9e9d1e7cf3f1f5416ef1f40ed1ea0d9bf6d,2023-06,North Wales Police,North Wales Police,-3.338562,53.347704,On or near Park/Open Space,W01000287,Flintshire 001A,Public order,Unable to prosecute suspect,
005f8f5c68b63e2a142ccbb573fd1228c4ee178e2ca1123709b7137bdab69ad8,2023-06,North Wales Police,North Wales Police,-3.294452,53.328243,On or near Well Lane,W01000287,Flintshire 001A,Public order,Investigation complete; no suspect identified,
55e355a8ee59968c5bafd38583a4f7a07b0fa64442617cbb37a95b0b8db31f8b,2023-06,North Wales Police,North Wales Police,-3.338562,53.347704,On or near Park/Open Space,W01000287,Flintshire 001A,Shoplifting,Investigation complete; no suspect identified,
521e651652086a9554e2804a2891e21a687411eedd376344ac313c0707aa8e6f,2023-06,North Wales Police,North Wales Police,-3.338562,53.347704,On or near Park/Open Space,W01000287,Flintshire 001A,Shoplifting,Court result unavailable,
ba4a002490a8281b5ada163d1628ce39208f55cd1287e822ce932e64e9c9d0b4,2023-06,North Wales Police,North Wales Police,-3.331178,53.341188,On or near Station Road,W01000287,Flintshire 001A,Violence and sexual offences,Unable to prosecute suspect,
b7f97ad711c281dbd586b30b6bbff012418bafa2bfb5187866db38398c2913a5,2023-06,North Wales Police,North Wales Police,-3.338562,53.347704,On or near Park/Open Space,W01000287,Flintshire 001A,Violence and sexual offences,Court result unavailable,
90b202e83ca312bdbb46d7259ece37a191ad4a1d8b6417edf41cf156f29de4c8,2023-06,North Wales Police,North Wales Police,-3.306649,53.326411,On or near Rhewl Fawr Road,W01000287,Flintshire 001A,Violence and sexual offences,Investigation complete; no suspect identified,
f9781298fd4f476ec4943a6a0d261fa761d0b1921ba241f03494dd1c83f323b7,2023-06,North Wales Police,North Wales Police,-3.338562,53.347704,On or near Park/Open Space,W01000287,Flintshire 001A,Violence and sexual offences,Unable to prosecute suspect,
7959fee535c315cd2a9b4fc7d1c619a95d8e5189c73281a063f30b599837fb9e,2023-06,North Wales Police,North Wales Police,-3.338562,53.347704,On or near Park/Open Space,W01000287,Flintshire 001A,Violence and sexual offences,Unable to prosecute suspect,
acd764618f8cbfdec7de8315340b80234f68092dd3f8956af63fdad6d1f2614e,2023-06,North Wales Police,North Wales Police,-3.306649,53.326411,On or near Rhewl Fawr Road,W01000287,Flintshire 001A,Violence and sexual offences,Unable to prosecute suspect,
af2885169daf3de57f853c52e26f3b6c2ac1b11fb1c2ec6f909b9cf701fdfe74,2023-06,North Wales Police,North Wales Police,-3.299380,53.330806,On or near Mornant Avenue,W01000287,Flintshire 001A,Violence and sexual offences,Unable to prosecute suspect,
b49c2ddda4879e6ec0e06aa0eb38540c914aeb65824a8d89326c724242040ac7,2023-06,North Wales Police,North Wales Police,-3.360730,53.337628,On or near Nant-Y-Gro,W01000298,Flintshire 001B,Criminal damage and arson,Unable to prosecute suspect,
a9d01ba41a1ba9c3013561a744a5268518d611d356afed192ede42d8be276b03,2023-06,North Wales Police,North Wales Police,-3.363493,53.338073,On or near Llys Dewi,W01000298,Flintshire 001B,Other theft,Unable to prosecute suspect,
753b5ef16e2b1bad860343425387223934cf4b20c0b5d6dddf5c3d4bd45b81dc,2023-06,North Wales Police,North Wales Police,-3.363493,53.338073,On or near Llys Dewi,W01000298,Flintshire 001B,Other theft,Investigation complete; no suspect identified,
6b7519f807f46a85b8b0a8b9ab3a35c4e38dcee5a7d4658d7658f92131932287,2023-06,North Wales Police,North Wales Police,-3.360730,53.337628,On or near Nant-Y-Gro,W01000298,Flintshire 001B,Violence and sexual offences,Unable to prosecute suspect,
a302e54366802c3a1d34bff7675c820c13f3187efd1d8b252100c7b341f3d565,2023-06,North Wales Police,North Wales Police,-3.363493,53.338073,On or near Llys Dewi,W01000298,Flintshire 001B,Violence and sexual offences,Status update unavailable,
abcef207482eed2923d95b7c216d83241e374ffc54aff3f6ff085f1064674f9f,2023-06,North Wales Police,North Wales Police,-3.335142,53.336820,On or near Tanrallt Road,W01000298,Flintshire 001B,Violence and sexual offences,Unable to prosecute suspect,
ab6b7596619f1720c8744f1e01078a28eb3b52c693aa8f89722220328cab25e9,2023-06,North Wales Police,North Wales Police,-3.358324,53.336603,On or near Llanasa Road,W01000298,Flintshire 001B,Violence and sexual offences,Unable to prosecute suspect,
0758434f8d1a9f28caec2fb2caa4062efb7a0da309d812a1a2b89968121738fc,2023-06,North Wales Police,North Wales Police,-3.360730,53.337628,On or near Nant-Y-Gro,W01000298,Flintshire 001B,Violence and sexual offences,Unable to prosecute suspect,
c7ac26985734308dc18f01cbf0bfc0ab4e42e91795c194a4f4283902b6f17264,2023-06,North Wales Police,North Wales Police,-3.357455,53.336173,On or near Tan Y Marian Close,W01000298,Flintshire 001B,Other crime,Unable to prosecute suspect,
,2023-06,North Wales Police,North Wales Police,-3.326004,53.309954,On or near Cwrt Gwyntog,W01000338,Flintshire 001C,Anti-social behaviour,,
,2023-06,North Wales Police,North Wales Police,-3.358138,53.308523,On or near Bryn Yr Odyn,W01000338,Flintshire 001C,Anti-social behaviour,,
,2023-06,North Wales Police,North Wales Police,-3.326004,53.309954,On or near Cwrt Gwyntog,W01000338,Flintshire 001C,Anti-social behaviour,,
,2023-06,North Wales Police,North Wales Police,-3.324135,53.309220,On or near Crib-Y-Gwynt,W01000338,Flintshire 001C,Anti-social behaviour,,
0aecda71327efa616b3f26645b465abfe4465529ec7522b4ed73e6fdbeb6cd1e,2023-06,North Wales Police,North Wales Police,-3.326004,53.309954,On or near Cwrt Gwyntog,W01000338,Flintshire 001C,Criminal damage and arson,Unable to prosecute suspect,
3dc57f9112657bf24fd17251aaf57ac2a85b57d48d0230742ac605724140d63f,2023-06,North Wales Police,North Wales Police,-3.326004,53.309954,On or near Cwrt Gwyntog,W01000338,Flintshire 001C,Vehicle crime,Investigation complete; no suspect identified,
0c93df24c5fe5f9739788cb0ad0451ce68b73db7623977f9979ec6068c25024a,2023-06,North Wales Police,North Wales Police,-3.354416,53.304149,On or near Petrol Station,W01000338,Flintshire 001C,Violence and sexual offences,Local resolution,
a4b873ed83069c5100d1030ff6e829da3de452ff9728bc4f2839525e15c85bf3,2023-06,North Wales Police,North Wales Police,-3.389583,53.321033,On or near Ffordd Penrallt,W01000338,Flintshire 001C,Violence and sexual offences,Unable to prosecute suspect,
dc5d03389db0a92bc26308bce328ccba8dfc77f06af63b87526f0f4562058165,2023-06,North Wales Police,North Wales Police,-3.367439,53.307904,On or near Bron Haul,W01000338,Flintshire 001C,Violence and sexual offences,Action to be taken by another organisation,
317296152cdefd805f3b1c1743fffa0b69413b777373db45d415f08b96fde1ac,2023-06,North Wales Police,North Wales Police,-3.367439,53.307904,On or near Bron Haul,W01000338,Flintshire 001C,Violence and sexual offences,Action to be taken by another organisation,
5b34b546953ceea146eb24c45937d0124c0c89ea595e2af9f46640fd0f6b5f3c,2023-06,North Wales Police,North Wales Police,-3.235472,53.278906,On or near Bryn Dyffryn,W01000306,Flintshire 002A,Violence and sexual offences,Unable to prosecute suspect,
,2023-06,North Wales Police,North Wales Police,-3.237807,53.279763,On or near Springfields,W01000306,Flintshire 002A,Anti-social behaviour,,
,2023-06,North Wales Police,North Wales Police,-3.234468,53.279977,On or near Meadowbank,W01000306,Flintshire 002A,Anti-social behaviour,,
,2023-06,North Wales Police,North Wales Police,-3.237070,53.280220,On or near Moorfields,W01000306,Flintshire 002A,Anti-social behaviour,,
,2023-06,North Wales Police,North Wales Police,-3.237070,53.280220,On or near Moorfields,W01000306,Flintshire 002A,Anti-social behaviour,,
,2023-06,North Wales Police,North Wales Police,-3.235472,53.278906,On or near Bryn Dyffryn,W01000306,Flintshire 002A,Anti-social behaviour,,
,2023-06,North Wales Police,North Wales Police,-3.234468,53.279977,On or near Meadowbank,W01000306,Flintshire 002A,Anti-social behaviour,,
,2023-06,North Wales Police,North Wales Police,-3.235472,53.278906,On or near Bryn Dyffryn,W01000306,Flintshire 002A,Anti-social behaviour,,
,2023-06,North Wales Police,North Wales Police,-3.238173,53.282042,On or near Nant Eos,W01000306,Flintshire 002A,Anti-social behaviour,,
,2023-06,North Wales Police,North Wales Police,-3.235472,53.278906,On or near Bryn Dyffryn,W01000306,Flintshire 002A,Anti-social behaviour,,
,2023-06,North Wales Police,North Wales Police,-3.240263,53.281176,On or near Ffordd Beuno,W01000306,Flintshire 002A,Anti-social behaviour,,
,2023-06,North Wales Police,North Wales Police,-3.239580,53.279861,On or near Moor Avenue,W01000306,Flintshire 002A,Anti-social behaviour,,
,2023-06,North Wales Police,North Wales Police,-3.238425,53.280404,On or near Moor Lane,W01000306,Flintshire 002A,Anti-social behaviour,,
,2023-06,North Wales Police,North Wales Police,-3.208558,53.261420,On or near Petrol Station,W01000306,Flintshire 002A,Anti-social behaviour,,
f7ec1acf5f993bd87f8f6566f431b331fc37b0abb8e581dd46607274ff73f857,2023-06,North Wales Police,North Wales Police,-3.234468,53.279977,On or near Meadowbank,W01000306,Flintshire 002A,Burglary,Unable to prosecute suspect,
5ecff9a951ae72ae4b5cb01eabaed2f330527c1864f9166716c76255a834d312,2023-06,North Wales Police,North Wales Police,-3.237070,53.280220,On or near Moorfields,W01000306,Flintshire 002A,Criminal damage and arson,Unable to prosecute suspect,
75d146ca9ccccf819e9f0ee632b57fd402c457d8480c72f060228bae600221a8,2023-06,North Wales Police,North Wales Police,-3.238425,53.280404,On or near Moor Lane,W01000306,Flintshire 002A,Criminal damage and arson,Investigation complete; no suspect identified,
5c713adae8d5c0e8ede9d8049e06c9af8d636d48f4706906016e59e7ea23b035,2023-06,North Wales Police,North Wales Police,-3.237070,53.280220,On or near Moorfields,W01000306,Flintshire 002A,Criminal damage and arson,Unable to prosecute suspect,
c0f9494ccec99cdafcb1a19dcb8029a7633f98aa0221a48fba44fc04948645a8,2023-06,North Wales Police,North Wales Police,-3.215993,53.266863,On or near Yr Aber,W01000306,Flintshire 002A,Criminal damage and arson,Unable to prosecute suspect,
b957c22fe0353223655ffcf3782e637b9c2a555a30cb2d9fd08a58f74d111259,2023-06,North Wales Police,North Wales Police,-3.234468,53.279977,On or near Meadowbank,W01000306,Flintshire 002A,Criminal damage and arson,Unable to prosecute suspect,
0f3912d3137acf7de072d8eba32574b3381ddfbcfa5bd6ad3cfd2d12a33a5482,2023-06,North Wales Police,North Wales Police,-3.208558,53.261420,On or near Petrol Station,W01000306,Flintshire 002A,Other theft,Investigation complete; no suspect identified,
3dd37696dab11d8d906970fa229769153b8e4aa0ee64b3ca5d10d4ea998b487e,2023-06,North Wales Police,North Wales Police,-3.208558,53.261420,On or near Petrol Station,W01000306,Flintshire 002A,Other theft,Investigation complete; no suspect identified,
983e0ad8b8c8e387561c7ebcab830071dedd58bcac8ca9b1de4b2a025f0b6395,2023-06,North Wales Police,North Wales Police,-3.241103,53.279437,On or near Petrol Station,W01000306,Flintshire 002A,Other theft,Investigation complete; no suspect identified,
c68eb730dbf41d3945bec43919c52e99529e1f27e9f8276fa054e21ab2f20fbe,2023-06,North Wales Police,North Wales Police,-3.230124,53.275456,On or near Bryn Aber,W01000306,Flintshire 002A,Public order,Unable to prosecute suspect,
254d570fc3e14bd3f5db3041830e10abba07fad14b9f1b33dc35e2822eb9dc39,2023-06,North Wales Police,North Wales Police,-3.241103,53.279437,On or near Petrol Station,W01000306,Flintshire 002A,Public order,Investigation complete; no suspect identified,
946a3998e63124a6fda5f51a5e5154d7bdc6717f71f477021e6cce1b55e981a8,2023-06,North Wales Police,North Wales Police,-3.215446,53.266069,On or near Halkyn Road,W01000306,Flintshire 002A,Shoplifting,Investigation complete; no suspect identified,
277b8deb2f4e2d3c305d13714070c2ff3dfa97be49f305c28f3f7b21b3eedbc2,2023-06,North Wales Police,North Wales Police,-3.237807,53.279763,On or near Springfields,W01000306,Flintshire 002A,Vehicle crime,Unable to prosecute suspect,
48655d87911cd73358b494900e843d3dce58ae6ee9987172cc367447eecc28c6,2023-06,North Wales Police,North Wales Police,-3.237070,53.280220,On or near Moorfields,W01000306,Flintshire 002A,Violence and sexual offences,Unable to prosecute suspect,
7ec0d67941e27f90b5f8b6106f4229541efb4b155da6c8bcaa006e4ff7ff6c09,2023-06,North Wales Police,North Wales Police,-3.235472,53.278906,On or near Bryn Dyffryn,W01000306,Flintshire 002A,Violence and sexual offences,Status update unavailable,
7eee31f67937fca5ef7ffc8eacf69cd5a26592eb672da7eca1f17b179dd70218,2023-06,North Wales Police,North Wales Police,-3.235472,53.278906,On or near Bryn Dyffryn,W01000306,Flintshire 002A,Violence and sexual offences,Unable to prosecute suspect,
2c1a61f7d4e9ec8279e39373120d45ca5ba92e78312482002bdd49f05c03c017,2023-06,North Wales Police,North Wales Police,-3.237070,53.280220,On or near Moorfields,W01000306,Flintshire 002A,Violence and sexual offences,Investigation complete; no suspect identified,
a723331c0d108ae4be123bb660af0d4f8c68af857695bc6ebada2fdb28471776,2023-06,North Wales Police,North Wales Police,-3.217637,53.266684,On or near Cae'R Fron,W01000306,Flintshire 002A,Violence and sexual offences,Action to be taken by another organisation,
c6642b84660df5ed94db6ca651b401eb9f79e5572db2b64d765f5c7dcaa30a5f,2023-06,North Wales Police,North Wales Police,-3.237070,53.280220,On or near Moorfields,W01000306,Flintshire 002A,Violence and sexual offences,Unable to prosecute suspect,
79cb3e261ab17cac792dd2dea119d958fb3ebfe8fee32c8af53dc433b98b7545,2023-06,North Wales Police,North Wales Police,-3.237070,53.280220,On or near Moorfields,W01000306,Flintshire 002A,Violence and sexual offences,Unable to prosecute suspect,
4181b4ea63cd88a03f17eacaf0d841b1b2799cd5e00251f7a19d027b68c5a513,2023-06,North Wales Police,North Wales Police,-3.237070,53.280220,On or near Moorfields,W01000306,Flintshire 002A,Violence and sexual offences,Unable to prosecute suspect,
170bb6b8dfebdc9e07a4a8e4e0ee53fcdef148b263a2c780f4114c08a5cb30b8,2023-06,North Wales Police,North Wales Police,-3.237070,53.280220,On or near Moorfields,W01000306,Flintshire 002A,Other crime,Unable to prosecute suspect,
3bffa2cdcebba182f431d511171fae31f94e230b414d002051789134278488f7,2023-06,North Wales Police,North Wales Police,-3.217637,53.266684,On or near Cae'R Fron,W01000306,Flintshire 002A,Other crime,Unable to prosecute suspect,
ff36a3c0dd15c1765e6dbe835221e0863d691d4408c1d8b63e35f0278ab41bd1,2023-06,North Wales Police,North Wales Police,-3.268381,53.313412,On or near Bryn Tirion,W01000320,Flintshire 002B,Violence and sexual offences,Investigation complete; no suspect identified,
,2023-06,North Wales Police,North Wales Police,-3.257886,53.308202,On or near Ffordd Pandarus,W01000320,Flintshire 002B,Anti-social behaviour,,
,2023-06,North Wales Police,North Wales Police,-3.260586,53.308677,On or near Y Dreflan,W01000320,Flintshire 002B,Anti-social behaviour,,
,2023-06,North Wales Police,North Wales Police,-3.269984,53.312820,On or near Maes Alarch,W01000320,Flintshire 002B,Anti-social behaviour,,
,2023-06,North Wales Police,North Wales Police,-3.257886,53.308202,On or near Ffordd Pandarus,W01000320,Flintshire 002B,Anti-social behaviour,,
4af81666eeef1b9730f3e98ff3b7db3d6ebeff871cf9f0eaa2037f420f9896cd,2023-06,North Wales Police,North Wales Police,-3.262862,53.309516,On or near Bodhyfryd,W01000320,Flintshire 002B,Burglary,Investigation complete; no suspect identified,
ce93fd72a290c52e3a1d18513f29d07c6b44b6adb900121865f89ecef1e85c9e,2023-06,North Wales Police,North Wales Police,-3.261273,53.307855,On or near Sports/Recreation Area,W01000320,Flintshire 002B,Criminal damage and arson,Investigation complete; no suspect identified,
e8d2cd0c9a62715ad93253d02273f9f868d3e1e26197300d68552eb8a5decb01,2023-06,North Wales Police,North Wales Police,-3.256242,53.307419,On or near Ygerddi,W01000320,Flintshire 002B,Criminal damage and arson,Investigation complete; no suspect identified,
0166b972af059958e8dd14fe68622fa04e08f658f52f4ff00d2edba771d07c7d,2023-06,North Wales Police,North Wales Police,-3.245526,53.302803,On or near Hafod-Y-Ddol Road,W01000320,Flintshire 002B,Criminal damage and arson,Investigation complete; no suspect identified,
1ff20a06e8fd499b82fb782d2bf37ed789b6ccb7d862a39eb3537302279f111b,2023-06,North Wales Police,North Wales Police,-3.262862,53.309516,On or near Bodhyfryd,W01000320,Flintshire 002B,Public order,Investigation complete; no suspect identified,
e342d1fdec4693e8b036d9d435f4d961d119d62cc247e40b82d3779f52c46d33,2023-06,North Wales Police,North Wales Police,-3.256242,53.307419,On or near Ygerddi,W01000320,Flintshire 002B,Public order,Unable to prosecute suspect,
ec6f8a250beb5a0c6fe76390e0413b018a94d59ad40961b18dc01f28d8d2aab2,2023-06,North Wales Police,North Wales Police,-3.256242,53.307419,On or near Ygerddi,W01000320,Flintshire 002B,Public order,Unable to prosecute suspect,
65fd80d2af491c826a3669930f7ea34c26bfcab7953382d738476f7276481f03,2023-06,North Wales Police,North Wales Police,-3.256242,53.307419,On or near Ygerddi,W01000320,Flintshire 002B,Violence and sexual offences,Unable to prosecute suspect,
4d18ad34f659728af301af849c26dbf02cb3c224458d289f82b6137bd1123d29,2023-06,North Wales Police,North Wales Police,-3.256242,53.307419,On or near Ygerddi,W01000320,Flintshire 002B,Violence and sexual offences,Unable to prosecute suspect,
2fa6d10954f785c8b38ddef45ee444cae5cd47b8c1e8f70befbe6cb8944916a6,2023-06,North Wales Police,North Wales Police,-3.256242,53.307419,On or near Ygerddi,W01000320,Flintshire 002B,Violence and sexual offences,Unable to prosecute suspect,
,2023-06,North Wales Police,North Wales Police,-3.265970,53.281157,On or near Carmel Road,W01000340,Flintshire 002C,Anti-social behaviour,,
,2023-06,North Wales Police,North Wales Police,-3.250655,53.280078,On or near Ffordd Neuadd,W01000340,Flintshire 002C,Anti-social behaviour,,
ae98fdfbed31b5fad03fd312949a34412a7f0c2be7813b092a25ac9c83353d49,2023-06,North Wales Police,North Wales Police,-3.305967,53.274074,On or near Petrol Station,W01000340,Flintshire 002C,Other theft,Investigation complete; no suspect identified,
a71b7f02e0a73ff94da36ade374cc0b4d96263017f541cc6fd9acd4d1b64b3fe,2023-06,North Wales Police,North Wales Police,-3.246749,53.280389,On or near Park Drive,W01000340,Flintshire 002C,Vehicle crime,Investigation complete; no suspect identified,
0f812b7e09a4d76d4faedbb33a8e2a6d670532a14390fb9d92aa1af36d51849d,2023-06,North Wales Police,North Wales Police,-3.249217,53.281702,On or near Llys-Y-Mor,W01000340,Flintshire 002C,Violence and sexual offences,Unable to prosecute suspect,
9fd96d3a1ef35df52f4c82ab9753808f6161c6a65ff777e1301f6b4d9d3423ab,2023-06,North Wales Police,North Wales Police,-3.249217,53.281702,On or near Llys-Y-Mor,W01000340,Flintshire 002C,Violence and sexual offences,Unable to prosecute suspect,
d0bdf41b46efe4a76c8fd21fc8e3dd2c1ce7776cd7bcf123f7643c193704bb49,2023-06,North Wales Police,North Wales Police,-3.162496,53.263046,On or near Greenacre Drive,W01000253,Flintshire 003A,Criminal damage and arson,Investigation complete; no suspect identified,
3edfcaff1893b0931075617e682f40c97f56ea8fc195d3fd36e58af959e16fdc,2023-06,North Wales Police,North Wales Police,-3.169411,53.263176,On or near Bryn Dyrys,W01000253,Flintshire 003A,Criminal damage and arson,Investigation complete; no suspect identified,
f6fa46db312754f87862fc73edad37b8c6355ab045c52363cc59ee577e4ec3e2,2023-06,North Wales Police,North Wales Police,-3.169622,53.264298,On or near Bron-Y-Wern,W01000253,Flintshire 003A,Violence and sexual offences,Unable to prosecute suspect,
f773cec297706409464498816856c59df6c9049684baba782279657f36a423cb,2023-06,North Wales Police,North Wales Police,-3.166178,53.262255,On or near Vicarage Road,W01000253,Flintshire 003A,Violence and sexual offences,Unable to prosecute suspect,
,2023-06,North Wales Police,North Wales Police,-3.188475,53.277541,On or near New Brighton Road,W01000254,Flintshire 003B,Anti-social behaviour,,
,2023-06,North Wales Police,North Wales Police,-3.194786,53.279033,On or near Riverbank,W01000254,Flintshire 003B,Anti-social behaviour,,
,2023-06,North Wales Police,North Wales Police,-3.176395,53.271261,On or near Fron Deg,W01000254,Flintshire 003B,Anti-social behaviour,,
,2023-06,North Wales Police,North Wales Police,-3.202369,53.263364,On or near Bus/Coach Station,W01000254,Flintshire 003B,Anti-social behaviour,,
,2023-06,North Wales Police,North Wales Police,-3.189296,53.276850,On or near Tyn Twll Lane,W01000254,Flintshire 003B,Anti-social behaviour,,
d8cdb9bda6d6f8a0bdc8b5e63186f1172eb8a361ab71a4ba4354f9f089fabed1,2023-06,North Wales Police,North Wales Police,-3.171944,53.269183,On or near High Street,W01000254,Flintshire 003B,Other theft,Unable to prosecute suspect,
d61d91fb9da54d46259214ca9bcdbe6deb48d44eb9754748980cbd12ade993ce,2023-06,North Wales Police,North Wales Police,-3.189233,53.276734,On or near Cae'R Ffynnon,W01000254,Flintshire 003B,Public order,Investigation complete; no suspect identified,
accbe2d5766208d4d5571234999c23fd3082d5be6b28d9490e00e92d775269f7,2023-06,North Wales Police,North Wales Police,-3.188475,53.277541,On or near New Brighton Road,W01000254,Flintshire 003B,Violence and sexual offences,Investigation complete; no suspect identified,
eee2ef935f306b10bf4b9b24e5382aaad136984965aaa26c5c75739bc74c7fdf,2023-06,North Wales Police,North Wales Police,-3.183735,53.273157,On or near Park/Open Space,W01000254,Flintshire 003B,Violence and sexual offences,Unable to prosecute suspect,
ac6740fd61ba61a0e35aea85b5f8eaf5bb058202f88c22b4aa16497afd66ef3d,2023-06,North Wales Police,North Wales Police,-3.189296,53.276850,On or near Tyn Twll Lane,W01000254,Flintshire 003B,Violence and sexual offences,Unable to prosecute suspect,
2a09f295b572842775c165140dd625544c10fdae1ea9be324ea80d073c9cb614,2023-06,North Wales Police,North Wales Police,-3.192273,53.280874,On or near Pen Lon,W01000254,Flintshire 003B,Violence and sexual offences,Investigation complete; no suspect identified,
f7b3d914713f8b7d3179abb43fcdd737cbbf47b8441243655c64668b8d942854,2023-06,North Wales Police,North Wales Police,-3.183735,53.273157,On or near Park/Open Space,W01000254,Flintshire 003B,Violence and sexual offences,Court result unavailable,
bbbd080181c94adee71b7ab49efa1682c2078708150467505c320ad528e092be,2023-06,North Wales Police,North Wales Police,-3.167449,53.269299,On or near Bagillt,W01000254,Flintshire 003B,Violence and sexual offences,Offender given a caution,
287322860e73c151f3ab72346d0dccda07148575050dc7b104df261af0ae86de,2023-06,North Wales Police,North Wales Police,-3.201593,53.283765,On or near Clwyd Avenue,W01000296,Flintshire 003C,Public order,Court result unavailable,
,2023-06,North Wales Police,North Wales Police,-3.212567,53.288841,On or near The Close,W01000296,Flintshire 003C,Anti-social behaviour,,
,2023-06,North Wales Police,North Wales Police,-3.210908,53.288022,On or near Greenfield Road,W01000296,Flintshire 003C,Anti-social behaviour,,
1000d29cee0456179036698d38f2eeafb6e59fabb70e97dfaf63268085e6d18f,2023-06,North Wales Police,North Wales Police,-3.204573,53.287322,On or near Cairnton Crescent,W01000296,Flintshire 003C,Criminal damage and arson,Investigation complete; no suspect identified,
e6dbaf07733d1c0d46137d14336225fc3ac0b2fa7e959a317792cdec0dd61d94,2023-06,North Wales Police,North Wales Police,-3.206696,53.290797,On or near Station Road,W01000296,Flintshire 003C,Criminal damage and arson,Investigation complete; no suspect identified,
4e6c8ffd080f90c4e806acf93b4abcfd7cb45ab08bcd6e4a58ad7f362098bcb8,2023-06,North Wales Police,North Wales Police,-3.198820,53.288494,On or near Bus/Coach Station,W01000296,Flintshire 003C,Other theft,Investigation complete; no suspect identified,
b91841312e7c282d8e7ca209ad91f9196c319f7ddfae454115f8a1d19cf6f03b,2023-06,North Wales Police,North Wales Police,-3.213149,53.289275,On or near Fulbrooke,W01000296,Flintshire 003C,Other theft,Investigation complete; no suspect identified,
d37dd2e629bebf39dc7a801ef85258e25c2979ea3f9ab920bcabb903c90a4dba,2023-06,North Wales Police,North Wales Police,-3.210244,53.287858,On or near Parking Area,W01000296,Flintshire 003C,Public order,Unable to prosecute suspect,
d9fa65c12b04fd8f4a56840f2b9593428bd57500b46cf837188dfbbad8f25773,2023-06,North Wales Police,North Wales Police,-3.204573,53.287322,On or near Cairnton Crescent,W01000296,Flintshire 003C,Vehicle crime,Investigation complete; no suspect identified,
db81b7dc3973f8e6278900c36025ba5e9cb04057817dbcbfa12646110f085e51,2023-06,North Wales Police,North Wales Police,-3.201593,53.283765,On or near Clwyd Avenue,W01000296,Flintshire 003C,Violence and sexual offences,Unable to prosecute suspect,
417ac7818d0aafebaa435282cf6b47940dfa5b83978a175064678e6b75248031,2023-06,North Wales Police,North Wales Police,-3.214883,53.289581,On or near Groesffordd,W01000296,Flintshire 003C,Violence and sexual offences,Unable to prosecute suspect,
3337f7ae4b11004ca39e7190699ae2137967fd56ae02e624159ea4d8ee838158,2023-06,North Wales Police,North Wales Police,-3.214183,53.288195,On or near Park Hall Road,W01000296,Flintshire 003C,Violence and sexual offences,Action to be taken by another organisation,
2f91f479038807d796ab89a5b261a1b9a798dfe24b805a9de9b1cff6c905bb4d,2023-06,North Wales Police,North Wales Police,-3.215442,53.289207,On or near Queen'S Road,W01000296,Flintshire 003C,Violence and sexual offences,Unable to prosecute suspect,
71257b015cef1d316e0d73bf114c6e2be495f4d9a40239ccbf9173de5c0e810e,2023-06,North Wales Police,North Wales Police,-3.201593,53.283765,On or near Clwyd Avenue,W01000296,Flintshire 003C,Violence and sexual offences,Court result unavailable,
8c18b455a44a6e7b757247508e2175f07a0f64dc8b67a0ef792ccdc8a40af90a,2023-06,North Wales Police,North Wales Police,-3.201593,53.283765,On or near Clwyd Avenue,W01000296,Flintshire 003C,Violence and sexual offences,Unable to prosecute suspect,
ab3c4d40eeeca48c0ce629a852894d8cffb31778007b820251b64cb76661e30c,2023-06,North Wales Police,North Wales Police,-3.211832,53.290439,On or near Englefield Road,W01000296,Flintshire 003C,Violence and sexual offences,Unable to prosecute suspect,
ed814c443f7ed64a2a1b132f2273cd5b3c24bca2fe747297570cd2afeacb7989,2023-06,North Wales Police,North Wales Police,-3.212230,53.287550,On or near Llys Eglwys,W01000296,Flintshire 003C,Violence and sexual offences,Investigation complete; no suspect identified,
85250ccc0b8d95d9c8c83d66c38c41474b26db0a4a14ab3ed1d7301b5763e808,2023-06,North Wales Police,North Wales Police,-3.213149,53.289275,On or near Fulbrooke,W01000296,Flintshire 003C,Violence and sexual offences,Unable to prosecute suspect,
13c590fa1cfb59d06022a6949f6ebb545be4f8467e32564b388dd4db9fa52cdb,2023-06,North Wales Police,North Wales Police,-3.211832,53.290439,On or near Englefield Road,W01000296,Flintshire 003C,Violence and sexual offences,Unable to prosecute suspect,
3110d4ee1c0d727310429524d67bc59d25bb90d95ead3f55b3599c8220fafa7d,2023-06,North Wales Police,North Wales Police,-3.213149,53.289275,On or near Fulbrooke,W01000296,Flintshire 003C,Violence and sexual offences,Unable to prosecute suspect,
fcd78016679985092aa0015cb721e71aba2c8140d004c19bdc5072b32f3dc51d,2023-06,North Wales Police,North Wales Police,-3.211832,53.290439,On or near Englefield Road,W01000296,Flintshire 003C,Violence and sexual offences,Unable to prosecute suspect,
f433e33fba447f0fe73267a55e840aad4903dfcba72845f6b4b6fa06c7a9339f,2023-06,North Wales Police,North Wales Police,-3.214183,53.288195,On or near Park Hall Road,W01000296,Flintshire 003C,Violence and sexual offences,Investigation complete; no suspect identified,
8ebc18da29de849303e5eafaf32b155a1d00fe13cffdc9b7f0358fc144e13c20,2023-06,North Wales Police,North Wales Police,-3.213149,53.289275,On or near Fulbrooke,W01000296,Flintshire 003C,Other crime,Court result unavailable,
e027bbc4e63116c40493f638a0e743265ebb096143590fe0367180533c8afe95,2023-06,North Wales Police,North Wales Police,-3.213342,53.287738,On or near Sports/Recreation Area,W01000296,Flintshire 003C,Other crime,Status update unavailable,
ba0cb2525115ea7e0cea0ac42f110f06d89156537a7dda6db52f7afd2edb1b81,2023-06,North Wales Police,North Wales Police,-3.213342,53.287738,On or near Sports/Recreation Area,W01000296,Flintshire 003C,Other crime,Further investigation is not in the public interest,
,2023-06,North Wales Police,North Wales Police,-3.216737,53.285149,On or near Cae Gwenith,W01000297,Flintshire 003D,Anti-social behaviour,,
,2023-06,North Wales Police,North Wales Police,-3.216034,53.285731,On or near Maes-Y-Dyffryn,W01000297,Flintshire 003D,Anti-social behaviour,,
7ce8da08115361d846c50d9e1416761cd13e455206dba26dd1ebdd5054ac63e6,2023-06,North Wales Police,North Wales Police,-3.220765,53.285404,On or near Tros-Yr-Aber,W01000297,Flintshire 003D,Public order,Unable to prosecute suspect,
2e5de929efa22cad6ce454d28e4c5450fc58de50ce3033533d5b464a325eb1a4,2023-06,North Wales Police,North Wales Police,-3.216034,53.285731,On or near Maes-Y-Dyffryn,W01000297,Flintshire 003D,Violence and sexual offences,Court result unavailable,
970fd89509b9d05a1b82a1116abde92265509dd31cd396c6876bb0b7c818ee85,2023-06,North Wales Police,North Wales Police,-3.216737,53.285149,On or near Cae Gwenith,W01000297,Flintshire 003D,Violence and sexual offences,Unable to prosecute suspect,
77924d0ec71e8c0ea828e9a308c266528287bf73d4dab3a568249390d689f1f9,2023-06,North Wales Police,North Wales Police,-3.222165,53.274558,On or near Ffordd St Gregoire,W01000304,Flintshire 003E,Shoplifting,Court result unavailable,
96109956163eb84396b9bdefdb4d6027440a0b608e4728ae924ccace048ebcd6,2023-06,North Wales Police,North Wales Police,-3.215364,53.277468,On or near Sports/Recreation Area,W01000304,Flintshire 003E,Violence and sexual offences,Further investigation is not in the public interest,
8d4792d87ac0c487dcad889c8183270e19a2cd7215c08a27fe65d5d607e7a8a5,2023-06,North Wales Police,North Wales Police,-3.217302,53.279147,On or near Bryn-Y-Coed,W01000304,Flintshire 003E,Violence and sexual offences,Unable to prosecute suspect,
,2023-06,North Wales Police,North Wales Police,-3.217308,53.278832,On or near Bro Dirion,W01000304,Flintshire 003E,Anti-social behaviour,,
,2023-06,North Wales Police,North Wales Police,-3.222165,53.274558,On or near Ffordd St Gregoire,W01000304,Flintshire 003E,Anti-social behaviour,,
,2023-06,North Wales Police,North Wales Police,-3.222188,53.274297,On or near Parking Area,W01000304,Flintshire 003E,Anti-social behaviour,,
,2023-06,North Wales Police,North Wales Police,-3.217308,53.278832,On or near Bro Dirion,W01000304,Flintshire 003E,Anti-social behaviour,,
,2023-06,North Wales Police,North Wales Police,-3.221403,53.271509,On or near Park Lane,W01000304,Flintshire 003E,Anti-social behaviour,,
,2023-06,North Wales Police,North Wales Police,-3.222526,53.272273,On or near Sports/Recreation Area,W01000304,Flintshire 003E,Anti-social behaviour,,
,2023-06,North Wales Police,North Wales Police,-3.220446,53.272643,On or near B5121,W01000304,Flintshire 003E,Anti-social behaviour,,
,2023-06,North Wales Police,North Wales Police,-3.222526,53.272273,On or near Sports/Recreation Area,W01000304,Flintshire 003E,Anti-social behaviour,,
,2023-06,North Wales Police,North Wales Police,-3.222526,53.272273,On or near Sports/Recreation Area,W01000304,Flintshire 003E,Anti-social behaviour,,
,2023-06,North Wales Police,North Wales Police,-3.222526,53.272273,On or near Sports/Recreation Area,W01000304,Flintshire 003E,Anti-social behaviour,,
,2023-06,North Wales Police,North Wales Police,-3.226097,53.274652,On or near Whitford Street,W01000304,Flintshire 003E,Anti-social behaviour,,
,2023-06,North Wales Police,North Wales Police,-3.222188,53.274297,On or near Parking Area,W01000304,Flintshire 003E,Anti-social behaviour,,
,2023-06,North Wales Police,North Wales Police,-3.228322,53.274854,On or near A5026,W01000304,Flintshire 003E,Anti-social behaviour,,
,2023-06,North Wales Police,North Wales Police,-3.223577,53.276755,On or near Parking Area,W01000304,Flintshire 003E,Anti-social behaviour,,
,2023-06,North Wales Police,North Wales Police,-3.218305,53.278049,On or near Wat'S Dyke Avenue,W01000304,Flintshire 003E,Anti-social behaviour,,
dd52430fd34a827a6ef1d5f8138e99d82423d05aa7de3bcf788267db9bb258a0,2023-06,North Wales Police,North Wales Police,-3.220584,53.278008,On or near Bryn-Y-Felin,W01000304,Flintshire 003E,Burglary,Investigation complete; no suspect identified,
6e2dc8880fb9a3da8537731c8938e7e8c2a66ea79838bb114f0b2fea631a856a,2023-06,North Wales Police,North Wales Police,-3.221818,53.273447,On or near Heol Fawr,W01000304,Flintshire 003E,Criminal damage and arson,Investigation complete; no suspect identified,
acbe5142fb1501cb6b3cbbb4d28f1a93219539a1e0055a11c2f228a7cca0494f,2023-06,North Wales Police,North Wales Police,-3.216561,53.269437,On or near Hospital,W01000304,Flintshire 003E,Criminal damage and arson,Unable to prosecute suspect,
9d0c4b742c2b48d7371b2350a268658be548fed44c5f0ee36d5d8aa74873561a,2023-06,North Wales Police,North Wales Police,-3.219419,53.277148,On or near Bryn Mawr Road,W01000304,Flintshire 003E,Criminal damage and arson,Unable to prosecute suspect,
a67ab56e207c1de7ad0727ac69c69ad3894639299fd0feb724ebce636c3e40d9,2023-06,North Wales Police,North Wales Police,-3.223136,53.274440,On or near Well Street,W01000304,Flintshire 003E,Criminal damage and arson,Unable to prosecute suspect,
44435293911c29d3b71e3c6ca582ec5cadd795d82e7e15ddac593463125e8409,2023-06,North Wales Police,North Wales Police,-3.221818,53.273447,On or near Heol Fawr,W01000304,Flintshire 003E,Criminal damage and arson,Unable to prosecute suspect,
53b359cf819299d418de47134fffe8ac92c914be390b277bf897e3ea7ff48cfd,2023-06,North Wales Police,North Wales Police,-3.216561,53.269437,On or near Hospital,W01000304,Flintshire 003E,Criminal damage and arson,Unable to prosecute suspect,
93bd43683b5894d7be8ab01a9856ccd2107ced7c35c180b4023dc92461003848,2023-06,North Wales Police,North Wales Police,-3.220584,53.278008,On or near Bryn-Y-Felin,W01000304,Flintshire 003E,Criminal damage and arson,Investigation complete; no suspect identified,
8de2e4fff7531465be0bd33525998d0d71d5842950fb01e520245fdb6377b241,2023-06,North Wales Police,North Wales Police,-3.221818,53.273447,On or near Heol Fawr,W01000304,Flintshire 003E,Criminal damage and arson,Investigation complete; no suspect identified,
6820fbd30e2fd2b06ce93b402342e176943c058670cd49f0a81f7d85172bba3c,2023-06,North Wales Police,North Wales Police,-3.217585,53.274344,On or near Strand Park,W01000304,Flintshire 003E,Criminal damage and arson,Unable to prosecute suspect,
78b86b155f65249122a5364f149ccd2190ecb7b10d55ae01f5470b8f8db4e54f,2023-06,North Wales Police,North Wales Police,-3.216844,53.275700,On or near Strand Lane,W01000304,Flintshire 003E,Public order,Investigation complete; no suspect identified,
0c7607422e0eb5fc8adf29cd0afbd5fadb061150363b7f1a6146c6e5d3c27705,2023-06,North Wales Police,North Wales Police,-3.222165,53.274558,On or near Ffordd St Gregoire,W01000304,Flintshire 003E,Public order,Local resolution,
443116e4bdf5dc046caf73714a0b436c8590f62397b339eca2407e372f88ffce,2023-06,North Wales Police,North Wales Police,-3.221818,53.273447,On or near Heol Fawr,W01000304,Flintshire 003E,Public order,Court result unavailable,
13c0ce121664fe06de1006844ebcba4e4dbed73e9660c72a26f89dc978d2a4d7,2023-06,North Wales Police,North Wales Police,-3.217585,53.274344,On or near Strand Park,W01000304,Flintshire 003E,Public order,Court result unavailable,
83f4439cd45e654ea3650412625d513a81ba557120784a2fa7ff0cd29f2dd274,2023-06,North Wales Police,North Wales Police,-3.220446,53.272643,On or near B5121,W01000304,Flintshire 003E,Public order,Investigation complete; no suspect identified,
9a2921ca37921263b8b848b1cc385c089b8583e909f741b6765a8e81dc5e9426,2023-06,North Wales Police,North Wales Police,-3.216844,53.275700,On or near Strand Lane,W01000304,Flintshire 003E,Public order,Investigation complete; no suspect identified,
2867c179abed9d6bd4423c3776066a73a8fbb716a820a2e0f6c25459830fa839,2023-06,North Wales Police,North Wales Police,-3.222165,53.274558,On or near Ffordd St Gregoire,W01000304,Flintshire 003E,Shoplifting,Court result unavailable,
a0c101052af442c303fb825dd864865d503b77bd64b1cccfcf0a8c3dbe28fa27,2023-06,North Wales Police,North Wales Police,-3.222165,53.274558,On or near Ffordd St Gregoire,W01000304,Flintshire 003E,Shoplifting,Investigation complete; no suspect identified,
eefeff57a3f351090e34ae7fba666355398228d9f9867debdac5c8c633396346,2023-06,North Wales Police,North Wales Police,-3.222165,53.274558,On or near Ffordd St Gregoire,W01000304,Flintshire 003E,Shoplifting,Court result unavailable,
bf8cd913d8e55190ed18dc2688bfa80a45987e309e0054283a72c00a9d79a233,2023-06,North Wales Police,North Wales Police,-3.224488,53.273455,On or near Pen-Y-Ball Street,W01000304,Flintshire 003E,Shoplifting,Investigation complete; no suspect identified,
ef67cd80dd8f3afb0e1af13c5107456192817b832d687ceee43110b2ae41f781,2023-06,North Wales Police,North Wales Police,-3.222165,53.274558,On or near Ffordd St Gregoire,W01000304,Flintshire 003E,Shoplifting,Unable to prosecute suspect,
ac76670edf6cfec1a14c01646acae74acd4e8bd0f5cbda6d5abd07b7ec76c608,2023-06,North Wales Police,North Wales Police,-3.224488,53.273455,On or near Pen-Y-Ball Street,W01000304,Flintshire 003E,Shoplifting,Status update unavailable,
3c8d2b6e112ea0623c37ff4e5d9a553d8643a605ac054648163a674e46649e57,2023-06,North Wales Police,North Wales Police,-3.224488,53.273455,On or near Pen-Y-Ball Street,W01000304,Flintshire 003E,Shoplifting,Investigation complete; no suspect identified,
504e71f670d0dad1b048c33f40faa45201b1f6c46bf86f5e4c6e0ea09bf33b23,2023-06,North Wales Police,North Wales Police,-3.224488,53.273455,On or near Pen-Y-Ball Street,W01000304,Flintshire 003E,Shoplifting,Status update unavailable,
8b7bcf6c25fba71a5aa3078ec50e86e24fb4c95d2c6766cf3196777b3549e7b8,2023-06,North Wales Police,North Wales Police,-3.224488,53.273455,On or near Pen-Y-Ball Street,W01000304,Flintshire 003E,Shoplifting,Investigation complete; no suspect identified,
4a61540a45fb0dcf917e6108bdd665b3283051de01fab861fbd53d33c3513fba,2023-06,North Wales Police,North Wales Police,-3.226097,53.274652,On or near Whitford Street,W01000304,Flintshire 003E,Vehicle crime,Investigation complete; no suspect identified,
c4d7cd078c6cbc3efc790ef32f8ab271db698a1e4416e3003aed33ae58b37f39,2023-06,North Wales Police,North Wales Police,-3.224820,53.273002,On or near Cae-Mefus,W01000304,Flintshire 003E,Violence and sexual offences,Unable to prosecute suspect,
2ce475e202fce43a8764b34239cdbd51e58f2e8ec982649d52b7effc59944295,2023-06,North Wales Police,North Wales Police,-3.222574,53.276270,On or near The Close,W01000304,Flintshire 003E,Violence and sexual offences,Unable to prosecute suspect,
67298ff05b6ea045105317d64f2b46e892526839210ebd3157f80e6cb4f445ca,2023-06,North Wales Police,North Wales Police,-3.219419,53.277148,On or near Bryn Mawr Road,W01000304,Flintshire 003E,Violence and sexual offences,Action to be taken by another organisation,
fc0f1ee3ee349c504152630257b1533bf4f8ca492844157c795f9d0d861df2fd,2023-06,North Wales Police,North Wales Police,-3.215364,53.277468,On or near Sports/Recreation Area,W01000304,Flintshire 003E,Violence and sexual offences,Investigation complete; no suspect identified,
7da0038efbf4ba3ec1d0296ae42b46ab9e20d52dc61c07d2d9070988222f52db,2023-06,North Wales Police,North Wales Police,-3.216844,53.275700,On or near Strand Lane,W01000304,Flintshire 003E,Violence and sexual offences,Status update unavailable,
f344df1cada411da5cf1ac4494b96083aa3d3f9ec7dba37edc08940e760ccdbb,2023-06,North Wales Police,North Wales Police,-3.219419,53.277148,On or near Bryn Mawr Road,W01000304,Flintshire 003E,Violence and sexual offences,Action to be taken by another organisation,
83686f908debecb36ae24bcee6a925d3bd0035c456f7d1d4bb752333d0c72784,2023-06,North Wales Police,North Wales Police,-3.228322,53.274854,On or near A5026,W01000304,Flintshire 003E,Violence and sexual offences,Unable to prosecute suspect,
caf8eb27ef0025853855513bd8871731356f5e6b0b8674bf10d3c028cdb47b3e,2023-06,North Wales Police,North Wales Police,-3.215364,53.277468,On or near Sports/Recreation Area,W01000304,Flintshire 003E,Violence and sexual offences,Unable to prosecute suspect,
e4763e3625df343a00a02cb92e4409e75f4ae0e259ea0da86bd22feb68602bb3,2023-06,North Wales Police,North Wales Police,-3.218305,53.278049,On or near Wat'S Dyke Avenue,W01000304,Flintshire 003E,Violence and sexual offences,Unable to prosecute suspect,
25c31021a194a0cb58621b6001936e286fd2474de05d6aaf2b0ac40501ce5e94,2023-06,North Wales Police,North Wales Police,-3.223136,53.274440,On or near Well Street,W01000304,Flintshire 003E,Violence and sexual offences,Unable to prosecute suspect,
ffb9a79474db489e464be704a43bd0018f0a9db27b3706450ecd5793db520eaf,2023-06,North Wales Police,North Wales Police,-3.223136,53.274440,On or near Well Street,W01000304,Flintshire 003E,Violence and sexual offences,Unable to prosecute suspect,
ada6987a96f7ad8d18b101c4a24f5d512edcfe6982fc0d4848bb57fb0da888a4,2023-06,North Wales Police,North Wales Police,-3.216844,53.275700,On or near Strand Lane,W01000304,Flintshire 003E,Violence and sexual offences,Unable to prosecute suspect,
a1704035cd1b2918baa839f88d7a78a18d0820c577f04028d447565cd3b0ce33,2023-06,North Wales Police,North Wales Police,-3.215364,53.277468,On or near Sports/Recreation Area,W01000304,Flintshire 003E,Violence and sexual offences,Further investigation is not in the public interest,
abd89d895f427b6abc4798fb213426ba54314c265ab7aea5d1ddcec02277d34f,2023-06,North Wales Police,North Wales Police,-3.217585,53.274344,On or near Strand Park,W01000304,Flintshire 003E,Violence and sexual offences,Unable to prosecute suspect,
76470596adee0dee6c3c320fa2255f12210139e11fc84ccbe38727dfef73770d,2023-06,North Wales Police,North Wales Police,-3.219419,53.277148,On or near Bryn Mawr Road,W01000304,Flintshire 003E,Violence and sexual offences,Action to be taken by another organisation,
19c349c0b884d4742b81267f4152da41f7906d323e228819b758db7a0d1d331c,2023-06,North Wales Police,North Wales Police,-3.217585,53.274344,On or near Strand Park,W01000304,Flintshire 003E,Violence and sexual offences,Court result unavailable,
871ffa2cbf2a51307f0fede4f5512d86a7a551051c18638df7d4821d98d7c7f4,2023-06,North Wales Police,North Wales Police,-3.221818,53.273447,On or near Heol Fawr,W01000304,Flintshire 003E,Violence and sexual offences,Unable to prosecute suspect,
6aa360b34f7d799702227bff2e30ec5e1e65aad46e688798ec3accb43313c7ed,2023-06,North Wales Police,North Wales Police,-3.223136,53.274440,On or near Well Street,W01000304,Flintshire 003E,Violence and sexual offences,Court result unavailable,
7854dce9c3ee67642a0529a293423d9e28989a9c18ed2272a39407d590069b15,2023-06,North Wales Police,North Wales Police,-3.215364,53.277468,On or near Sports/Recreation Area,W01000304,Flintshire 003E,Violence and sexual offences,Unable to prosecute suspect,
e26277b4f8b00c45f16ff7ee7108c35d9efea3217c4f40901776407635e45410,2023-06,North Wales Police,North Wales Police,-3.217585,53.274344,On or near Strand Park,W01000304,Flintshire 003E,Violence and sexual offences,Unable to prosecute suspect,
54609d96c9376deeaf81fac0b3e2ac31c73772d7d4bd0eecf5ab6904a2d3b52c,2023-06,North Wales Police,North Wales Police,-3.217585,53.274344,On or near Strand Park,W01000304,Flintshire 003E,Violence and sexual offences,Investigation complete; no suspect identified,
fcc6e03e5435411bb737101719b9d2213cf57307f9f18f68108317bab38ff6e9,2023-06,North Wales Police,North Wales Police,-3.215364,53.277468,On or near Sports/Recreation Area,W01000304,Flintshire 003E,Other crime,Further investigation is not in the public interest,
4718dd3173c02dea6cf77b2ad9b03d55c1d4b9309a3439c83b2429de554b7bea,2023-06,North Wales Police,North Wales Police,-3.215364,53.277468,On or near Sports/Recreation Area,W01000304,Flintshire 003E,Other crime,Further investigation is not in the public interest,
a121e0e728f81b72ae81de194adead2e9788ec284c27c35cb7c1f1be6abb7aef,2023-06,North Wales Police,North Wales Police,-3.215364,53.277468,On or near Sports/Recreation Area,W01000304,Flintshire 003E,Other crime,Further investigation is not in the public interest,
,2023-06,North Wales Police,North Wales Police,-3.207702,53.276979,On or near Penrhyn,W01000305,Flintshire 003F,Anti-social behaviour,,
,2023-06,North Wales Police,North Wales Police,-3.210707,53.275601,On or near Prince Of Wales Avenue,W01000305,Flintshire 003F,Anti-social behaviour,,
21d52fc58d90e3d3e890d5bb1a018e2abc504b3c932a71cd52a117cc8a97b2f5,2023-06,North Wales Police,North Wales Police,-3.211470,53.276600,On or near Nant Y Coed,W01000305,Flintshire 003F,Criminal damage and arson,Unable to prosecute suspect,
56f9269f4b1236369d8b71adada21b1def233e2f8e1e9a31b5d160962e4789b3,2023-06,North Wales Police,North Wales Police,-3.212957,53.273492,On or near Pen-Y-Maes Gardens,W01000305,Flintshire 003F,Public order,Investigation complete; no suspect identified,
4d705e372e217d60657d5d5b539aa8f3d81ebce8828bbc148de46adb0f3f4eb8,2023-06,North Wales Police,North Wales Police,-3.199019,53.283458,On or near Tir Glas,W01000305,Flintshire 003F,Public order,Court result unavailable,
dba55fbe886a02fd15bd664a7b5d04cd4c20d6aa6d06027dfbddbe7d7917cb31,2023-06,North Wales Police,North Wales Police,-3.199019,53.283458,On or near Tir Glas,W01000305,Flintshire 003F,Public order,Court result unavailable,
7dbcbecca3627b9ff583a218c78fce6140a13f565a3b91b6cb8246f0c23a815b,2023-06,North Wales Police,North Wales Police,-3.212148,53.275649,On or near Abbots Walk,W01000305,Flintshire 003F,Violence and sexual offences,Unable to prosecute suspect,
fbb7632467e5fd9cb9e8ff428dc66c9f73c9ed49674c9a8f9400992a43a1f941,2023-06,North Wales Police,North Wales Police,-3.210707,53.275601,On or near Prince Of Wales Avenue,W01000305,Flintshire 003F,Violence and sexual offences,Investigation complete; no suspect identified,
8035e752f27f5c4c05c2dfbefdedd9b180279c8e2ee4ec4584bd29ed85cefa06,2023-06,North Wales Police,North Wales Police,-3.198864,53.283793,On or near Tir Glas,W01000305,Flintshire 003F,Violence and sexual offences,Unable to prosecute suspect,
a8f748971bd229f5484b0c26568ebe925b8803581429894f1c927f1caab41ef9,2023-06,North Wales Police,North Wales Police,-3.209252,53.276128,On or near Bryn-Y-Gwynt,W01000305,Flintshire 003F,Violence and sexual offences,Unable to prosecute suspect,
1052ea7976d04b548b2e223a3bce7e6c8173fefb2e8f94723e8c3548750b0dde,2023-06,North Wales Police,North Wales Police,-3.199019,53.283458,On or near Tir Glas,W01000305,Flintshire 003F,Violence and sexual offences,Unable to prosecute suspect,
c8a5c5b04ea63be026fb0cfa5b2623e4d5a8211b2ac21619ff72817fa64976d2,2023-06,North Wales Police,North Wales Police,-3.198864,53.283793,On or near Tir Glas,W01000305,Flintshire 003F,Violence and sexual offences,Unable to prosecute suspect,
8a41de1e67b983d1fbda233a6078b1c51621c0c725c9705b9991575f4368495a,2023-06,North Wales Police,North Wales Police,-3.209252,53.276128,On or near Bryn-Y-Gwynt,W01000305,Flintshire 003F,Violence and sexual offences,Unable to prosecute suspect,
85c6217d82f788ffa610dfe7a49f772723039c6ee01ebe91dab161d26151c91f,2023-06,North Wales Police,North Wales Police,-3.209252,53.276128,On or near Bryn-Y-Gwynt,W01000305,Flintshire 003F,Violence and sexual offences,Unable to prosecute suspect,
acc95b303fcbcb427fee3fac71a92be5efee6e345e9f395aa3a75c974521838b,2023-06,North Wales Police,North Wales Police,-3.199019,53.283458,On or near Tir Glas,W01000305,Flintshire 003F,Violence and sexual offences,Court result unavailable,
fdf6b6a22f589e33da1b35a3555528a4c596ff7db334d71779b83f4c6efd1acf,2023-06,North Wales Police,North Wales Police,-3.199019,53.283458,On or near Tir Glas,W01000305,Flintshire 003F,Violence and sexual offences,Unable to prosecute suspect,
c6a87714b58805d9c40965047b11655e990ee2c74c1f18dd69f85acbd8e90391,2023-06,North Wales Police,North Wales Police,-3.210707,53.275601,On or near Prince Of Wales Avenue,W01000305,Flintshire 003F,Violence and sexual offences,Unable to prosecute suspect,
e52fc9da613ab47bff01d50184c05bc27830266885be8131b308d6812cbe9d6f,2023-06,North Wales Police,North Wales Police,-3.198864,53.283793,On or near Tir Glas,W01000305,Flintshire 003F,Violence and sexual offences,Unable to prosecute suspect,
90d1d05d410b900de2136c465042d47faae1f04655aa63d11a4639260892e242,2023-06,North Wales Police,North Wales Police,-3.209252,53.276128,On or near Bryn-Y-Gwynt,W01000305,Flintshire 003F,Other crime,Court result unavailable,
,2023-06,North Wales Police,North Wales Police,-3.133321,53.249447,On or near A548,W01000288,Flintshire 004A,Anti-social behaviour,,
,2023-06,North Wales Police,North Wales Police,-3.131069,53.243635,On or near Maes-Y-Dre Avenue,W01000288,Flintshire 004A,Anti-social behaviour,,
,2023-06,North Wales Police,North Wales Police,-3.132764,53.251628,On or near Lloyd Street,W01000288,Flintshire 004A,Anti-social behaviour,,
,2023-06,North Wales Police,North Wales Police,-3.128298,53.248246,On or near Henry Taylor Street,W01000288,Flintshire 004A,Anti-social behaviour,,
,2023-06,North Wales Police,North Wales Police,-3.135536,53.247620,On or near Chapel Street,W01000288,Flintshire 004A,Anti-social behaviour,,
fe109804e1da9ecc9c4f650294b1e47de3b2ccb2bba96142909b98256108ae63,2023-06,North Wales Police,North Wales Police,-3.133562,53.247225,On or near Barons Close,W01000288,Flintshire 004A,Criminal damage and arson,Court result unavailable,
1908dd4e941c1f597e924b796fea1597e52d6f6bde0fa9156c3b09a6f31859cc,2023-06,North Wales Police,North Wales Police,-3.133179,53.251444,On or near Thomas Street,W01000288,Flintshire 004A,Criminal damage and arson,Unable to prosecute suspect,
2d8f05ab6f9a191a07716d0204ed6ac4f0dbb47e9b4ece31c2157f3e9f000c34,2023-06,North Wales Police,North Wales Police,-3.126990,53.248467,On or near Sports/Recreation Area,W01000288,Flintshire 004A,Criminal damage and arson,Unable to prosecute suspect,
ba0e0c11b40734d637bcd4678e9a1405d63b4b9c6dc210bc59f16646f2b94aa9,2023-06,North Wales Police,North Wales Police,-3.128298,53.248246,On or near Henry Taylor Street,W01000288,Flintshire 004A,Criminal damage and arson,Investigation complete; no suspect identified,
cb5519157430030f496ea75201529d1a5ffb5bfb23ca3ac4abced3c21322b8cc,2023-06,North Wales Police,North Wales Police,-3.130274,53.249279,On or near Castle Road,W01000288,Flintshire 004A,Criminal damage and arson,Court result unavailable,
2d639748f1919e9a82d6a2ef52c8d97e8e1e988d623c98156883c418ab633350,2023-06,North Wales Police,North Wales Police,-3.130274,53.249279,On or near Castle Road,W01000288,Flintshire 004A,Criminal damage and arson,Unable to prosecute suspect,
c5543ba152447f3d142b48e5ad90b8b08e9c3fb45993acc4ff9e200129edb98a,2023-06,North Wales Police,North Wales Police,-3.132764,53.251628,On or near Lloyd Street,W01000288,Flintshire 004A,Other theft,Investigation complete; no suspect identified,
bb34586d4015f430c4955529e202318547274431a84fdd1bf0448171c0fbeaab,2023-06,North Wales Police,North Wales Police,-3.134737,53.248607,On or near Sydney Street,W01000288,Flintshire 004A,Public order,Unable to prosecute suspect,
900b90a811e6ffd87ee83fd5f1997807b1862521f45a51188c34ffdb18e39b0a,2023-06,North Wales Police,North Wales Police,-3.133318,53.249906,On or near Church Street,W01000288,Flintshire 004A,Public order,Investigation complete; no suspect identified,
fc7c2e8706d4a383119bcb229073452bbb89fd14631b030a482889460ae56a8a,2023-06,North Wales Police,North Wales Police,-3.131069,53.243635,On or near Maes-Y-Dre Avenue,W01000288,Flintshire 004A,Vehicle crime,Court result unavailable,
51a1402ec204bc90a368a249e4a4cf5862687157da0c8f85c0f21674384250d6,2023-06,North Wales Police,North Wales Police,-3.129549,53.247371,On or near Heol Caer,W01000288,Flintshire 004A,Violence and sexual offences,Offender given a caution,
370f99e2c1cb5e7bada9d5fc516a50d84d832386ebde9a50f7131c1a675ca3da,2023-06,North Wales Police,North Wales Police,-3.134737,53.248607,On or near Sydney Street,W01000288,Flintshire 004A,Violence and sexual offences,Unable to prosecute suspect,
8689c0d317d397224d2dc8c43f18c61a19a17251e09583ae6a91146f44cb8a3d,2023-06,North Wales Police,North Wales Police,-3.134737,53.248607,On or near Sydney Street,W01000288,Flintshire 004A,Violence and sexual offences,Unable to prosecute suspect,
b501c7cddf66351a34e73d55ff1e7e88ebd50b8af2c92baa5b481c3735e7e886,2023-06,North Wales Police,North Wales Police,-3.134737,53.248607,On or near Sydney Street,W01000288,Flintshire 004A,Violence and sexual offences,Unable to prosecute suspect,
d1221900776cb317aba8412b766e5bd3eef5621994c3f9dc76a30e7f8b0c8ece,2023-06,North Wales Police,North Wales Police,-3.128922,53.245741,On or near Trelawny Avenue,W01000288,Flintshire 004A,Violence and sexual offences,Unable to prosecute suspect,
77ad2a3dc44ed32adbed45b572720199fdbd0bf26fe0168d6bfc6b5c8bb7b2de,2023-06,North Wales Police,North Wales Police,-3.129549,53.247371,On or near Heol Caer,W01000288,Flintshire 004A,Violence and sexual offences,Unable to prosecute suspect,
cc672bf401d7d47f12d0e45f6b74ba38f0eb96bead27ca04f576e88d46ad9bd2,2023-06,North Wales Police,North Wales Police,-3.130274,53.249279,On or near Castle Road,W01000288,Flintshire 004A,Violence and sexual offences,Court result unavailable,
6564cec23f445c8c289cd3238f55d9befb4964e5abc9d77e61e171bc852ed7be,2023-06,North Wales Police,North Wales Police,-3.133338,53.247838,On or near Duke Street,W01000288,Flintshire 004A,Violence and sexual offences,Unable to prosecute suspect,
7ecdd06d247d0efcd02f3251da8c465e9a21b584d57f72953444f364613c683d,2023-06,North Wales Police,North Wales Police,-3.131096,53.252022,On or near Parking Area,W01000288,Flintshire 004A,Violence and sexual offences,Unable to prosecute suspect,
0db97164ed9dfe094ae4c3b49eb8d14fec7a1cfdf4dc332f1603333439ed1669,2023-06,North Wales Police,North Wales Police,-3.131069,53.243635,On or near Maes-Y-Dre Avenue,W01000288,Flintshire 004A,Violence and sexual offences,Unable to prosecute suspect,
e193af1e6f3d8d70a1d865752aa83ab070b7f463c8b139c3f72ade41531beef5,2023-06,North Wales Police,North Wales Police,-3.128922,53.245741,On or near Trelawny Avenue,W01000288,Flintshire 004A,Violence and sexual offences,Offender given a caution,
a4554f6d51ebd86d81671dfe271d73b3072d721b7fa58690100ec9d020eadabc,2023-06,North Wales Police,North Wales Police,-3.133338,53.247838,On or near Duke Street,W01000288,Flintshire 004A,Violence and sexual offences,Court result unavailable,
8d72d90ca987896a8f2f06f8ab1a48cabd32fb9960654a572eea8990327e02f9,2023-06,North Wales Police,North Wales Police,-3.130274,53.249279,On or near Castle Road,W01000288,Flintshire 004A,Violence and sexual offences,Unable to prosecute suspect,
f5d3085ee0d63a5edb7e93632ddc142b1eeca290bfae8090f9f81dc39cf7a17d,2023-06,North Wales Police,North Wales Police,-3.133338,53.247838,On or near Duke Street,W01000288,Flintshire 004A,Violence and sexual offences,Court result unavailable,
9239af788bdbf092ce205cae2444bdccdd3bba681e4d136e008269bd40c47a52,2023-06,North Wales Police,North Wales Police,-3.133338,53.247838,On or near Duke Street,W01000288,Flintshire 004A,Violence and sexual offences,Court result unavailable,
,2023-06,North Wales Police,North Wales Police,-3.136551,53.249731,On or near Earl Street,W01000290,Flintshire 004B,Anti-social behaviour,,
,2023-06,North Wales Police,North Wales Police,-3.137449,53.248581,On or near Coleshill Street,W01000290,Flintshire 004B,Anti-social behaviour,,
,2023-06,North Wales Police,North Wales Police,-3.142977,53.243971,On or near Lon Groes,W01000290,Flintshire 004B,Anti-social behaviour,,
,2023-06,North Wales Police,North Wales Police,-3.143661,53.244324,On or near Maes-Y-Coed,W01000290,Flintshire 004B,Anti-social behaviour,,
,2023-06,North Wales Police,North Wales Police,-3.136551,53.249731,On or near Earl Street,W01000290,Flintshire 004B,Anti-social behaviour,,
,2023-06,North Wales Police,North Wales Police,-3.136551,53.249731,On or near Earl Street,W01000290,Flintshire 004B,Anti-social behaviour,,
,2023-06,North Wales Police,North Wales Police,-3.141998,53.245499,On or near Cornist Road,W01000290,Flintshire 004B,Anti-social behaviour,,
40e2dfdd84c08c7d31ac7d74e7cfcbddccd52e9e7a6b9769ce80f919db612ac0,2023-06,North Wales Police,North Wales Police,-3.134819,53.250009,On or near Parking Area,W01000290,Flintshire 004B,Criminal damage and arson,Investigation complete; no suspect identified,
2bd81c73acf32620b5b127732300e245aa9127796de0cf4138550b2d7b15410a,2023-06,North Wales Police,North Wales Police,-3.137865,53.247876,On or near Swinchiard Lane,W01000290,Flintshire 004B,Criminal damage and arson,Offender given a caution,
3fe39046bbcf8de8a6aba36b31eeefa1ebb8fbaf17a81422d0c1fe82af7b1234,2023-06,North Wales Police,North Wales Police,-3.135610,53.249300,On or near Feather Street,W01000290,Flintshire 004B,Drugs,Local resolution,
75b812531691b5c53ab0ac3518d2056f0d321c96a0b2c1313d13510460e30127,2023-06,North Wales Police,North Wales Police,-3.136551,53.249731,On or near Earl Street,W01000290,Flintshire 004B,Other theft,Investigation complete; no suspect identified,
7828a9b4c5877fd89c57354423e4814cedd7101e6a22ad03ec50a81f5b32ee23,2023-06,North Wales Police,North Wales Police,-3.137449,53.248581,On or near Coleshill Street,W01000290,Flintshire 004B,Other theft,Investigation complete; no suspect identified,
8951240a6bd4976283c7df0f209fa11cc1ee3d25d6d8ea39672428b32d256df2,2023-06,North Wales Police,North Wales Police,-3.137865,53.247876,On or near Swinchiard Lane,W01000290,Flintshire 004B,Other theft,Investigation complete; no suspect identified,
c04724420be529f083cc8ae0af3e55b854e4fb996ea1b5d631f6f88f111ac40d,2023-06,North Wales Police,North Wales Police,-3.134819,53.250009,On or near Parking Area,W01000290,Flintshire 004B,Public order,Investigation complete; no suspect identified,
256e36293fe1ae39977e8df38b090b0ee20066af42ba99a17b38a21cec676a6d,2023-06,North Wales Police,North Wales Police,-3.136551,53.249731,On or near Earl Street,W01000290,Flintshire 004B,Public order,Unable to prosecute suspect,
d09f5b04730eb4d1a249db950efd0f490591db59188ad428551cf3d8fb4dffe1,2023-06,North Wales Police,North Wales Police,-3.134819,53.250009,On or near Parking Area,W01000290,Flintshire 004B,Public order,Investigation complete; no suspect identified,
1f1036a8a9c40eff4fc7ab3e252c52732085a4e121a2127fb475b5241c143f87,2023-06,North Wales Police,North Wales Police,-3.136448,53.248672,On or near Parking Area,W01000290,Flintshire 004B,Public order,Unable to prosecute suspect,
4efb989050d46fee85030962945ecde8e2261fcdf9924a0949e730f260477efa,2023-06,North Wales Police,North Wales Police,-3.143661,53.244324,On or near Maes-Y-Coed,W01000290,Flintshire 004B,Public order,Unable to prosecute suspect,
94a3b08394a43838f0166a0ac54e1cfabfe0c69e169105f019b6c4c9452d3308,2023-06,North Wales Police,North Wales Police,-3.134819,53.250009,On or near Parking Area,W01000290,Flintshire 004B,Public order,Formal action is not in the public interest,
d05ff9776e425fb5fd5a528bc1b9c8ec093083ff08161d0adbb557e39fcf58b6,2023-06,North Wales Police,North Wales Police,-3.136551,53.249731,On or near Earl Street,W01000290,Flintshire 004B,Shoplifting,Investigation complete; no suspect identified,
e35b28e47115817544da1cec9ac222e467b26343c079ca50701c8a52274b0375,2023-06,North Wales Police,North Wales Police,-3.136551,53.249731,On or near Earl Street,W01000290,Flintshire 004B,Shoplifting,Further action is not in the public interest,
699267446b4e78a1da00a8b74f40781b56a61dd1dd180f493b9c8423491c77fc,2023-06,North Wales Police,North Wales Police,-3.136551,53.249731,On or near Earl Street,W01000290,Flintshire 004B,Shoplifting,Investigation complete; no suspect identified,
acf3d68c9389c3e6ec0a2ffee61a198850fe0875acb3543d6b68407f74f2c808,2023-06,North Wales Police,North Wales Police,-3.136551,53.249731,On or near Earl Street,W01000290,Flintshire 004B,Shoplifting,Investigation complete; no suspect identified,
bc118f98b2581fe0dfb0c90a5f7123a52ae1ec62699bab274de8b0519b071e09,2023-06,North Wales Police,North Wales Police,-3.136551,53.249731,On or near Earl Street,W01000290,Flintshire 004B,Shoplifting,Investigation complete; no suspect identified,
be9d5d553f862ca9ccf4c865b714860b4e6c137524b1a933ebc78a62212155f0,2023-06,North Wales Police,North Wales Police,-3.136551,53.249731,On or near Earl Street,W01000290,Flintshire 004B,Shoplifting,Court result unavailable,
b6fbaecc65fb6d63480b437fe3e240ccb647aae6e4c9fa879892e5d43006c8a1,2023-06,North Wales Police,North Wales Police,-3.134819,53.250009,On or near Parking Area,W01000290,Flintshire 004B,Shoplifting,Investigation complete; no suspect identified,
532d87a2b014a31081d9945267f32e5e2884254623904433849c510d4691c1ee,2023-06,North Wales Police,North Wales Police,-3.136551,53.249731,On or near Earl Street,W01000290,Flintshire 004B,Shoplifting,Investigation complete; no suspect identified,
1047b191fca53a6fbf4d268ff54e880f66beb9c9f8f89553cf9307609c6fc130,2023-06,North Wales Police,North Wales Police,-3.136551,53.249731,On or near Earl Street,W01000290,Flintshire 004B,Shoplifting,Investigation complete; no suspect identified,
e535292efba56a82c6a2f09b743110747c56bfee5ef329ade09c4d615a735d02,2023-06,North Wales Police,North Wales Police,-3.136551,53.249731,On or near Earl Street,W01000290,Flintshire 004B,Shoplifting,Investigation complete; no suspect identified,
b7316084d34a4712b514f7c5b5c27d68961d4981cf6037a4dcc3e6b0eb18b0af,2023-06,North Wales Police,North Wales Police,-3.136551,53.249731,On or near Earl Street,W01000290,Flintshire 004B,Shoplifting,Investigation complete; no suspect identified,
36bdfa4e955e24cbf89d8ea028ec8941c9b0764f0e414e0d13f88892b52439de,2023-06,North Wales Police,North Wales Police,-3.136551,53.249731,On or near Earl Street,W01000290,Flintshire 004B,Shoplifting,Investigation complete; no suspect identified,
da1ccdf06e9307904aebc392fe071fce9c858730b9fbbeb8a4777d34fe0dbbcc,2023-06,North Wales Police,North Wales Police,-3.136551,53.249731,On or near Earl Street,W01000290,Flintshire 004B,Shoplifting,Investigation complete; no suspect identified,
79b3350a905b6ea50147428b74c9e4eba458148c6814802a21242e454831aa5b,2023-06,North Wales Police,North Wales Police,-3.136551,53.249731,On or near Earl Street,W01000290,Flintshire 004B,Shoplifting,Status update unavailable,
386d3489eba163c289d3e43be8cc6b2baf03a602fae6a11d977e6ec263325c4e,2023-06,North Wales Police,North Wales Police,-3.136551,53.249731,On or near Earl Street,W01000290,Flintshire 004B,Shoplifting,Investigation complete; no suspect identified,
cc16b0b46f7298051e0d34af34a7fb94a87e507fa9a0eaa002ebbfee384f4b53,2023-06,North Wales Police,North Wales Police,-3.136551,53.249731,On or near Earl Street,W01000290,Flintshire 004B,Shoplifting,Investigation complete; no suspect identified,
e7677fa4fd92d71abf270b4e67f9043fd13edbb3fc4d556b12bce67db029bb0a,2023-06,North Wales Police,North Wales Police,-3.136551,53.249731,On or near Earl Street,W01000290,Flintshire 004B,Shoplifting,Investigation complete; no suspect identified,
1296b80d2f7a27d37fb51ff69c13c723b7394d062a70415f19e905c15096f9ad,2023-06,North Wales Police,North Wales Police,-3.134819,53.250009,On or near Parking Area,W01000290,Flintshire 004B,Shoplifting,Investigation complete; no suspect identified,
681357fbbdb39c5d0d96b6ff21cf08866f4e8ddb9f782a90da53fe9f232f5185,2023-06,North Wales Police,North Wales Police,-3.136551,53.249731,On or near Earl Street,W01000290,Flintshire 004B,Shoplifting,Investigation complete; no suspect identified,
2fd68043a1dd1d8671272e6cb8a7564924f15bfd9853e25ebdf9e820f314a68a,2023-06,North Wales Police,North Wales Police,-3.136551,53.249731,On or near Earl Street,W01000290,Flintshire 004B,Shoplifting,Investigation complete; no suspect identified,
f930a7de1505e744e7a20bdb63645b6b94fa131883a5d6ad5beff6c877188e73,2023-06,North Wales Police,North Wales Police,-3.136551,53.249731,On or near Earl Street,W01000290,Flintshire 004B,Shoplifting,Local resolution,
973736e29223f802d0c224d6ea84bedad521dab0223da5710e49cdb98edc3265,2023-06,North Wales Police,North Wales Police,-3.136551,53.249731,On or near Earl Street,W01000290,Flintshire 004B,Shoplifting,Local resolution,
c36f88bebb29fbcef90f1ba19031baf2157d159945fc7373c4755fd50ed03db6,2023-06,North Wales Police,North Wales Police,-3.136551,53.249731,On or near Earl Street,W01000290,Flintshire 004B,Shoplifting,Investigation complete; no suspect identified,
310344ff92776dae48c4f5f297797db1940921cd98bb9d8204b7188356432cbb,2023-06,North Wales Police,North Wales Police,-3.136551,53.249731,On or near Earl Street,W01000290,Flintshire 004B,Shoplifting,Investigation complete; no suspect identified,
196a2f16338513dead2c051fe581cf9d284eabab305f7fe8eab2964fb37df575,2023-06,North Wales Police,North Wales Police,-3.136551,53.249731,On or near Earl Street,W01000290,Flintshire 004B,Shoplifting,Unable to prosecute suspect,
6cd521f28a6a73dda03c0340cb8075a8853e5afc85d706b6ec3d2a0ffffb7c69,2023-06,North Wales Police,North Wales Police,-3.136551,53.249731,On or near Earl Street,W01000290,Flintshire 004B,Shoplifting,Unable to prosecute suspect,
4c524a5240d865423a61226c41a40ed2c250607025a5f586a452e48ebf4d0b31,2023-06,North Wales Police,North Wales Police,-3.136551,53.249731,On or near Earl Street,W01000290,Flintshire 004B,Shoplifting,Court result unavailable,
b20bc298be279cddf32ecf2f1c63ff8cc1cd7ce295c9a06a2cc930c85809ac41,2023-06,North Wales Police,North Wales Police,-3.136551,53.249731,On or near Earl Street,W01000290,Flintshire 004B,Violence and sexual offences,Unable to prosecute suspect,
2e56a1c31acea7e5d7fa59bad109e303d52d2487f830b34a921af0b490a492bd,2023-06,North Wales Police,North Wales Police,-3.136551,53.249731,On or near Earl Street,W01000290,Flintshire 004B,Violence and sexual offences,Investigation complete; no suspect identified,
b0dc33893ef220221718ab097fed84fe56b87eeaddd70407ebdd0b65093d2fe6,2023-06,North Wales Police,North Wales Police,-3.137449,53.248581,On or near Coleshill Street,W01000290,Flintshire 004B,Violence and sexual offences,Investigation complete; no suspect identified,
bfa146fc6292edd54af03dae1e9e7f427a89df8e0e95430c6b627954f216e481,2023-06,North Wales Police,North Wales Police,-3.143661,53.244324,On or near Maes-Y-Coed,W01000290,Flintshire 004B,Violence and sexual offences,Investigation complete; no suspect identified,
7ce424b9f90d2a805e28b1d2d1cbd5b847c0a5df4712f4684b13e1ff03d6508e,2023-06,North Wales Police,North Wales Police,-3.137865,53.247876,On or near Swinchiard Lane,W01000290,Flintshire 004B,Violence and sexual offences,Investigation complete; no suspect identified,
d0ae176606089badb02153cc3b946e0abf19fa8ffe2bbafd7d9e21be1c7a6f09,2023-06,North Wales Police,North Wales Police,-3.137865,53.247876,On or near Swinchiard Lane,W01000290,Flintshire 004B,Violence and sexual offences,Unable to prosecute suspect,
315ddec0ca1156884ee3978c7278888f05d3ccada7238fc010a2c01e3bbf40b1,2023-06,North Wales Police,North Wales Police,-3.134819,53.250009,On or near Parking Area,W01000290,Flintshire 004B,Violence and sexual offences,Investigation complete; no suspect identified,
53a0bbc9d6eb4c3a745bae7d510dd7d227ba680ac8fc98258aea408272d1426d,2023-06,North Wales Police,North Wales Police,-3.137449,53.248581,On or near Coleshill Street,W01000290,Flintshire 004B,Violence and sexual offences,Unable to prosecute suspect,
b3f457d0110fbb80a192c914dce06dd110678fc64b8c40bd707663b3a9cf48b6,2023-06,North Wales Police,North Wales Police,-3.136551,53.249731,On or near Earl Street,W01000290,Flintshire 004B,Violence and sexual offences,Unable to prosecute suspect,
,2023-06,North Wales Police,North Wales Police,-3.124542,53.242726,On or near Albert Avenue,W01000292,Flintshire 004C,Anti-social behaviour,,
,2023-06,North Wales Police,North Wales Police,-3.129162,53.244066,On or near Prince Of Wales Avenue,W01000292,Flintshire 004C,Anti-social behaviour,,
,2023-06,North Wales Police,North Wales Police,-3.122471,53.242553,On or near Sports/Recreation Area,W01000292,Flintshire 004C,Anti-social behaviour,,
,2023-06,North Wales Police,North Wales Police,-3.122471,53.242553,On or near Sports/Recreation Area,W01000292,Flintshire 004C,Anti-social behaviour,,
,2023-06,North Wales Police,North Wales Police,-3.124542,53.242726,On or near Albert Avenue,W01000292,Flintshire 004C,Anti-social behaviour,,
b1e27a256ee3aa4c3e319a7a575178c29e36e978f11159731eb4e685a765f52e,2023-06,North Wales Police,North Wales Police,-3.122471,53.242553,On or near Sports/Recreation Area,W01000292,Flintshire 004C,Other theft,Unable to prosecute suspect,
49bd84343cd21f5d140c4fa2ae518ccda15a93fec2d4abef2e0d11c911705ad5,2023-06,North Wales Police,North Wales Police,-3.127853,53.242712,On or near Cae Hir,W01000292,Flintshire 004C,Other theft,Unable to prosecute suspect,
8abcba298d1f5e09bd121f9d78e20974c2db038ae382652f4e7ad150d998e1de,2023-06,North Wales Police,North Wales Police,-3.126684,53.242157,On or near Maes Alaw,W01000292,Flintshire 004C,Public order,Unable to prosecute suspect,
d94afed007e45b182498d8520d550d42ca9a137354e49869a863f9f4b2d394c7,2023-06,North Wales Police,North Wales Police,-3.125369,53.244570,On or near Kings Avenue,W01000292,Flintshire 004C,Public order,Unable to prosecute suspect,
0967f689a06071c04926b30b6c2bfba65a210048fd45b2fc9de9c08722e04b53,2023-06,North Wales Police,North Wales Police,-3.122471,53.242553,On or near Sports/Recreation Area,W01000292,Flintshire 004C,Violence and sexual offences,Unable to prosecute suspect,
816cb94e4078954917e0039cb927886b53c94806a09f39c0ba9c923e0e9c91d7,2023-06,North Wales Police,North Wales Police,-3.125369,53.244570,On or near Kings Avenue,W01000292,Flintshire 004C,Violence and sexual offences,Unable to prosecute suspect,
58ff33e41a7ad2cf276b46ede181ec0464d47fde339bb7a497062dfeefd98823,2023-06,North Wales Police,North Wales Police,-3.125558,53.243777,On or near Maes Gwyn,W01000292,Flintshire 004C,Violence and sexual offences,Unable to prosecute suspect,
827852e00fadf3d54fcc6bbcd81769b701aed7e2ebc44562f944009d863d6b7f,2023-06,North Wales Police,North Wales Police,-3.124542,53.242726,On or near Albert Avenue,W01000292,Flintshire 004C,Violence and sexual offences,Unable to prosecute suspect,
ee03552308714f9d986c041d6d70495302a8ec4084a3750afe694c25f5a2ed78,2023-06,North Wales Police,North Wales Police,-3.125369,53.244570,On or near Kings Avenue,W01000292,Flintshire 004C,Violence and sexual offences,Unable to prosecute suspect,
,2023-06,North Wales Police,North Wales Police,-3.126139,53.238845,On or near Sports/Recreation Area,W01000293,Flintshire 004D,Anti-social behaviour,,
,2023-06,North Wales Police,North Wales Police,-3.126229,53.241937,On or near Tir Digonedd,W01000293,Flintshire 004D,Anti-social behaviour,,
65314209a5b329f62f323f161fd1af38d539697d70b5715e463b3e485f4c86f2,2023-06,North Wales Police,North Wales Police,-3.122404,53.244643,On or near Petrol Station,W01000293,Flintshire 004D,Burglary,Unable to prosecute suspect,
e33b1f534f822de18d5cf2c2b617898c76f02a7a6cf13b1620072d0eadec6570,2023-06,North Wales Police,North Wales Police,-3.122404,53.244643,On or near Petrol Station,W01000293,Flintshire 004D,Criminal damage and arson,Investigation complete; no suspect identified,
efc676b5559e054a47c7fe210c07d251eaaaec291d969005ad34878de5dc6f6c,2023-06,North Wales Police,North Wales Police,-3.105764,53.233984,On or near Old Paper Mill Lane,W01000293,Flintshire 004D,Criminal damage and arson,Unable to prosecute suspect,
db3bfdc9638010fbbe5743a558eb9380362e989a57ec1bd681ac0a13f7e7baef,2023-06,North Wales Police,North Wales Police,-3.122404,53.244643,On or near Petrol Station,W01000293,Flintshire 004D,Other theft,Unable to prosecute suspect,
83945f8d1c250f9931ddbe2875ef0cd8b428f9a2c3b30500dafff9c7c4628471,2023-06,North Wales Police,North Wales Police,-3.126876,53.241472,On or near Cae Petit,W01000293,Flintshire 004D,Other theft,Investigation complete; no suspect identified,
2ccf66ae85367cc3ec69a8f6dccfd137d8278ab3abe65a5dd273598cf5840baf,2023-06,North Wales Police,North Wales Police,-3.122404,53.244643,On or near Petrol Station,W01000293,Flintshire 004D,Shoplifting,Investigation complete; no suspect identified,
94e389f48c2425327420738eb06384a394ec5433776422fbed17eef43f28ce64,2023-06,North Wales Police,North Wales Police,-3.122404,53.244643,On or near Petrol Station,W01000293,Flintshire 004D,Violence and sexual offences,Court result unavailable,
b8d0d8eb1a89c1c6bb7d48608cdbc96cbf2edeeb2a51f4bc66b1c5c9e272ac7b,2023-06,North Wales Police,North Wales Police,-3.122404,53.244643,On or near Petrol Station,W01000293,Flintshire 004D,Violence and sexual offences,Unable to prosecute suspect,
52c0ff4e7298e73e5915d0b90f8ad1f3de384d20479d8ffa85ff686a4903333a,2023-06,North Wales Police,North Wales Police,-3.113363,53.238138,On or near Llys Cadfan,W01000293,Flintshire 004D,Violence and sexual offences,Unable to prosecute suspect,
3e2a8aca16f9dae0d92f783c41ecc993ac18c8a0084762278c23030df34dccc9,2023-06,North Wales Police,North Wales Police,-3.113363,53.238138,On or near Llys Cadfan,W01000293,Flintshire 004D,Violence and sexual offences,Unable to prosecute suspect,
3900692d3d9bb614886189b2bed0ab5247ef5ccb4ac09d305b256c982813b71d,2023-06,North Wales Police,North Wales Police,-3.113363,53.238138,On or near Llys Cadfan,W01000293,Flintshire 004D,Violence and sexual offences,Investigation complete; no suspect identified,
6e89e33b9b4f2f3fba7320be14c753ca42fbf242a2e0fa9ce89a38234349cf94,2023-06,North Wales Police,North Wales Police,-3.126876,53.241472,On or near Cae Petit,W01000293,Flintshire 004D,Violence and sexual offences,Local resolution,
d3627b7c9b0324c0eb029247527a4459105a2aad367dae3981d2fba7bd2a879b,2023-06,North Wales Police,North Wales Police,-3.113363,53.238138,On or near Llys Cadfan,W01000293,Flintshire 004D,Violence and sexual offences,Court result unavailable,
3cb0803e3ab1f973c1a71405d76d03864a5b514fa2d016bd6f765d00c3d27307,2023-06,North Wales Police,North Wales Police,-3.126876,53.241472,On or near Cae Petit,W01000293,Flintshire 004D,Violence and sexual offences,Court result unavailable,
,2023-06,North Wales Police,North Wales Police,-3.146684,53.241939,On or near Woodland Court,W01000289,Flintshire 005A,Anti-social behaviour,,
,2023-06,North Wales Police,North Wales Police,-3.151314,53.246389,On or near Ffordd Yr Ysgol,W01000289,Flintshire 005A,Anti-social behaviour,,
68abb3873c0a6b8bf766260f4f85ea1ce8d467738e9a5b9f792f36f40de8e626,2023-06,North Wales Police,North Wales Police,-3.147178,53.247517,On or near Old London Road,W01000289,Flintshire 005A,Criminal damage and arson,Investigation complete; no suspect identified,
718266a39be3cf6761f057e3c5a9c6a9d950d2cb89af62182624cc3c5f289891,2023-06,North Wales Police,North Wales Police,-3.147178,53.247517,On or near Old London Road,W01000289,Flintshire 005A,Other theft,Investigation complete; no suspect identified,
ab5b2bf738ef48ae4aaa65f2a3b34303a34ec94d92f1d0fb5edf1d6f41082019,2023-06,North Wales Police,North Wales Police,-3.146261,53.243490,On or near Fern Close,W01000289,Flintshire 005A,Public order,Unable to prosecute suspect,
f826dba73e74233cca51ea186761ae58e6d042bc9c00bce9837ebe19eb21ed25,2023-06,North Wales Police,North Wales Police,-3.148604,53.247602,On or near Kingsbury Close,W01000289,Flintshire 005A,Public order,Court result unavailable,
cb711c83e16c761b8bb58ef3c42e137a05901fa6c2c7292fe210473c79fa8a2b,2023-06,North Wales Police,North Wales Police,-3.147178,53.247517,On or near Old London Road,W01000289,Flintshire 005A,Vehicle crime,Investigation complete; no suspect identified,
01edcb0ea4ea2e5fa6eaa87480c047cb723f60c22010c1e455eb6e6189a5d2ff,2023-06,North Wales Police,North Wales Police,-3.150498,53.246712,On or near Ffordd Yr Ysgol,W01000289,Flintshire 005A,Violence and sexual offences,Unable to prosecute suspect,
b2a5353e48055f78675b534f2111faaa7be2bf90691616366f147b81fcef1bd4,2023-06,North Wales Police,North Wales Police,-3.145403,53.245592,On or near Hallfield Close,W01000289,Flintshire 005A,Violence and sexual offences,Unable to prosecute suspect,
49033d8de7ad34f60e4c104ef7af10fff4d05ebc7afaf1c26c280057eef1db01,2023-06,North Wales Police,North Wales Police,-3.151314,53.246389,On or near Ffordd Yr Ysgol,W01000289,Flintshire 005A,Violence and sexual offences,Unable to prosecute suspect,
9385a7ec418647a25dfce69308b4734a6398047e2627c2435663036c6af03f02,2023-06,North Wales Police,North Wales Police,-3.149122,53.248469,On or near Balmoral Close,W01000289,Flintshire 005A,Violence and sexual offences,Unable to prosecute suspect,
09baecc1d97ce5c5997fbd17eef07eb404445231f093f4fb2360620b8c6abd0c,2023-06,North Wales Police,North Wales Police,-3.146261,53.243490,On or near Fern Close,W01000289,Flintshire 005A,Violence and sexual offences,Unable to prosecute suspect,
3912b3863ecd5a9c15cda635c0685219fd0115582ca4117dc5046472af8408c6,2023-06,North Wales Police,North Wales Police,-3.144462,53.240657,On or near Field Close,W01000291,Flintshire 005B,Criminal damage and arson,Investigation complete; no suspect identified,
bb66a7b5807e58f60ac7ce6d465fdafaff8be3ce20be272034b58df983b94130,2023-06,North Wales Police,North Wales Police,-3.147251,53.239606,On or near Bryn Glas,W01000291,Flintshire 005B,Other theft,Investigation complete; no suspect identified,
5695f698e94b543c0455f296204d49bf22d9b17d074a500433051cf8f489b146,2023-06,North Wales Police,North Wales Police,-3.146311,53.239183,On or near Elwy Crescent,W01000291,Flintshire 005B,Public order,Court result unavailable,
1b0663e100a2c0e9d620f23143d3819e7676bae510881e34e630bb02eecd0222,2023-06,North Wales Police,North Wales Police,-3.145163,53.242790,On or near Springfield Close,W01000291,Flintshire 005B,Vehicle crime,Investigation complete; no suspect identified,
222679ea3f3035ae830d7026b943e35340c71ac85e4118c9e050a98cd088a997,2023-06,North Wales Police,North Wales Police,-3.144462,53.240657,On or near Field Close,W01000291,Flintshire 005B,Violence and sexual offences,Status update unavailable,
b9dc5c19685d5d78295d9aa743edd0101af6ffb50e91d59d5e49c35da005ca9e,2023-06,North Wales Police,North Wales Police,-3.143774,53.239576,On or near The Nurseries,W01000291,Flintshire 005B,Violence and sexual offences,Unable to prosecute suspect,
21bdc7521972b6c06d62aaad2134ea61e7dc4bb6954cac3a6e7339b68088b0b4,2023-06,North Wales Police,North Wales Police,-3.145164,53.239455,On or near Dovey Close,W01000291,Flintshire 005B,Violence and sexual offences,Investigation complete; no suspect identified,
de066873ce2643d319e33c4619f2556e4377b04a18d3f15aa98fdbc7049f0e33,2023-06,North Wales Police,North Wales Police,-3.145164,53.239455,On or near Dovey Close,W01000291,Flintshire 005B,Other crime,Investigation complete; no suspect identified,
,2023-06,North Wales Police,North Wales Police,-3.142240,53.227572,On or near Northop Road,W01000294,Flintshire 005C,Anti-social behaviour,,
,2023-06,North Wales Police,North Wales Police,-3.140729,53.230463,On or near Lon Y Plas,W01000294,Flintshire 005C,Anti-social behaviour,,
,2023-06,North Wales Police,North Wales Police,-3.126252,53.236534,On or near Ffordd Rufeinaid,W01000294,Flintshire 005C,Anti-social behaviour,,
,2023-06,North Wales Police,North Wales Police,-3.142240,53.227572,On or near Northop Road,W01000294,Flintshire 005C,Anti-social behaviour,,
d142bbfab25e057051affe4657398ceedb28af24d563d415ba1a7b1bd0f0c3b0,2023-06,North Wales Police,North Wales Police,-3.131196,53.235948,On or near Pen-Y-Bryn,W01000294,Flintshire 005C,Criminal damage and arson,Investigation complete; no suspect identified,
9b77ad1adb72b1f56d4ae73d8ccffaa704db4d8c3af39854939dba92e1d9f2e7,2023-06,North Wales Police,North Wales Police,-3.140729,53.230463,On or near Lon Y Plas,W01000294,Flintshire 005C,Public order,Unable to prosecute suspect,
11420a87f9772c698c704f48863972585a00dfd23484803b24bbe7136583ade8,2023-06,North Wales Police,North Wales Police,-3.126252,53.236534,On or near Ffordd Rufeinaid,W01000294,Flintshire 005C,Violence and sexual offences,Action to be taken by another organisation,
f61016940d969229a15f5e75fb0967c085a8c9ea493f09293cdcafef37f2acd1,2023-06,North Wales Police,North Wales Police,-3.126252,53.236534,On or near Ffordd Rufeinaid,W01000294,Flintshire 005C,Violence and sexual offences,Unable to prosecute suspect,
,2023-06,North Wales Police,North Wales Police,-3.137735,53.241827,On or near Mount Pleasant Avenue,W01000295,Flintshire 005D,Anti-social behaviour,,
,2023-06,North Wales Police,North Wales Police,-3.133491,53.240025,On or near King Edward Drive,W01000295,Flintshire 005D,Anti-social behaviour,,
,2023-06,North Wales Police,North Wales Police,-3.138544,53.244651,On or near Lon Odyn,W01000295,Flintshire 005D,Anti-social behaviour,,
d6194b00bfa39a029508db7778eccf08d9f4934c97884b907638abfaa5f921df,2023-06,North Wales Police,North Wales Police,-3.138480,53.242243,On or near Northop Road,W01000295,Flintshire 005D,Criminal damage and arson,Investigation complete; no suspect identified,
9c03d1d6559bc990acd758518fbcf235ebcd14db4aca1d9e474dacc440d94296,2023-06,North Wales Police,North Wales Police,-3.133731,53.241731,On or near Sixth Avenue,W01000295,Flintshire 005D,Public order,Investigation complete; no suspect identified,
22e47b35972206f6efbbf6fb7dbe593e27ed2fbc988bd2a308e4b40e93fcc5da,2023-06,North Wales Police,North Wales Police,-3.203491,53.244022,On or near Bryn Felin,W01000258,Flintshire 006A,Public order,Formal action is not in the public interest,
9e3ac400d54b47c5f7d7bc892e23fa5b393ba81cd07c1304b16a19f6cf0f52d5,2023-06,North Wales Police,North Wales Police,-3.195531,53.240156,On or near Lon-Y-Fron,W01000258,Flintshire 006A,Violence and sexual offences,Action to be taken by another organisation,
2184f254bc9aeedc09a7e6002a5d86201b95c9f2169de9d1a2dbe348bcd97a27,2023-06,North Wales Police,North Wales Police,-3.244808,53.230114,On or near Bryn Tirion,W01000270,Flintshire 006B,Vehicle crime,Unable to prosecute suspect,
854ced50a689ac1e5eabe04df25096ece402e72c28b171a23dfd7036b2ef70f9,2023-06,North Wales Police,North Wales Police,-3.246215,53.233650,On or near Clos Y Goron,W01000270,Flintshire 006B,Violence and sexual offences,Unable to prosecute suspect,
830ead0f5dcffbbdf422c47d7f9353c60afcb6a970fe5b248c67e98f7d6c6dd4,2023-06,North Wales Police,North Wales Police,-3.289763,53.230975,On or near Parking Area,W01000270,Flintshire 006B,Violence and sexual offences,Unable to prosecute suspect,
16ff8b34829828ee9a9ec36f233fe88e583028fa88c8625848f54d1e299c41df,2023-06,North Wales Police,North Wales Police,-3.303261,53.233444,On or near Llys-Y-Pentre,W01000271,Flintshire 006C,Public order,Further action is not in the public interest,
,2023-06,North Wales Police,North Wales Police,-3.306355,53.246966,On or near Llys-Y-Goron,W01000271,Flintshire 006C,Anti-social behaviour,,
,2023-06,North Wales Police,North Wales Police,-3.306355,53.246966,On or near Llys-Y-Goron,W01000271,Flintshire 006C,Anti-social behaviour,,
92f67d1b5fcd7e3033fc6fd19ac703b38f9f18c58ddc4867f0d705350353c318,2023-06,North Wales Police,North Wales Police,-3.306377,53.244242,On or near Fairview Close,W01000271,Flintshire 006C,Criminal damage and arson,Unable to prosecute suspect,
045b489fce325cafd3e4beffe29e6ce5afc09e58c1bb811fd6b0fc4f2c5a635e,2023-06,North Wales Police,North Wales Police,-3.307346,53.253419,On or near B5122,W01000271,Flintshire 006C,Other theft,Investigation complete; no suspect identified,
c6209db0c9f766aebc17bf2adb1b799a598f157dd6eef1c4be181456eb8bf8f3,2023-06,North Wales Police,North Wales Police,-3.307346,53.253419,On or near B5122,W01000271,Flintshire 006C,Other theft,Investigation complete; no suspect identified,
03a3936f449213160593f1c8addc3b558ca471b1f0d0584ef334fc2fbbc5e6df,2023-06,North Wales Police,North Wales Police,-3.303261,53.233444,On or near Llys-Y-Pentre,W01000271,Flintshire 006C,Other theft,Investigation complete; no suspect identified,
33958ecde770c8855222c7b2fb99e0e930487940a3a357edf5e8323c7cc76ef5,2023-06,North Wales Police,North Wales Police,-3.306355,53.246966,On or near Llys-Y-Goron,W01000271,Flintshire 006C,Violence and sexual offences,Status update unavailable,
7a9347c7e5c2765f56e9cfb63a0a383034d48d6e72ae04ddd7b770d3202385da,2023-06,North Wales Police,North Wales Police,-3.304866,53.247783,On or near Maes-Y-Dre,W01000271,Flintshire 006C,Violence and sexual offences,Unable to prosecute suspect,
7ec9694bf567551c76275dd7d47528710e1061447aedecd7af4e8d539be2e770,2023-06,North Wales Police,North Wales Police,-3.306355,53.246966,On or near Llys-Y-Goron,W01000271,Flintshire 006C,Violence and sexual offences,Unable to prosecute suspect,
,2023-06,North Wales Police,North Wales Police,-3.207985,53.190679,On or near Hospital,W01000272,Flintshire 006D,Anti-social behaviour,,
050d173e6926531fd9582df7f9110cdd6a8ffd99234c4080c07d0a3364169686,2023-06,North Wales Police,North Wales Police,-3.188931,53.192875,On or near Petrol Station,W01000272,Flintshire 006D,Burglary,Unable to prosecute suspect,
cda98194db0ab7afb6143ce4f006181e6703d1b3e6018eddaced33153b7d71cc,2023-06,North Wales Police,North Wales Police,-3.207985,53.190679,On or near Hospital,W01000272,Flintshire 006D,Other theft,Investigation complete; no suspect identified,
2cf41ed56bce9d2952de285b44639600945f0de5b345d3e3c7206814c3c10817,2023-06,North Wales Police,North Wales Police,-3.190719,53.193136,On or near Church Meadow,W01000272,Flintshire 006D,Other theft,Investigation complete; no suspect identified,
ff90a6cb34001a2836848a600018c256d461b0b749e1669f700a9a03446e953d,2023-06,North Wales Police,North Wales Police,-3.207985,53.190679,On or near Hospital,W01000272,Flintshire 006D,Violence and sexual offences,Unable to prosecute suspect,
72a864a2740cdb8a101b769dca72a232ff48c9daf4533d5add9b7d5e1a7fef7b,2023-06,North Wales Police,North Wales Police,-3.207985,53.190679,On or near Hospital,W01000272,Flintshire 006D,Violence and sexual offences,Unable to prosecute suspect,
962908a19107a688debfd92140555d52d19b459e5a569dbfb3e4d417fcfc3222,2023-06,North Wales Police,North Wales Police,-3.207985,53.190679,On or near Hospital,W01000272,Flintshire 006D,Violence and sexual offences,Unable to prosecute suspect,
a99c9c542afb756ea95fed89e978f04bbcd7a241eaaa9bcaad7c34bde84a196e,2023-06,North Wales Police,North Wales Police,-3.207985,53.190679,On or near Hospital,W01000272,Flintshire 006D,Violence and sexual offences,Formal action is not in the public interest,
e4b33dfc0fdd5a5aa726538eac1578e82d3c7c6ca7934e7477a9fc6659eaf83c,2023-06,North Wales Police,North Wales Police,-3.290233,53.191794,On or near Parking Area,W01000272,Flintshire 006D,Violence and sexual offences,Further investigation is not in the public interest,
01a1aea7b61e4ab092395447129d9fcb9a47b21c93ba25f025398fd6a7ca4498,2023-06,North Wales Police,North Wales Police,-3.190719,53.193136,On or near Church Meadow,W01000272,Flintshire 006D,Other crime,Further investigation is not in the public interest,
,2023-06,North Wales Police,North Wales Police,-3.186357,53.223779,On or near Jubilee Drive,W01000301,Flintshire 006E,Anti-social behaviour,,
,2023-06,North Wales Police,North Wales Police,-3.186357,53.223779,On or near Jubilee Drive,W01000301,Flintshire 006E,Anti-social behaviour,,
,2023-06,North Wales Police,North Wales Police,-3.179109,53.206951,On or near Cae'R Rhos,W01000301,Flintshire 006E,Anti-social behaviour,,
,2023-06,North Wales Police,North Wales Police,-3.186357,53.223779,On or near Jubilee Drive,W01000301,Flintshire 006E,Anti-social behaviour,,
,2023-06,North Wales Police,North Wales Police,-3.186357,53.223779,On or near Jubilee Drive,W01000301,Flintshire 006E,Anti-social behaviour,,
99817e8ca971eb987a7723197d44e052b3e332ffd5bcc85e3c67439d4726bcdd,2023-06,North Wales Police,North Wales Police,-3.186357,53.223779,On or near Jubilee Drive,W01000301,Flintshire 006E,Public order,Investigation complete; no suspect identified,
1b402e58a8a2fabfa305d7fac4b17beaeeae447fe8f0ee86ec5458646f3ccc1b,2023-06,North Wales Police,North Wales Police,-3.179893,53.207689,On or near Llys Enfys,W01000301,Flintshire 006E,Violence and sexual offences,Court result unavailable,
a279732aecc9fdca7271ca953aded33a7c125210aeb9bb6cdd202804ba330c37,2023-06,North Wales Police,North Wales Police,-3.193196,53.214398,On or near Wern Road,W01000301,Flintshire 006E,Violence and sexual offences,Unable to prosecute suspect,
5a11b364557ac04ef6220ff8e5f4fcc480e089b498a1cac2f7a360a8b6dcf922,2023-06,North Wales Police,North Wales Police,-3.179893,53.207689,On or near Llys Enfys,W01000301,Flintshire 006E,Violence and sexual offences,Unable to prosecute suspect,
55bdb4e5010be33ffcf8fd237b39f7d9c69df737654d219bfe287f516113f4b1,2023-06,North Wales Police,North Wales Police,-3.179717,53.208356,On or near Bryn-Y-Foel,W01000301,Flintshire 006E,Violence and sexual offences,Court result unavailable,
,2023-06,North Wales Police,North Wales Police,-3.068526,53.216255,On or near Hillside Avenue,W01000273,Flintshire 007A,Anti-social behaviour,,
,2023-06,North Wales Police,North Wales Police,-3.060691,53.221009,On or near Leighton Court,W01000273,Flintshire 007A,Anti-social behaviour,,
,2023-06,North Wales Police,North Wales Police,-3.065505,53.215824,On or near Englefield Avenue,W01000273,Flintshire 007A,Anti-social behaviour,,
,2023-06,North Wales Police,North Wales Police,-3.061567,53.219455,On or near Parking Area,W01000273,Flintshire 007A,Anti-social behaviour,,
bb2f9f1dab21bde212fd270a7278ccebd77711d7384f7122086bfc1bbfa21c82,2023-06,North Wales Police,North Wales Police,-3.061386,53.220041,On or near Garthorpe Close,W01000273,Flintshire 007A,Burglary,Investigation complete; no suspect identified,
7c169d7830ddf3fdc43ae04350e82fd335b445bf5a5b11a9a0f178b92919185f,2023-06,North Wales Police,North Wales Police,-3.060691,53.221009,On or near Leighton Court,W01000273,Flintshire 007A,Criminal damage and arson,Unable to prosecute suspect,
f096408cbcb85ffa3526f60e722dd84a713ab22a1580b1a5775e15164a893cff,2023-06,North Wales Police,North Wales Police,-3.065505,53.215824,On or near Englefield Avenue,W01000273,Flintshire 007A,Criminal damage and arson,Investigation complete; no suspect identified,
097b55701e1feadbbcf39c09d76bb88a38edcb75e23c9606a0d7b26b6c59e36a,2023-06,North Wales Police,North Wales Police,-3.064966,53.221861,On or near Pen Y Llan Street,W01000273,Flintshire 007A,Drugs,Unable to prosecute suspect,
427ff5d7231e1b1853eaef75a76172fe27362caf02c26031fba81b2db8bccdd7,2023-06,North Wales Police,North Wales Police,-3.060691,53.221009,On or near Leighton Court,W01000273,Flintshire 007A,Drugs,Investigation complete; no suspect identified,
8ba1c5ad2eb6c6875c3e2d8e96d10405b732ccdd610397d92b47fc18dc109006,2023-06,North Wales Police,North Wales Police,-3.068526,53.216255,On or near Hillside Avenue,W01000273,Flintshire 007A,Public order,Status update unavailable,
34247dc80b8f9f9ebe2d7e678f9f718c01801eebc9b34c1c46db2ea9767749bf,2023-06,North Wales Police,North Wales Police,-3.060327,53.215969,On or near Pinewood Avenue,W01000273,Flintshire 007A,Violence and sexual offences,Unable to prosecute suspect,
b3a9cb27616bf2cdf8c88047b8a788befbd87a4fbeb5ec5114994e3ded2fd5d3,2023-06,North Wales Police,North Wales Police,-3.065505,53.215824,On or near Englefield Avenue,W01000273,Flintshire 007A,Violence and sexual offences,Unable to prosecute suspect,
051a63c739c291589a4edc1b848328fbc7435e90016a3652cc6d4a60fb0cf5f3,2023-06,North Wales Police,North Wales Police,-3.068526,53.216255,On or near Hillside Avenue,W01000273,Flintshire 007A,Violence and sexual offences,Status update unavailable,
804104e8ffb888ddf620c4eea7e065a7eb8d0520afdec9b7b38a5f96ede423a1,2023-06,North Wales Police,North Wales Police,-3.064648,53.221729,On or near Osbourne Court,W01000273,Flintshire 007A,Violence and sexual offences,Court result unavailable,
2bd06507625d2746e981db0e3d57735b31608b901a623acaf95d19a9f485c0c1,2023-06,North Wales Police,North Wales Police,-3.068526,53.216255,On or near Hillside Avenue,W01000273,Flintshire 007A,Violence and sexual offences,Investigation complete; no suspect identified,
9161fb892df21a7e14a5d1b9d213f3dd3211df8dc312588ed9035cac52b158ca,2023-06,North Wales Police,North Wales Police,-3.068526,53.216255,On or near Hillside Avenue,W01000273,Flintshire 007A,Violence and sexual offences,Status update unavailable,
4a598a8bca5952bd29ab7d0694cc06d8aaaa398bfbb44a854c972705bfe4a203,2023-06,North Wales Police,North Wales Police,-3.066305,53.219682,On or near Nant Road,W01000273,Flintshire 007A,Violence and sexual offences,Unable to prosecute suspect,
a50bc22be40e5aa74fbb2cda6daeda22019e500e2cc5ff5beca946fb7a3ce225,2023-06,North Wales Police,North Wales Police,-3.068526,53.216255,On or near Hillside Avenue,W01000273,Flintshire 007A,Violence and sexual offences,Status update unavailable,
3033179bb8856391ce6646bd2da683337f89ce332368fce2976661e11ce04472,2023-06,North Wales Police,North Wales Police,-3.064648,53.221729,On or near Osbourne Court,W01000273,Flintshire 007A,Violence and sexual offences,Unable to prosecute suspect,
79b0ebb2dc03a3c64ac96af9e3bee852d32fbbe6817ad2ce508501005dc96d66,2023-06,North Wales Police,North Wales Police,-3.065505,53.215824,On or near Englefield Avenue,W01000273,Flintshire 007A,Other crime,Investigation complete; no suspect identified,
,2023-06,North Wales Police,North Wales Police,-3.054429,53.216669,On or near Dodd'S Drive,W01000274,Flintshire 007B,Anti-social behaviour,,
,2023-06,North Wales Police,North Wales Police,-3.054429,53.216669,On or near Dodd'S Drive,W01000274,Flintshire 007B,Anti-social behaviour,,
,2023-06,North Wales Police,North Wales Police,-3.060297,53.214127,On or near Cambrian Close,W01000274,Flintshire 007B,Anti-social behaviour,,
,2023-06,North Wales Police,North Wales Police,-3.058962,53.219505,On or near Bethel Place,W01000274,Flintshire 007B,Anti-social behaviour,,
,2023-06,North Wales Police,North Wales Police,-3.057186,53.219754,On or near Fishermans' Road,W01000274,Flintshire 007B,Anti-social behaviour,,
,2023-06,North Wales Police,North Wales Police,-3.057186,53.219754,On or near Fishermans' Road,W01000274,Flintshire 007B,Anti-social behaviour,,
,2023-06,North Wales Police,North Wales Police,-3.058962,53.219505,On or near Bethel Place,W01000274,Flintshire 007B,Anti-social behaviour,,
,2023-06,North Wales Police,North Wales Police,-3.057252,53.216976,On or near Arnold Grove,W01000274,Flintshire 007B,Anti-social behaviour,,
,2023-06,North Wales Police,North Wales Police,-3.057186,53.219754,On or near Fishermans' Road,W01000274,Flintshire 007B,Anti-social behaviour,,
7b2f7b19e4bc9e6586e80b1080eb4261432e9cd42a0469a2d74ebd2442cbf5e0,2023-06,North Wales Police,North Wales Police,-3.058962,53.219505,On or near Bethel Place,W01000274,Flintshire 007B,Criminal damage and arson,Investigation complete; no suspect identified,
e64de7040a6c033b4fa29332f794d24507ac30979afda3cfb7a66da1f362f9e3,2023-06,North Wales Police,North Wales Police,-3.058962,53.219505,On or near Bethel Place,W01000274,Flintshire 007B,Criminal damage and arson,Unable to prosecute suspect,
20cdb6269e66ceac3e1307dc80341cce69f720c806a75011d29a05515c3a3001,2023-06,North Wales Police,North Wales Police,-3.051262,53.216984,On or near Parking Area,W01000274,Flintshire 007B,Criminal damage and arson,Unable to prosecute suspect,
0aa2067dea8b3b40ad48f3c0ee2a8ca2d7f99b5f11185e6488616c85a244a535,2023-06,North Wales Police,North Wales Police,-3.057186,53.219754,On or near Fishermans' Road,W01000274,Flintshire 007B,Other theft,Unable to prosecute suspect,
b7f56591c63a5dc21fc130e1bc677d37afbce1c0d4646b54f1f7d285474192a1,2023-06,North Wales Police,North Wales Police,-3.058962,53.219505,On or near Bethel Place,W01000274,Flintshire 007B,Public order,Unable to prosecute suspect,
bdb22524d8d348f8a8d064c995130ac1db4c49286a251b11317fbfb24c17189d,2023-06,North Wales Police,North Wales Police,-3.054684,53.218518,On or near Chandlers Court,W01000274,Flintshire 007B,Public order,Unable to prosecute suspect,
61f709364963078e86b4502986f5dba044520f7909631bf5c38784b4711dc427,2023-06,North Wales Police,North Wales Police,-3.054773,53.217879,On or near Deans Place,W01000274,Flintshire 007B,Public order,Court result unavailable,
f5fbbc9d5236772b4602799518a0fd9642218dde3e1ff87518e4335a66bee8b2,2023-06,North Wales Police,North Wales Police,-3.055113,53.215845,On or near Howard Street,W01000274,Flintshire 007B,Violence and sexual offences,Action to be taken by another organisation,
772e78509d147554af086631ed5ccf3cef5e2b005194bb0698761afbc0431b30,2023-06,North Wales Police,North Wales Police,-3.054429,53.216669,On or near Dodd'S Drive,W01000274,Flintshire 007B,Violence and sexual offences,Unable to prosecute suspect,
07633a9979e33991fe767df4427a459c0c155973c554233798597d3c68259c07,2023-06,North Wales Police,North Wales Police,-3.058962,53.219505,On or near Bethel Place,W01000274,Flintshire 007B,Violence and sexual offences,Unable to prosecute suspect,
cb383bd8c220d55b7436308179a527c85ab47abf392fc89aa428a765a807657a,2023-06,North Wales Police,North Wales Police,-3.054684,53.218518,On or near Chandlers Court,W01000274,Flintshire 007B,Violence and sexual offences,Court result unavailable,
4bd98fe341e2a45ead50cdbfa9a82f9ad581bfbf8ece52f171a537aca9d00ee8,2023-06,North Wales Police,North Wales Police,-3.058962,53.219505,On or near Bethel Place,W01000274,Flintshire 007B,Violence and sexual offences,Unable to prosecute suspect,
7b5d789276a110a45f8cd0098e5781b722cbb1128929d30d989ae1cd06854596,2023-06,North Wales Police,North Wales Police,-3.058962,53.219505,On or near Bethel Place,W01000274,Flintshire 007B,Violence and sexual offences,Unable to prosecute suspect,
0dc31b3afbb8580f393b92bef31475bc04f4fc77341e9b465c233953520b3c8a,2023-06,North Wales Police,North Wales Police,-3.058962,53.219505,On or near Bethel Place,W01000274,Flintshire 007B,Violence and sexual offences,Unable to prosecute suspect,
bb8c0b77aa9f8eb222fbe83098faf28fffe904f434925a8ca4dbeef757ddc41a,2023-06,North Wales Police,North Wales Police,-3.053391,53.217721,On or near High Street,W01000274,Flintshire 007B,Violence and sexual offences,Unable to prosecute suspect,
badde9796bcf99649a9dff33fd535991fc06a2e0052d147ca6d782d833ae94f1,2023-06,North Wales Police,North Wales Police,-3.054684,53.218518,On or near Chandlers Court,W01000274,Flintshire 007B,Violence and sexual offences,Unable to prosecute suspect,
cf99bf83822f747d46a779295b4bfcd9706c0e0b0bded26d4683c54a0416c5b9,2023-06,North Wales Police,North Wales Police,-3.052347,53.217280,On or near High Street,W01000274,Flintshire 007B,Violence and sexual offences,Unable to prosecute suspect,
b77b8a80bda3895c19c9de75cecf4bc1bf4e7df35cc17d674166da8bfc1db27a,2023-06,North Wales Police,North Wales Police,-3.057252,53.216976,On or near Arnold Grove,W01000274,Flintshire 007B,Violence and sexual offences,Unable to prosecute suspect,
45976e278453e58a4900fdc4a6409cceb610cd60a27630da7cbf8d76b9768a6c,2023-06,North Wales Police,North Wales Police,-3.058962,53.219505,On or near Bethel Place,W01000274,Flintshire 007B,Violence and sexual offences,Unable to prosecute suspect,
59616e4c149d85cb65aacf0cc876d086b84bf98eeffe199b785d31382fe8a2bb,2023-06,North Wales Police,North Wales Police,-3.058962,53.219505,On or near Bethel Place,W01000274,Flintshire 007B,Violence and sexual offences,Further action is not in the public interest,
21356a70bd695b4c063f602709ae7dbf08ebbb64e0f66d4e0b1c5fb2ec9c8e5a,2023-06,North Wales Police,North Wales Police,-3.060297,53.214127,On or near Cambrian Close,W01000274,Flintshire 007B,Other crime,Court result unavailable,
b752cbc8914b59a7fef670b9129981ee28c9b8e0cb71492d8cf939bc84e789b3,2023-06,North Wales Police,North Wales Police,-3.064618,53.222331,On or near Rock Road,W01000275,Flintshire 007C,Other theft,Investigation complete; no suspect identified,
98912f73460f2328b093b0cd72692fcb8952af955e4c1080edd2ca6c416b9368,2023-06,North Wales Police,North Wales Police,-3.083410,53.228041,On or near Perenna Court,W01000275,Flintshire 007C,Robbery,Unable to prosecute suspect,
9eeee33992343a8970b07ce3f626ab668263b3833b8d221fc68fe427c4f8b03b,2023-06,North Wales Police,North Wales Police,-3.075421,53.223654,On or near Farm Drive,W01000275,Flintshire 007C,Vehicle crime,Investigation complete; no suspect identified,
76411479e1f341c864f8de99d860fbf07ba065e756e51a3bc4feeedcde6eff2a,2023-06,North Wales Police,North Wales Police,-3.076492,53.225390,On or near Sports/Recreation Area,W01000275,Flintshire 007C,Violence and sexual offences,Local resolution,
3631a3ce1edc120049bfd8cde018a656730c4d022756a0434c9d76a50afc15b3,2023-06,North Wales Police,North Wales Police,-3.066299,53.223044,On or near Bank Road,W01000275,Flintshire 007C,Violence and sexual offences,Unable to prosecute suspect,
e76be3b060f80c10c6032b52a03cacf85e2abe5986c0adc41ea3bc5bfb346779,2023-06,North Wales Police,North Wales Police,-3.076492,53.225390,On or near Sports/Recreation Area,W01000275,Flintshire 007C,Violence and sexual offences,Unable to prosecute suspect,
72216651146062156a4498a4c15e88af441af5300b2680c5d748d08e5917e2dd,2023-06,North Wales Police,North Wales Police,-3.078056,53.222638,On or near Sports/Recreation Area,W01000275,Flintshire 007C,Violence and sexual offences,Unable to prosecute suspect,
,2023-06,North Wales Police,North Wales Police,-3.070478,53.218845,On or near River View,W01000278,Flintshire 007D,Anti-social behaviour,,
,2023-06,North Wales Police,North Wales Police,-3.067770,53.221988,On or near Hamilton Road,W01000278,Flintshire 007D,Anti-social behaviour,,
,2023-06,North Wales Police,North Wales Police,-3.069868,53.222608,On or near Talfryn Close,W01000278,Flintshire 007D,Anti-social behaviour,,
e0037506d028e5af0be47e3118200b003d72c9a9066f782660e820453ede9a43,2023-06,North Wales Police,North Wales Police,-3.068330,53.222828,On or near Lower Brook Street,W01000278,Flintshire 007D,Criminal damage and arson,Investigation complete; no suspect identified,
407655f0dd5525e9204c8e85324c6e76d434209769ce9f811017cb580282a585,2023-06,North Wales Police,North Wales Police,-3.070478,53.218845,On or near River View,W01000278,Flintshire 007D,Criminal damage and arson,Investigation complete; no suspect identified,
101b354d5f95658f3be904376f8370dccaf1720afac08f93f73e0ee3193c1ffd,2023-06,North Wales Police,North Wales Police,-3.069230,53.217472,On or near Deva Avenue,W01000278,Flintshire 007D,Criminal damage and arson,Unable to prosecute suspect,
0a0b5ec41180e544aca989c08b2018106cfce1c429e37fea8490a12aaec0e295,2023-06,North Wales Police,North Wales Police,-3.069230,53.217472,On or near Deva Avenue,W01000278,Flintshire 007D,Other theft,Unable to prosecute suspect,
6f76dcb88ba0a9d42cf4339df0bdcc34ff13890d8bac94637f688fa63affe67b,2023-06,North Wales Police,North Wales Police,-3.069545,53.223724,On or near Petrol Station,W01000278,Flintshire 007D,Shoplifting,Investigation complete; no suspect identified,
1a7196f0094e0f969b818d24cf30c681bb0c1093831fffd5efb711d05c2589db,2023-06,North Wales Police,North Wales Police,-3.066994,53.220881,On or near Hilbre Road,W01000278,Flintshire 007D,Violence and sexual offences,Unable to prosecute suspect,
f3dcd39613ac64b313912b3124d7ba3828ac18cf86b0789f13d064e18713cc8c,2023-06,North Wales Police,North Wales Police,-3.070478,53.218845,On or near River View,W01000278,Flintshire 007D,Violence and sexual offences,Unable to prosecute suspect,
da1d28e392a6eae0c36679ae232f6ef4e632a1f026f6bfeb13b01bc28e347b32,2023-06,North Wales Police,North Wales Police,-3.067770,53.221988,On or near Hamilton Road,W01000278,Flintshire 007D,Violence and sexual offences,Unable to prosecute suspect,
c92955d79a1664a1e87630a24fd64e65458e43d11427e0fa994be8293e8ee7e2,2023-06,North Wales Police,North Wales Police,-3.066994,53.220881,On or near Hilbre Road,W01000278,Flintshire 007D,Violence and sexual offences,Unable to prosecute suspect,
8e09ac382b4b9d4655876aac73934ea5e957a92cb57ad2a308db8cbcc9550c80,2023-06,North Wales Police,North Wales Police,-3.067770,53.221988,On or near Hamilton Road,W01000278,Flintshire 007D,Violence and sexual offences,Unable to prosecute suspect,
383282fca9901ce7a1d836f516740c313e418fe924f3bf146746540903a8d5ae,2023-06,North Wales Police,North Wales Police,-3.066354,53.221641,On or near New Union Street,W01000278,Flintshire 007D,Violence and sexual offences,Unable to prosecute suspect,
40043c32c68efcd61d3626542fb359d84ce2fb13cf829c3be038f3efa579047a,2023-06,North Wales Police,North Wales Police,-3.067770,53.221988,On or near Hamilton Road,W01000278,Flintshire 007D,Other crime,Unable to prosecute suspect,
fc5abe38266f236f36140a237bad2e3f793bdda60d06dd58854b98be4a8aaf26,2023-06,North Wales Police,North Wales Police,-3.066994,53.220881,On or near Hilbre Road,W01000278,Flintshire 007D,Other crime,Unable to prosecute suspect,
bfc3bea30a3a12c8dc0d6a152cc6df96d255041abd9b882cf076b64554af1da7,2023-06,North Wales Police,North Wales Police,-3.069230,53.217472,On or near Deva Avenue,W01000278,Flintshire 007D,Other crime,Unable to prosecute suspect,
,2023-06,North Wales Police,North Wales Police,-3.073617,53.223401,On or near Cedar Avenue,W01000276,Flintshire 008A,Anti-social behaviour,,
,2023-06,North Wales Police,North Wales Police,-3.076439,53.220068,On or near Courbet Drive,W01000276,Flintshire 008A,Anti-social behaviour,,
91986dd8ee9575ba29cd10210a159b4a2e3630a43f6b79557116e4ea890a461a,2023-06,North Wales Police,North Wales Police,-3.073617,53.223401,On or near Cedar Avenue,W01000276,Flintshire 008A,Criminal damage and arson,Investigation complete; no suspect identified,
1ed27d4f920bb4f729705424bf1a69b0a4ce5a1a6836d92bd96eaa38c308b3c7,2023-06,North Wales Police,North Wales Police,-3.075988,53.217591,On or near Highmere Drive,W01000276,Flintshire 008A,Criminal damage and arson,Investigation complete; no suspect identified,
46c69240b16e7ea9e10742a8bcaee0db28e28a709c07f6825f38494767bac729,2023-06,North Wales Police,North Wales Police,-3.074906,53.218059,On or near Newby Walk,W01000276,Flintshire 008A,Violence and sexual offences,Unable to prosecute suspect,
,2023-06,North Wales Police,North Wales Police,-3.078584,53.212425,On or near Fern Close,W01000277,Flintshire 008B,Anti-social behaviour,,
afe3cd159762f27700d197998e2a6d7955edb93eb33032f20c466d4f6995c07d,2023-06,North Wales Police,North Wales Police,-3.072263,53.218379,On or near Afon View,W01000277,Flintshire 008B,Public order,Action to be taken by another organisation,
c64e24443f2236c4d877d1823decaa96ff45cc874e9d91fa5e4db54cab3db37d,2023-06,North Wales Police,North Wales Police,-3.072760,53.214887,On or near Conway Court,W01000277,Flintshire 008B,Public order,Unable to prosecute suspect,
617ba220501fa1c1c5b983f74deb1382ff5d36f842f53fda35cf15cfdb982757,2023-06,North Wales Police,North Wales Police,-3.074558,53.213720,On or near Supermarket,W01000277,Flintshire 008B,Shoplifting,Unable to prosecute suspect,
a1e11e7faa84266cffeeb14dbf8fb80e3687f9d1480f0126bba33d549d341491,2023-06,North Wales Police,North Wales Police,-3.074558,53.213720,On or near Supermarket,W01000277,Flintshire 008B,Shoplifting,Investigation complete; no suspect identified,
988c7d33c8a63c2910f9cf13a0b72c32a460b357c370d1698e8b95137db9e317,2023-06,North Wales Police,North Wales Police,-3.074558,53.213720,On or near Supermarket,W01000277,Flintshire 008B,Shoplifting,Investigation complete; no suspect identified,
d5aea69aeda5b9cfea4b0a6e51c87e4fe313009bb717dec1c4592ba0192448c3,2023-06,North Wales Police,North Wales Police,-3.077505,53.211788,On or near Fairoaks Drive,W01000277,Flintshire 008B,Violence and sexual offences,Unable to prosecute suspect,
c9d877f378cd01312ce83c45e3e6527a47693325ef0e6dd0115fd64a37163cb3,2023-06,North Wales Police,North Wales Police,-3.072263,53.218379,On or near Afon View,W01000277,Flintshire 008B,Violence and sexual offences,Unable to prosecute suspect,
db1140c0885168815753adfdbd6e8434d9d3a3f95e82d20591c06b55d5a39d10,2023-06,North Wales Police,North Wales Police,-3.074558,53.213720,On or near Supermarket,W01000277,Flintshire 008B,Violence and sexual offences,Unable to prosecute suspect,
2bca3b6ed6b1a3edda3b8e08820f5dbf335e7447bf9bd48748b2b6af4c685ce8,2023-06,North Wales Police,North Wales Police,-3.072816,53.218905,On or near Aber View,W01000277,Flintshire 008B,Violence and sexual offences,Investigation complete; no suspect identified,
3e12de2dca883b4ca302a1df1ba08e0dcc76200a23b4e72ad9333599ab1f7302,2023-06,North Wales Police,North Wales Police,-3.074558,53.213720,On or near Supermarket,W01000277,Flintshire 008B,Violence and sexual offences,Unable to prosecute suspect,
cbc969d1ed49fd370b9ce3848dd7b8ebee1a49b8ff47ca4d41b5b72bdb59eb74,2023-06,North Wales Police,North Wales Police,-3.064606,53.215194,On or near Celyn Avenue,W01000279,Flintshire 008C,Violence and sexual offences,Unable to prosecute suspect,
fb33acfa7d8c2b0ca8bcee726fbdfa3dfe27cfda04f573840ce356a699ebcaa0,2023-06,North Wales Police,North Wales Police,-3.064606,53.215194,On or near Celyn Avenue,W01000279,Flintshire 008C,Burglary,Unable to prosecute suspect,
42626ada91a2686d2f2f779f7b3c8908327a941f4b1b8d2765320db6712ba0e8,2023-06,North Wales Police,North Wales Police,-3.064606,53.215194,On or near Celyn Avenue,W01000279,Flintshire 008C,Criminal damage and arson,Unable to prosecute suspect,
47facb59dd1fa3b019f4cee0c4bfa6f6673b8855320d40f6d0705618d2bcdbd9,2023-06,North Wales Police,North Wales Police,-3.062627,53.212685,On or near Cranbrook Close,W01000279,Flintshire 008C,Criminal damage and arson,Investigation complete; no suspect identified,
bbaddc180bf65e5546dcab4854b3850308408809aa31d92a6cde5aaa0159e96d,2023-06,North Wales Police,North Wales Police,-3.062627,53.212685,On or near Cranbrook Close,W01000279,Flintshire 008C,Criminal damage and arson,Investigation complete; no suspect identified,
80bf6c927e608a25058b76f0c9a83d84d8c309c9192815eebe767080cca5cbbd,2023-06,North Wales Police,North Wales Police,-3.058697,53.206356,On or near Park/Open Space,W01000279,Flintshire 008C,Public order,Investigation complete; no suspect identified,
544aa8eae715d66a22a7f9919e467c6e553c39b04ac5c6fa35c4186dd75ca245,2023-06,North Wales Police,North Wales Police,-3.064606,53.215194,On or near Celyn Avenue,W01000279,Flintshire 008C,Violence and sexual offences,Unable to prosecute suspect,
84173b774b0213de783c6d34195fa0d1adf0f21d1f293dde1199ef35298fc3a9,2023-06,North Wales Police,North Wales Police,-3.058697,53.206356,On or near Park/Open Space,W01000279,Flintshire 008C,Violence and sexual offences,Investigation complete; no suspect identified,
f99d034d9b1f1be016803f771fb674be8ca814391887c364288e7c7c6618099d,2023-06,North Wales Police,North Wales Police,-3.064606,53.215194,On or near Celyn Avenue,W01000279,Flintshire 008C,Violence and sexual offences,Unable to prosecute suspect,
,2023-06,North Wales Police,North Wales Police,-3.072141,53.213463,On or near Lime Close,W01000281,Flintshire 008D,Anti-social behaviour,,
84cd6d64c9026005471ecc5202871921835fc8278fc0fa7a2a14c19da34f8272,2023-06,North Wales Police,North Wales Police,-3.063788,53.214194,On or near Willow Crescent,W01000281,Flintshire 008D,Possession of weapons,Unable to prosecute suspect,
e28bbfc8867445b1b01a7b8a7a1870a5dfc71f2412e5cc851dfaacfd42d65951,2023-06,North Wales Police,North Wales Police,-3.070299,53.211664,On or near Clivedon Road,W01000281,Flintshire 008D,Violence and sexual offences,Investigation complete; no suspect identified,
5fe60c7b4db0b5d76506c7f2d44d1c751df030150aa293b088034389175e2677,2023-06,North Wales Police,North Wales Police,-3.047821,53.215900,On or near Spring Street,W01000283,Flintshire 008E,Burglary,Unable to prosecute suspect,
0ff89edc7dced9ec42e173b6fd373618aa59190ae8b52da71e55806a7c5b22df,2023-06,North Wales Police,North Wales Police,-3.047821,53.215900,On or near Spring Street,W01000283,Flintshire 008E,Violence and sexual offences,Unable to prosecute suspect,
55a2b28fff7bab314fcdea2116e5148f9a24442fd713903940f846681a74c470,2023-06,North Wales Police,North Wales Police,-3.049861,53.214830,On or near Parking Area,W01000283,Flintshire 008E,Violence and sexual offences,Unable to prosecute suspect,
,2023-06,North Wales Police,North Wales Police,-3.047821,53.215900,On or near Spring Street,W01000283,Flintshire 008E,Anti-social behaviour,,
,2023-06,North Wales Police,North Wales Police,-3.048513,53.212361,On or near Mill Lane,W01000283,Flintshire 008E,Anti-social behaviour,,
,2023-06,North Wales Police,North Wales Police,-3.048513,53.212361,On or near Mill Lane,W01000283,Flintshire 008E,Anti-social behaviour,,
,2023-06,North Wales Police,North Wales Police,-3.056025,53.210937,On or near Thornfield Avenue,W01000283,Flintshire 008E,Anti-social behaviour,,
,2023-06,North Wales Police,North Wales Police,-3.048513,53.212361,On or near Mill Lane,W01000283,Flintshire 008E,Anti-social behaviour,,
e6b802f4adfd45a8d2944f427e7496f4a97ce5c2092fdd0fce0b61b984ae5399,2023-06,North Wales Police,North Wales Police,-3.047821,53.215900,On or near Spring Street,W01000283,Flintshire 008E,Bicycle theft,Court result unavailable,
f15549028e09bbef1a7ab306306029d3262372318e60aa052ffc6d9396737019,2023-06,North Wales Police,North Wales Police,-3.050253,53.216157,On or near Parking Area,W01000283,Flintshire 008E,Criminal damage and arson,Unable to prosecute suspect,
9035fbb09d9a83c8dba94312e4280f2ccd9956e8221c8466d4e05bcdfdab1f0e,2023-06,North Wales Police,North Wales Police,-3.049861,53.214830,On or near Parking Area,W01000283,Flintshire 008E,Criminal damage and arson,Local resolution,
bf7b6d811ae48a98170489e537cdbdefd81f2377d86a3432f8d768bd6255525f,2023-06,North Wales Police,North Wales Police,-3.035830,53.235979,On or near Weighbridge Road,W01000283,Flintshire 008E,Other theft,Unable to prosecute suspect,
4897818bea8a41b06d04267cb72e6e076606713377c47c5f2adff0df5be0b17b,2023-06,North Wales Police,North Wales Police,-3.050482,53.214510,On or near Fron Road,W01000283,Flintshire 008E,Public order,Investigation complete; no suspect identified,
520a05691d752504e717116f48e71ea2f5a25d1abb0f749bf1b7cb04342e945c,2023-06,North Wales Police,North Wales Police,-3.044724,53.214183,On or near High Street,W01000283,Flintshire 008E,Theft from the person,Investigation complete; no suspect identified,
5ddeef308082ab5485cba1cb129144ff230de7ea6480a8a1b5e3f4e4a7e11fd2,2023-06,North Wales Police,North Wales Police,-3.052612,53.215255,On or near Custom House Court,W01000283,Flintshire 008E,Violence and sexual offences,Status update unavailable,
69e96f101c6e37749ee0620b0689b44ea67de92dc3a981b2f1fca5181fd189c5,2023-06,North Wales Police,North Wales Police,-3.050980,53.215270,On or near Breeze Hill,W01000283,Flintshire 008E,Violence and sexual offences,Unable to prosecute suspect,
8699df7a884ea81246c518a965e07fc7210c0049f3460a930a28df32b1cbc632,2023-06,North Wales Police,North Wales Police,-3.053181,53.213399,On or near Dee Road,W01000283,Flintshire 008E,Violence and sexual offences,Investigation complete; no suspect identified,
4be1ee75f5ca1cb682c2f808a6f68c7de34367b65615c2598a57b8bba9e1cd85,2023-06,North Wales Police,North Wales Police,-3.049723,53.217142,On or near Saint David'S Court,W01000283,Flintshire 008E,Violence and sexual offences,Unable to prosecute suspect,
1745a7526c50eff430869f005f4118fa9de5cfd402b33e078ed17a1254def800,2023-06,North Wales Police,North Wales Police,-3.053181,53.213399,On or near Dee Road,W01000283,Flintshire 008E,Violence and sexual offences,Investigation complete; no suspect identified,
4b329d2706ab02c4838d162263c3dc29f30480e4893587627e8bc07974e4a542,2023-06,North Wales Police,North Wales Police,-3.048513,53.212361,On or near Mill Lane,W01000283,Flintshire 008E,Violence and sexual offences,Status update unavailable,
730e614a745a094daf583fcce525fd5b9e10c1f06954705d37a2fa323e1e7945,2023-06,North Wales Police,North Wales Police,-3.035089,53.243734,On or near Park/Open Space,W01000283,Flintshire 008E,Violence and sexual offences,Unable to prosecute suspect,
f800963f86c801bb409b9b0e5c77f18bc2966d0d3c51994350acf1fa01776bb0,2023-06,North Wales Police,North Wales Police,-3.047821,53.215900,On or near Spring Street,W01000283,Flintshire 008E,Violence and sexual offences,Unable to prosecute suspect,
,2023-06,North Wales Police,North Wales Police,-3.003177,53.217138,On or near Cedar Avenue,W01000332,Flintshire 009A,Anti-social behaviour,,
,2023-06,North Wales Police,North Wales Police,-3.003312,53.217820,On or near Hawthorn View,W01000332,Flintshire 009A,Anti-social behaviour,,
,2023-06,North Wales Police,North Wales Police,-3.005562,53.219860,On or near Rhodfa Donaldson,W01000332,Flintshire 009A,Anti-social behaviour,,
b2d00caf65cde8ba6d32d563a8e2c02ad6c4d96becfc6b63e7db270e11b1c17e,2023-06,North Wales Police,North Wales Police,-3.004079,53.229482,On or near First Avenue,W01000332,Flintshire 009A,Burglary,Investigation complete; no suspect identified,
e61757870bd05da149dc4dae12508de5600d42e48634cd577dc422442b4808a9,2023-06,North Wales Police,North Wales Police,-3.004079,53.229482,On or near First Avenue,W01000332,Flintshire 009A,Burglary,Investigation complete; no suspect identified,
bf843644ee6ee8eb505d31d91b9565f25442c56b9b03b2e06b22025050d2d1e4,2023-06,North Wales Police,North Wales Police,-3.012984,53.211356,On or near Cleveland Grove,W01000332,Flintshire 009A,Criminal damage and arson,Investigation complete; no suspect identified,
682437ebf6700c8e2490267ea3469d799fe8d0596eedd178b7b678770ad3ffcf,2023-06,North Wales Police,North Wales Police,-3.009050,53.212810,On or near Glenesk Court,W01000332,Flintshire 009A,Criminal damage and arson,Investigation complete; no suspect identified,
88cbc981404faef52d20a727af7b110bf91662f834b352f45634bd17b5046122,2023-06,North Wales Police,North Wales Police,-2.995174,53.223390,On or near Parking Area,W01000332,Flintshire 009A,Criminal damage and arson,Status update unavailable,
bfd6614fbb2d76c1e6aeae1bd2c0afd99c8c3141cf072048e37e395afe39d7b7,2023-06,North Wales Police,North Wales Police,-2.995174,53.223390,On or near Parking Area,W01000332,Flintshire 009A,Drugs,Court result unavailable,
aa962b77531e9696d1e5fe7f151535be23202b46f19c985806bfb1f1ded29d3b,2023-06,North Wales Police,North Wales Police,-3.013878,53.229552,On or near Fourth Avenue,W01000332,Flintshire 009A,Other theft,Investigation complete; no suspect identified,
1b423de12ecb2dbefe824d7993bbf3c451675bdd8c175cef61a5bb031a8f73ab,2023-06,North Wales Police,North Wales Police,-3.005822,53.218168,On or near Leopard Moth Road,W01000332,Flintshire 009A,Public order,Court result unavailable,
6588bbc7bb98963cb1ba480a717609c81221e740c85d5722138d174268a3e956,2023-06,North Wales Police,North Wales Police,-3.019395,53.229100,On or near Park/Open Space,W01000332,Flintshire 009A,Violence and sexual offences,Unable to prosecute suspect,
69926a05460c1e6b122cc144c2213922655c4f9485a9e07533f643efdb9dc020,2023-06,North Wales Police,North Wales Police,-3.012984,53.211356,On or near Cleveland Grove,W01000332,Flintshire 009A,Violence and sexual offences,Unable to prosecute suspect,
d56ff02d1a1c84999f33aea492e55cda824f6081d8f459eb12af062c2f9b49d2,2023-06,North Wales Police,North Wales Police,-2.983256,53.220307,On or near Green Lane East,W01000332,Flintshire 009A,Violence and sexual offences,Unable to prosecute suspect,
e09e1b6af602e40ac077ddb2a6fbab20a58764ecb230d115fb8994f1295a294e,2023-06,North Wales Police,North Wales Police,-3.005822,53.218168,On or near Leopard Moth Road,W01000332,Flintshire 009A,Violence and sexual offences,Unable to prosecute suspect,
e446848906ee144c8643e036964b5be244c9c8d9b42f5ee960ec18a65b8e5521,2023-06,North Wales Police,North Wales Police,-2.998706,53.211000,On or near North Green,W01000332,Flintshire 009A,Violence and sexual offences,Unable to prosecute suspect,
4ea837d56efabc1135624a4d9571a573229cfd65bfbc12b74df68e97232528f9,2023-06,North Wales Police,North Wales Police,-2.998706,53.211000,On or near North Green,W01000332,Flintshire 009A,Violence and sexual offences,Unable to prosecute suspect,
a30f33342853474ec3d83f5ca229f8e3b0a11ce9acdccbe588314f2272d1cc14,2023-06,North Wales Police,North Wales Police,-3.003177,53.217138,On or near Cedar Avenue,W01000332,Flintshire 009A,Other crime,Unable to prosecute suspect,
02b83084f003d389eb57332a665d5b7e59df18a95003095f03f22e88c55df54d,2023-06,North Wales Police,North Wales Police,-3.007752,53.216174,On or near Sandy Lane,W01000333,Flintshire 009B,Violence and sexual offences,Unable to prosecute suspect,
f0118b169c06481e0f2fa9a1af7155a9aa3d0c9cb4fa97352b93a231a28cdd06,2023-06,North Wales Police,North Wales Police,-3.007752,53.216174,On or near Sandy Lane,W01000333,Flintshire 009B,Violence and sexual offences,Unable to prosecute suspect,
,2023-06,North Wales Police,North Wales Police,-3.012298,53.215892,On or near Brookside,W01000333,Flintshire 009B,Anti-social behaviour,,
,2023-06,North Wales Police,North Wales Police,-3.007752,53.216174,On or near Sandy Lane,W01000333,Flintshire 009B,Anti-social behaviour,,
,2023-06,North Wales Police,North Wales Police,-3.003963,53.214902,On or near Maes Helyg,W01000333,Flintshire 009B,Anti-social behaviour,,
799a456899fc4015ed0ec9003de894c811c2e8bea9bd5f17d699becdb2364de6,2023-06,North Wales Police,North Wales Police,-3.013875,53.211672,On or near Ferry Bank,W01000333,Flintshire 009B,Burglary,Unable to prosecute suspect,
069d60a38ccf2773e692e1cff53a612a23a21095b07aff8531dbda18f9a931b2,2023-06,North Wales Police,North Wales Police,-3.015298,53.226879,On or near Sixth Avenue,W01000333,Flintshire 009B,Burglary,Investigation complete; no suspect identified,
8a1078b0407ec5e76715e881941d94a3ed09a8e4025ba0425fe9909c26e02fad,2023-06,North Wales Police,North Wales Police,-3.012290,53.215560,On or near Kingsley Road,W01000333,Flintshire 009B,Burglary,Investigation complete; no suspect identified,
81cad273a2ad51f0accb2837d6f5f4b497b395e08902cd2685c00c2bdaa9ec31,2023-06,North Wales Police,North Wales Police,-3.012298,53.215892,On or near Brookside,W01000333,Flintshire 009B,Criminal damage and arson,Unable to prosecute suspect,
cb3c8e082d0d7157d9b1794045975411961fc9cb5c4a866fb0c963676bae8fed,2023-06,North Wales Police,North Wales Police,-3.009592,53.216086,On or near Mapplewood Avenue,W01000333,Flintshire 009B,Criminal damage and arson,Unable to prosecute suspect,
a735c72c436f13bcc9a1560a3625185f0d9c01fc29c859ee06cddcf3a4bbcc73,2023-06,North Wales Police,North Wales Police,-2.996421,53.214498,On or near Villa Road,W01000333,Flintshire 009B,Criminal damage and arson,Investigation complete; no suspect identified,
9800e59decc2dd46007c0a22b59af9c50dd4f24bd3d47b5687963eb1d72acc0e,2023-06,North Wales Police,North Wales Police,-3.013875,53.211672,On or near Ferry Bank,W01000333,Flintshire 009B,Other theft,Investigation complete; no suspect identified,
31fcc58a561d689308b251eb3317a7f95f20606acff1e7ae9e80fdc0f8addebd,2023-06,North Wales Police,North Wales Police,-3.015298,53.226879,On or near Sixth Avenue,W01000333,Flintshire 009B,Possession of weapons,Unable to prosecute suspect,
c04ff9c6b7b23c826c90e17b877b9072161a4365f64e79dc2ed9ecb038883eb1,2023-06,North Wales Police,North Wales Police,-3.007573,53.214287,On or near B5441,W01000333,Flintshire 009B,Public order,Investigation complete; no suspect identified,
31058a7eba38b60fcb5674c89b890b384e795ba271d7b0112663b64507e037dc,2023-06,North Wales Police,North Wales Police,-3.009592,53.216086,On or near Mapplewood Avenue,W01000333,Flintshire 009B,Public order,Unable to prosecute suspect,
4932b26de058b60f96d6edfe8bbaaa6d873316666f23db6aacd7f55f4d9dcece,2023-06,North Wales Police,North Wales Police,-3.008736,53.215347,On or near Stafford Road,W01000333,Flintshire 009B,Public order,Unable to prosecute suspect,
54aa3333a83991eb6b6fb46aea79b87902863d0dcecff561f8512faeb5fef985,2023-06,North Wales Police,North Wales Police,-3.007879,53.214573,On or near Welsh Road,W01000333,Flintshire 009B,Shoplifting,Investigation complete; no suspect identified,
c2cee5859420b37fb2c7d79b01fe417e9182f72f8c7d2109e92d198d0e900970,2023-06,North Wales Police,North Wales Police,-3.007879,53.214573,On or near Welsh Road,W01000333,Flintshire 009B,Shoplifting,Investigation complete; no suspect identified,
0d913ee4d3768dfd7847f2034f983432bad1868cb9088fa986a2c2dd9e716877,2023-06,North Wales Police,North Wales Police,-3.009592,53.216086,On or near Mapplewood Avenue,W01000333,Flintshire 009B,Vehicle crime,Investigation complete; no suspect identified,
56d7585c3395f88db53d78637501a62efa452a2e2a10bdee0587b379261339e2,2023-06,North Wales Police,North Wales Police,-3.003963,53.214902,On or near Maes Helyg,W01000333,Flintshire 009B,Violence and sexual offences,Unable to prosecute suspect,
69f688d2f3a83c867c6386cd51696497c9bddabe0e4e04d245eef947cf41cf19,2023-06,North Wales Police,North Wales Police,-3.006190,53.213436,On or near Riverside Park,W01000333,Flintshire 009B,Violence and sexual offences,Status update unavailable,
e6c04d1d5f1662a6bf19566f74b0f3a87f8a09c214921bdce5ef64fbb26dc1f2,2023-06,North Wales Police,North Wales Police,-3.012290,53.215560,On or near Kingsley Road,W01000333,Flintshire 009B,Violence and sexual offences,Unable to prosecute suspect,
5d1daaa47893507088a5603cde9ba6d4b6adf4819d525458c63f49c0f2301df2,2023-06,North Wales Police,North Wales Police,-3.003963,53.214902,On or near Maes Helyg,W01000333,Flintshire 009B,Violence and sexual offences,Investigation complete; no suspect identified,
deeff7da55000876a2eceeca082a5eb75800fa8de05799a8ccc72423813cb6c0,2023-06,North Wales Police,North Wales Police,-3.006190,53.213436,On or near Riverside Park,W01000333,Flintshire 009B,Violence and sexual offences,Investigation complete; no suspect identified,
41ec72dfde440f3736070d4e3a95f03ab7c5f1f4bd2fe6720427ab0f394ef4ba,2023-06,North Wales Police,North Wales Police,-3.006190,53.213436,On or near Riverside Park,W01000333,Flintshire 009B,Violence and sexual offences,Investigation complete; no suspect identified,
8d946167e03fe7a80a12a3e6292c63e1d9c814b83e77d2ae44537c0700b4bc50,2023-06,North Wales Police,North Wales Police,-3.006190,53.213436,On or near Riverside Park,W01000333,Flintshire 009B,Violence and sexual offences,Status update unavailable,
a589e4b9657afd2c5e7a2dfe977725f2c50f4688669fabcf554012007c9a9deb,2023-06,North Wales Police,North Wales Police,-3.013875,53.211672,On or near Ferry Bank,W01000333,Flintshire 009B,Violence and sexual offences,Unable to prosecute suspect,
97deadc9a43d4bc160b4d1b98287362b832ded4f225ae1c3ab390b92f2fcebc0,2023-06,North Wales Police,North Wales Police,-3.011124,53.214365,On or near Bridge View,W01000333,Flintshire 009B,Violence and sexual offences,Court result unavailable,
,2023-06,North Wales Police,North Wales Police,-3.036996,53.211069,On or near B5129,W01000334,Flintshire 009C,Anti-social behaviour,,
,2023-06,North Wales Police,North Wales Police,-3.038417,53.208521,On or near Clarence Street,W01000334,Flintshire 009C,Anti-social behaviour,,
,2023-06,North Wales Police,North Wales Police,-3.035029,53.212092,On or near Health Street,W01000334,Flintshire 009C,Anti-social behaviour,,
,2023-06,North Wales Police,North Wales Police,-3.035029,53.212092,On or near Health Street,W01000334,Flintshire 009C,Anti-social behaviour,,
,2023-06,North Wales Police,North Wales Police,-3.035188,53.211821,On or near Rowley'S Drive,W01000334,Flintshire 009C,Anti-social behaviour,,
5c290e2017256948a2f76a06984886abb830f288dcdb15bb49204d44ae7d2bc9,2023-06,North Wales Police,North Wales Police,-3.036996,53.211069,On or near B5129,W01000334,Flintshire 009C,Other theft,Unable to prosecute suspect,
04d18b59f138ba9d9eb47faef3c3a827ca41510547029c5617b1df2d36b19f5c,2023-06,North Wales Police,North Wales Police,-3.036799,53.210971,On or near Chester Road (West),W01000334,Flintshire 009C,Public order,Unable to prosecute suspect,
205ce99b6d74fd34be3220143dcbe6645053e7e890e64ea18239ccf9c180bf66,2023-06,North Wales Police,North Wales Police,-3.041735,53.208276,On or near York Avenue,W01000334,Flintshire 009C,Public order,Investigation complete; no suspect identified,
2e9b8891a2ee34784d49078220faf6703d6d6fc0966a6986dc831da805eb8374,2023-06,North Wales Police,North Wales Police,-3.033328,53.209851,On or near Park Avenue,W01000334,Flintshire 009C,Shoplifting,Investigation complete; no suspect identified,
d05c2f7b60ffad3df7717d386482fca20e24caf77528178aee4e88546be6889f,2023-06,North Wales Police,North Wales Police,-3.033328,53.209851,On or near Park Avenue,W01000334,Flintshire 009C,Shoplifting,Unable to prosecute suspect,
ab2d8e41a0daff092e25236b8a42c8693472397595f72142f9ba4b1c5d9210ba,2023-06,North Wales Police,North Wales Police,-3.039125,53.210538,On or near Marina Drive,W01000334,Flintshire 009C,Theft from the person,Investigation complete; no suspect identified,
56af1f1f0794e77bd0d782b42d2c4c7dc66d10467ea3687b25cc72f42f3b3924,2023-06,North Wales Police,North Wales Police,-3.036677,53.210262,On or near Wellington Street,W01000334,Flintshire 009C,Vehicle crime,Investigation complete; no suspect identified,
b65d103b0409d943ec5835aa5b1923b6b7f6c1cebb6086a32eb0fa2c60f1272e,2023-06,North Wales Police,North Wales Police,-3.039108,53.209828,On or near Gloucester Avenue,W01000334,Flintshire 009C,Violence and sexual offences,Unable to prosecute suspect,
a5b2ca0a66f28aec7a3fb22335f3db7d019a273eb0245c49011e959d3e211422,2023-06,North Wales Police,North Wales Police,-3.042041,53.207303,On or near Kensington Avenue,W01000334,Flintshire 009C,Violence and sexual offences,Unable to prosecute suspect,
e85548b963b6ae96426ee4a83e102c683cd81de7016973c2aa158b5a8dd85905,2023-06,North Wales Police,North Wales Police,-3.037599,53.208762,On or near Butler Street,W01000334,Flintshire 009C,Violence and sexual offences,Action to be taken by another organisation,
4b9c0a939a9bd64a874ee4b0f85f71c628e3fd2887c8d1a80c2f509d1890ad62,2023-06,North Wales Police,North Wales Police,-3.036996,53.211069,On or near B5129,W01000334,Flintshire 009C,Violence and sexual offences,Investigation complete; no suspect identified,
fce6e6d890bb7b3a961cf5d099d69541e2090f1856da46c600e36066e2811b3a,2023-06,North Wales Police,North Wales Police,-3.035884,53.209676,On or near Lavender Court,W01000334,Flintshire 009C,Violence and sexual offences,Unable to prosecute suspect,
49a0b50ecdd8fb8d2b672736aaaa6803c63db9a03194524380c3602bba8e615f,2023-06,North Wales Police,North Wales Police,-3.033650,53.209551,On or near Chester Road (West),W01000334,Flintshire 009C,Violence and sexual offences,Investigation complete; no suspect identified,
437c065fc82139633235b2080ee2933ac767d0d863ed3c2973193b2bcd1a96d8,2023-06,North Wales Police,North Wales Police,-3.034092,53.210474,On or near Ketland Close,W01000334,Flintshire 009C,Violence and sexual offences,Local resolution,
0d8111011ad763fc8fbab29e5d57dc654cef2ddf9975ea054aa6c3398fc0116a,2023-06,North Wales Police,North Wales Police,-3.035969,53.202007,On or near Castle Hill Street,W01000335,Flintshire 009D,Violence and sexual offences,Awaiting court outcome,
d0975db644a4c1aab712696e4bbc722124a5cb515e1af18105e8c117d5e3cd2f,2023-06,North Wales Police,North Wales Police,-3.035969,53.202007,On or near Castle Hill Street,W01000335,Flintshire 009D,Violence and sexual offences,Unable to prosecute suspect,
6f613da4dc225e5175b273b100aa9ce999d6c8092e5166976f86a9d36645bb20,2023-06,North Wales Police,North Wales Police,-3.035969,53.202007,On or near Castle Hill Street,W01000335,Flintshire 009D,Violence and sexual offences,Awaiting court outcome,
,2023-06,North Wales Police,North Wales Police,-3.035969,53.202007,On or near Castle Hill Street,W01000335,Flintshire 009D,Anti-social behaviour,,
,2023-06,North Wales Police,North Wales Police,-3.036435,53.202722,On or near Clwyd Street,W01000335,Flintshire 009D,Anti-social behaviour,,
,2023-06,North Wales Police,North Wales Police,-3.035969,53.202007,On or near Castle Hill Street,W01000335,Flintshire 009D,Anti-social behaviour,,
,2023-06,North Wales Police,North Wales Police,-3.037977,53.200866,On or near Plough Lane,W01000335,Flintshire 009D,Anti-social behaviour,,
,2023-06,North Wales Police,North Wales Police,-3.036435,53.202722,On or near Clwyd Street,W01000335,Flintshire 009D,Anti-social behaviour,,
e9e87afe42b9d30aa90d9a36b6f4466515a33828353525e78857736cbb3944fb,2023-06,North Wales Police,North Wales Police,-3.038694,53.202622,On or near Glasll Wyn,W01000335,Flintshire 009D,Criminal damage and arson,Unable to prosecute suspect,
08fbdbd65c9f5591483be56ce9f77d2e1d07f82f1bd67c6f2c1340f20703c8bc,2023-06,North Wales Police,North Wales Police,-3.038957,53.204229,On or near Central Drive,W01000335,Flintshire 009D,Other theft,Investigation complete; no suspect identified,
06e240b6986a896eaf261394cbb2ab140045aae0533fe5cff3640a5c8fcf9254,2023-06,North Wales Police,North Wales Police,-3.037977,53.200866,On or near Plough Lane,W01000335,Flintshire 009D,Public order,Investigation complete; no suspect identified,
bc7adc8ecf6dd27db727145dd7195f922a354978b76cbbefbb7f528c72c119ee,2023-06,North Wales Police,North Wales Police,-3.040542,53.203514,On or near Elmwood Close,W01000335,Flintshire 009D,Vehicle crime,Investigation complete; no suspect identified,
b8f81a2f8746c133a006c14597b0269d25c446e3049901c32304f6d8244cea89,2023-06,North Wales Police,North Wales Police,-3.038694,53.202622,On or near Glasll Wyn,W01000335,Flintshire 009D,Violence and sexual offences,Unable to prosecute suspect,
28be5a11076082034507d31ad16e838cbd3b7485a1a0db339455bff784defea8,2023-06,North Wales Police,North Wales Police,-3.038694,53.202622,On or near Glasll Wyn,W01000335,Flintshire 009D,Violence and sexual offences,Unable to prosecute suspect,
aae0772aa4bc50145093e3c76de5d6c27b3bfda765f720a2f433e0192b8e2f31,2023-06,North Wales Police,North Wales Police,-3.035969,53.202007,On or near Castle Hill Street,W01000335,Flintshire 009D,Violence and sexual offences,Status update unavailable,
3e96ed4e10e9879f7af136d71db381fffe3e9ec7df3e13eacfd15a2b4aca20fe,2023-06,North Wales Police,North Wales Police,-3.036435,53.202722,On or near Clwyd Street,W01000335,Flintshire 009D,Violence and sexual offences,Unable to prosecute suspect,
379b0cc52c77f18307b2559fd09aceb29709a1b94f4d016b3fd3e56bc118a7d8,2023-06,North Wales Police,North Wales Police,-3.033002,53.205017,On or near Allans Close,W01000336,Flintshire 009E,Criminal damage and arson,Unable to prosecute suspect,
0548e12fe7ba5feda17a4a417473987ab399aa879ffa9becdfad9184fbe8d4e0,2023-06,North Wales Police,North Wales Police,-3.034547,53.206991,On or near Westminster Crescent,W01000336,Flintshire 009E,Violence and sexual offences,Investigation complete; no suspect identified,
,2023-06,North Wales Police,North Wales Police,-3.034547,53.206991,On or near Westminster Crescent,W01000336,Flintshire 009E,Anti-social behaviour,,
,2023-06,North Wales Police,North Wales Police,-3.030283,53.206308,On or near Sports/Recreation Area,W01000336,Flintshire 009E,Anti-social behaviour,,
,2023-06,North Wales Police,North Wales Police,-3.031176,53.203784,On or near Dee View,W01000336,Flintshire 009E,Anti-social behaviour,,
,2023-06,North Wales Police,North Wales Police,-3.034245,53.206247,On or near North Street,W01000336,Flintshire 009E,Anti-social behaviour,,
,2023-06,North Wales Police,North Wales Police,-3.031176,53.203784,On or near Dee View,W01000336,Flintshire 009E,Anti-social behaviour,,
,2023-06,North Wales Police,North Wales Police,-3.033002,53.205017,On or near Allans Close,W01000336,Flintshire 009E,Anti-social behaviour,,
e0a06d37fab4a5ac2c15c42883d0c4d827c248924a26d97e879370d19a9d20b4,2023-06,North Wales Police,North Wales Police,-3.036509,53.206380,On or near Green Lane,W01000336,Flintshire 009E,Criminal damage and arson,Investigation complete; no suspect identified,
a926bfc658fda95970ca24dc972a93b410ba71f078b72545b0b4544b9add55a6,2023-06,North Wales Police,North Wales Police,-3.032749,53.208786,On or near Petrol Station,W01000336,Flintshire 009E,Other theft,Investigation complete; no suspect identified,
f2c34459bba1ba7f93044359efa4d30e62d665436bda5a30254aacf0826000c6,2023-06,North Wales Police,North Wales Police,-3.031176,53.203784,On or near Dee View,W01000336,Flintshire 009E,Public order,Investigation complete; no suspect identified,
8f037cea30dddfa5b139e43dff30da86697f5c5e7eed5e7a020239176dd33075,2023-06,North Wales Police,North Wales Police,-3.034245,53.206247,On or near North Street,W01000336,Flintshire 009E,Public order,Investigation complete; no suspect identified,
d645874bfcb6b933b38c834219fd71fcdc487d33cdd4861d9691288f66ff06f2,2023-06,North Wales Police,North Wales Police,-3.032749,53.208786,On or near Petrol Station,W01000336,Flintshire 009E,Public order,Court result unavailable,
4b8b3a0aa610a9fa3fa754f68e3ccf17b00fa27b55651caa9044b618ef270422,2023-06,North Wales Police,North Wales Police,-3.031176,53.203784,On or near Dee View,W01000336,Flintshire 009E,Public order,Investigation complete; no suspect identified,
9b9ef8ec1481bc800d46bc3907e4490fbca88a639b2e775b8a5bb02a96e4332e,2023-06,North Wales Police,North Wales Police,-3.032749,53.208786,On or near Petrol Station,W01000336,Flintshire 009E,Shoplifting,Investigation complete; no suspect identified,
0d75f049baf9a027d05a51867f205f9c0de898bf0f6d34f745ef60f3d95cb5b9,2023-06,North Wales Police,North Wales Police,-3.032749,53.208786,On or near Petrol Station,W01000336,Flintshire 009E,Shoplifting,Investigation complete; no suspect identified,
86facea66db6236f2041ac2dbb5fa7c539fd3f65241b78dc0f706b7df8764440,2023-06,North Wales Police,North Wales Police,-3.032749,53.208786,On or near Petrol Station,W01000336,Flintshire 009E,Shoplifting,Investigation complete; no suspect identified,
2986ba902c7f0c455199968adb18d3dbc4c68bd6cd85f815cc72fd0f6b135979,2023-06,North Wales Police,North Wales Police,-3.030283,53.206308,On or near Sports/Recreation Area,W01000336,Flintshire 009E,Shoplifting,Investigation complete; no suspect identified,
e9e6125d3d3332052b540503775b50a4521061697db0c3c27dfb86171c5499ea,2023-06,North Wales Police,North Wales Police,-3.037690,53.206936,On or near Crossways,W01000336,Flintshire 009E,Vehicle crime,Investigation complete; no suspect identified,
1a0074a3bf6eceb1ea40fb06592d672b774539a12937d096afa464d9a15b5c4b,2023-06,North Wales Police,North Wales Police,-3.031176,53.203784,On or near Dee View,W01000336,Flintshire 009E,Vehicle crime,Investigation complete; no suspect identified,
a421d010f843b7e57bbae62e4c40f8701216a3b635e5752e5575a26c68deb8ba,2023-06,North Wales Police,North Wales Police,-3.038059,53.206097,On or near Chevrons Court,W01000336,Flintshire 009E,Violence and sexual offences,Unable to prosecute suspect,
0f5f08c7a03ec3b0891e9e490caa7680a7ed855848b913d9d364d391f315435f,2023-06,North Wales Police,North Wales Police,-3.032749,53.208786,On or near Petrol Station,W01000336,Flintshire 009E,Violence and sexual offences,Unable to prosecute suspect,
1f40fd0df16045b59f6a2d509435d3cfae1f5b5c80f47846f0af329257692ca1,2023-06,North Wales Police,North Wales Police,-3.032749,53.208786,On or near Petrol Station,W01000336,Flintshire 009E,Violence and sexual offences,Investigation complete; no suspect identified,
4e2324938b1af2417a2038ee227e6a3c996a32a8ab649c2e6f641e11df306dc7,2023-06,North Wales Police,North Wales Police,-3.036387,53.204458,On or near Cornwall Road,W01000336,Flintshire 009E,Violence and sexual offences,Unable to prosecute suspect,
da669011ec6a4d012df1a29990e4033ee3be28d5bbcaee5a5f6af41f39318738,2023-06,North Wales Police,North Wales Police,-3.034245,53.206247,On or near North Street,W01000336,Flintshire 009E,Violence and sexual offences,Unable to prosecute suspect,
345c08eff1cbdf202f5869128873f4ed5c2811f329d223d5d9e58cea261d6ace,2023-06,North Wales Police,North Wales Police,-3.036509,53.206380,On or near Green Lane,W01000336,Flintshire 009E,Violence and sexual offences,Unable to prosecute suspect,
c9f17474d631262c892aa1f67886ee46025b091c5e7ce35d370ebb1966b46d78,2023-06,North Wales Police,North Wales Police,-3.030283,53.206308,On or near Sports/Recreation Area,W01000336,Flintshire 009E,Violence and sexual offences,Status update unavailable,
d9de05acfff8f653f35c4f637ce0f14a1476f9a70c6f8dd3ec9f7645f907f562,2023-06,North Wales Police,North Wales Police,-3.036509,53.206380,On or near Green Lane,W01000336,Flintshire 009E,Violence and sexual offences,Unable to prosecute suspect,
,2023-06,North Wales Police,North Wales Police,-3.041591,53.210354,On or near The Brambles,W01000337,Flintshire 009F,Anti-social behaviour,,
,2023-06,North Wales Police,North Wales Police,-3.045435,53.211399,On or near Woodland Street,W01000337,Flintshire 009F,Anti-social behaviour,,
,2023-06,North Wales Police,North Wales Police,-3.041969,53.213596,On or near Ryeland Street,W01000337,Flintshire 009F,Anti-social behaviour,,
,2023-06,North Wales Police,North Wales Police,-3.046502,53.211570,On or near Woodland Crescent,W01000337,Flintshire 009F,Anti-social behaviour,,
,2023-06,North Wales Police,North Wales Police,-3.045546,53.207973,On or near Griffiths Court,W01000337,Flintshire 009F,Anti-social behaviour,,
3495c0782292e3281b4b525bbe33e540bb1512fadf9cb824e9e3e6d2d4ecf983,2023-06,North Wales Police,North Wales Police,-3.042638,53.212763,On or near Parking Area,W01000337,Flintshire 009F,Burglary,Investigation complete; no suspect identified,
c2939062c8c1baccc3a0075f212e0e84c79ba180f772dbcb7e0bfe59091e300d,2023-06,North Wales Police,North Wales Police,-3.039340,53.212028,On or near Charmleys Lane,W01000337,Flintshire 009F,Burglary,Court result unavailable,
58805cd1d66ef2e59c56deafc16900ce1b907cb7dcb71c3f7075691eb9cf66dc,2023-06,North Wales Police,North Wales Police,-3.042716,53.214147,On or near Bridge Street,W01000337,Flintshire 009F,Burglary,Investigation complete; no suspect identified,
23f5a5571c6b85fcf2fa3baddaae70ee2732b024615b69b423a3196a78c1c67e,2023-06,North Wales Police,North Wales Police,-3.040681,53.213580,On or near Salisbury Street,W01000337,Flintshire 009F,Burglary,Unable to prosecute suspect,
dfd1fe45b466cbdfd22e743b83e0ea28803a7befcf503dd676991c88e30a5c3b,2023-06,North Wales Police,North Wales Police,-3.043691,53.211729,On or near Kingsway,W01000337,Flintshire 009F,Criminal damage and arson,Status update unavailable,
baa04d053572579852ba300c34d8e8c1a6a2140aa2d4d596ef01e093215eff61,2023-06,North Wales Police,North Wales Police,-3.041591,53.210354,On or near The Brambles,W01000337,Flintshire 009F,Criminal damage and arson,Unable to prosecute suspect,
b95a72b8a7067e23bada5f9922fa4fdd543dac1346aaec9772d84f6b8d4a04db,2023-06,North Wales Police,North Wales Police,-3.046935,53.210271,On or near Mill View Road,W01000337,Flintshire 009F,Criminal damage and arson,Investigation complete; no suspect identified,
7f431b1dc3fa60b779b600223061b3347e744ce38dd344af8a9dab30cb8f460a,2023-06,North Wales Police,North Wales Police,-3.043691,53.211729,On or near Kingsway,W01000337,Flintshire 009F,Criminal damage and arson,Investigation complete; no suspect identified,
c0f66baa40eb98008411177621a44ec2a23067554e26d3716165fde0b0dd7694,2023-06,North Wales Police,North Wales Police,-3.039340,53.212028,On or near Charmleys Lane,W01000337,Flintshire 009F,Other theft,Unable to prosecute suspect,
1a167d1d9201532735872c682b44faf2eea058acad9ee1b64c19e3ec1a670c40,2023-06,North Wales Police,North Wales Police,-3.040681,53.213580,On or near Salisbury Street,W01000337,Flintshire 009F,Other theft,Investigation complete; no suspect identified,
946fe92f0d440d87e60c455c207f258d82060d6597f5ce41e4099df8edb327c6,2023-06,North Wales Police,North Wales Police,-3.039614,53.212808,On or near Parking Area,W01000337,Flintshire 009F,Other theft,Investigation complete; no suspect identified,
c0524c17be319ddee76505fc441f2c1571a78f6d36c3afc544719f476e2cf9bc,2023-06,North Wales Police,North Wales Police,-3.039614,53.212808,On or near Parking Area,W01000337,Flintshire 009F,Public order,Unable to prosecute suspect,
4b2c81b0c4e26a82c9fd94987c1222bb014d795e9186b4a41f1b0221e756babc,2023-06,North Wales Police,North Wales Police,-3.039340,53.212028,On or near Charmleys Lane,W01000337,Flintshire 009F,Robbery,Unable to prosecute suspect,
998090c10b45fb90765742f3b3fbbdf419e8c98bdc4b3aa4b7edc33208be884f,2023-06,North Wales Police,North Wales Police,-3.042638,53.212763,On or near Parking Area,W01000337,Flintshire 009F,Shoplifting,Court result unavailable,
4464d28618d1c097d9138cd469f16baf443721290a2ace6ce7e2cc3cf692cd53,2023-06,North Wales Police,North Wales Police,-3.042638,53.212763,On or near Parking Area,W01000337,Flintshire 009F,Shoplifting,Investigation complete; no suspect identified,
068b45730edaaf5b72db154ec18ef9dd566f06a76b6fc54c573ba7a4bc859c89,2023-06,North Wales Police,North Wales Police,-3.040193,53.211994,On or near Parking Area,W01000337,Flintshire 009F,Violence and sexual offences,Unable to prosecute suspect,
05ac0f530c5a3d78da902461eab6a75caa33b263870c007089f6acf9f61b6782,2023-06,North Wales Police,North Wales Police,-3.040193,53.211994,On or near Parking Area,W01000337,Flintshire 009F,Violence and sexual offences,Unable to prosecute suspect,
0aed69c2f0f21957244bd0874aed117ad9fe6f3c63127e19e3dbc1e22bd91bce,2023-06,North Wales Police,North Wales Police,-3.046690,53.209465,On or near Taliesin Avenue,W01000337,Flintshire 009F,Violence and sexual offences,Investigation complete; no suspect identified,
9d2ebad3091c61a0c9e31ab8f1d0f7cdde0c86d585fda75a782367d362138aad,2023-06,North Wales Police,North Wales Police,-3.040681,53.213580,On or near Salisbury Street,W01000337,Flintshire 009F,Violence and sexual offences,Unable to prosecute suspect,
cdfd21cd2d7c34987d37d54b209a253ebe16da4d47fa1e635ded774d324b07a4,2023-06,North Wales Police,North Wales Police,-3.042212,53.212515,On or near Parking Area,W01000337,Flintshire 009F,Violence and sexual offences,Unable to prosecute suspect,
0cb0c0536c1c02593fa08e37ebfd73256607e7d0285ce6b33e4293c2a62e5a39,2023-06,North Wales Police,North Wales Police,-3.040681,53.213580,On or near Salisbury Street,W01000337,Flintshire 009F,Violence and sexual offences,Unable to prosecute suspect,
dc8be6e56e7abb925965c7d758bb157459595891ab1325f664ae8eba1a76a9c6,2023-06,North Wales Police,North Wales Police,-3.039614,53.212808,On or near Parking Area,W01000337,Flintshire 009F,Other crime,Unable to prosecute suspect,
,2023-06,North Wales Police,North Wales Police,-3.036939,53.195670,On or near The Barnyard,W01000252,Flintshire 010A,Anti-social behaviour,,
,2023-06,North Wales Police,North Wales Police,-3.036939,53.195670,On or near The Barnyard,W01000252,Flintshire 010A,Anti-social behaviour,,
,2023-06,North Wales Police,North Wales Police,-3.036939,53.195670,On or near The Barnyard,W01000252,Flintshire 010A,Anti-social behaviour,,
d051de277c7b676c1d769f928bc09ecb051a47d36b0a7ca782dcdb9bf55a9279,2023-06,North Wales Police,North Wales Police,-3.039155,53.200038,On or near Holly Grove,W01000252,Flintshire 010A,Criminal damage and arson,Unable to prosecute suspect,
1bcb17661499980cb9bcbe1376c80bfeb1d1283c60efcd1314ef56162ee0d1a6,2023-06,North Wales Police,North Wales Police,-3.039155,53.200038,On or near Holly Grove,W01000252,Flintshire 010A,Violence and sexual offences,Unable to prosecute suspect,
49f6f33417de378fee9830f1747b5deb295f7611d028e8be465289a7d1f4d544,2023-06,North Wales Police,North Wales Police,-3.071080,53.206380,On or near Cotterill Close,W01000280,Flintshire 010B,Drugs,Status update unavailable,
3b0f8928f8751929055028ec8a6c7a60d6f7c9d9007497368fd2c5273810e785,2023-06,North Wales Police,North Wales Police,-3.071080,53.206380,On or near Cotterill Close,W01000280,Flintshire 010B,Drugs,Status update unavailable,
2c4d785d5a435fb09309043d707063a7588c76648759ff566c172af5820dabac,2023-06,North Wales Police,North Wales Police,-3.071080,53.206380,On or near Cotterill Close,W01000280,Flintshire 010B,Drugs,Status update unavailable,
5f1bdd1f803f6286a45a45479250cf664f3b559fd9c571616aa7a76615d8d935,2023-06,North Wales Police,North Wales Police,-3.071080,53.206380,On or near Cotterill Close,W01000280,Flintshire 010B,Drugs,Status update unavailable,
d0d18d37d6e6974d7b100b667df21641d92143d1e4b9a18d949693da2fec8c34,2023-06,North Wales Police,North Wales Police,-3.071611,53.203058,On or near Field Park,W01000280,Flintshire 010B,Violence and sexual offences,Unable to prosecute suspect,
3f30000eaa0b80f0d34c39732ffb5717d1d742889a6bcec8a0886d8b7f46eb0a,2023-06,North Wales Police,North Wales Police,-3.073191,53.203961,On or near Caldlas Close,W01000280,Flintshire 010B,Violence and sexual offences,Unable to prosecute suspect,
80ba96df1a3a72ff9381dcef9b519cba85b2e9d6f49e0039ad40e0bac763c9eb,2023-06,North Wales Police,North Wales Police,-3.071611,53.203058,On or near Field Park,W01000280,Flintshire 010B,Violence and sexual offences,Unable to prosecute suspect,
,2023-06,North Wales Police,North Wales Police,-3.077645,53.210222,On or near Bryn Hyfryd,W01000282,Flintshire 010C,Anti-social behaviour,,
,2023-06,North Wales Police,North Wales Police,-3.077118,53.202352,On or near Trelech,W01000282,Flintshire 010C,Anti-social behaviour,,
4eccb4ec3478a5c3b0c890561763c328e718a39360efe4f211f442016ee39090,2023-06,North Wales Police,North Wales Police,-3.075186,53.210685,On or near Rhodfa Ger Y Parc,W01000282,Flintshire 010C,Vehicle crime,Status update unavailable,
,2023-06,North Wales Police,North Wales Police,-3.098030,53.201083,On or near Brookside Crescent,W01000325,Flintshire 010D,Anti-social behaviour,,
e47d08c1e69df69f5afe5e7ddcf7e7a4748f9e93c718bcebc38ed7ec98403eec,2023-06,North Wales Police,North Wales Police,-3.087891,53.200331,On or near Goodwood Grove,W01000325,Flintshire 010D,Criminal damage and arson,Investigation complete; no suspect identified,
cc01c63d42b719dd2bc4be91a1b386ee34c4efbd8932a009efed13654e16ce5d,2023-06,North Wales Police,North Wales Police,-3.087891,53.200331,On or near Goodwood Grove,W01000325,Flintshire 010D,Shoplifting,Investigation complete; no suspect identified,
ad1b67fbc4a15306b2069391a68d61304fc2eaa6e3d278e80ae5a3d020cb73b3,2023-06,North Wales Police,North Wales Police,-3.098030,53.201083,On or near Brookside Crescent,W01000325,Flintshire 010D,Violence and sexual offences,Investigation complete; no suspect identified,
4ca1acc4637d041428fc4b38c57142532bd31432ec53f248faa51dd033d17036,2023-06,North Wales Police,North Wales Police,-3.091243,53.202637,On or near Llys Eithin,W01000325,Flintshire 010D,Violence and sexual offences,Unable to prosecute suspect,
135331045f979558b87d7eb7e4194a5e877d3637a1c908193b22c089417e86ce,2023-06,North Wales Police,North Wales Police,-3.098150,53.204003,On or near Alun Close,W01000325,Flintshire 010D,Violence and sexual offences,Unable to prosecute suspect,
,2023-06,North Wales Police,North Wales Police,-3.017896,53.191789,On or near Prince William Gardens,W01000311,Flintshire 011A,Anti-social behaviour,,
,2023-06,North Wales Police,North Wales Police,-3.022229,53.194611,On or near The Paddock,W01000311,Flintshire 011A,Anti-social behaviour,,
,2023-06,North Wales Police,North Wales Police,-3.017896,53.191789,On or near Prince William Gardens,W01000311,Flintshire 011A,Anti-social behaviour,,
161327ae91bbed54e9763007552a4440efb61d4aabb814b7f7ee36d56e876fdc,2023-06,North Wales Police,North Wales Police,-3.000112,53.192929,On or near Rosslyn Close,W01000311,Flintshire 011A,Burglary,Investigation complete; no suspect identified,
a282160dfd2ab5a1632f4c0042ddace4b098770514d07fbb48d43c2236f8465f,2023-06,North Wales Police,North Wales Police,-3.020641,53.192674,On or near Ash Lane,W01000311,Flintshire 011A,Criminal damage and arson,Investigation complete; no suspect identified,
be4ec734968cbe78fb84db69da27dcd54d16bd20e603b8c7ecb9a6ce8bc91055,2023-06,North Wales Police,North Wales Police,-3.017896,53.191789,On or near Prince William Gardens,W01000311,Flintshire 011A,Violence and sexual offences,Status update unavailable,
e104a5e303d499954b1c6a6901b578d6324f45e81ce701b03187262858c2b55a,2023-06,North Wales Police,North Wales Police,-3.018991,53.193776,On or near Sunnyside,W01000311,Flintshire 011A,Violence and sexual offences,Unable to prosecute suspect,
6132a7f569f91423b8d734590c30f260ec1fe50861975dd10dc97ad4c16c4ae3,2023-06,North Wales Police,North Wales Police,-3.022518,53.202969,On or near Pembroke Close,W01000312,Flintshire 011B,Possession of weapons,Unable to prosecute suspect,
e8ffc35790d48025bba80e4d1341ec19edbba709ca0900b91a88bef1a98f30a5,2023-06,North Wales Police,North Wales Police,-3.022518,53.202969,On or near Pembroke Close,W01000312,Flintshire 011B,Violence and sexual offences,Unable to prosecute suspect,
,2023-06,North Wales Police,North Wales Police,-3.023306,53.202728,On or near Radnor Close,W01000312,Flintshire 011B,Anti-social behaviour,,
,2023-06,North Wales Police,North Wales Police,-3.016311,53.198185,On or near Mancot Way,W01000312,Flintshire 011B,Anti-social behaviour,,
f6804d546c8903bb0b3a068376124b164c0ecefe37c8deea7eb204458c0c9b9b,2023-06,North Wales Police,North Wales Police,-3.024234,53.202729,On or near Powys Close,W01000312,Flintshire 011B,Violence and sexual offences,Action to be taken by another organisation,
d12b909661ffb2241c196dee70fe941a485b8edaef27b4e3b08a68173ab12f1d,2023-06,North Wales Police,North Wales Police,-3.023210,53.202477,On or near Dyfed Drive,W01000312,Flintshire 011B,Violence and sexual offences,Unable to prosecute suspect,
83a498e805257b13d67f25c266f17a0cfe47ef4abede95d59e2c68be5f64efe2,2023-06,North Wales Police,North Wales Police,-3.023306,53.202728,On or near Radnor Close,W01000312,Flintshire 011B,Violence and sexual offences,Unable to prosecute suspect,
36ec58879c816be42403d328cee954766147de5d654f3463c89ea5815c5e8cc8,2023-06,North Wales Police,North Wales Police,-3.022518,53.202969,On or near Pembroke Close,W01000312,Flintshire 011B,Violence and sexual offences,Further investigation is not in the public interest,
56722568f9283304051c6358a5361ae3b82120687b5c1705a5174fdbc74c8563,2023-06,North Wales Police,North Wales Police,-3.024234,53.202729,On or near Powys Close,W01000312,Flintshire 011B,Violence and sexual offences,Action to be taken by another organisation,
,2023-06,North Wales Police,North Wales Police,-2.998669,53.195890,On or near North Street,W01000328,Flintshire 011C,Anti-social behaviour,,
,2023-06,North Wales Police,North Wales Police,-2.998190,53.196541,On or near Queen'S Avenue,W01000328,Flintshire 011C,Anti-social behaviour,,
,2023-06,North Wales Police,North Wales Police,-2.997816,53.195267,On or near Station Road,W01000328,Flintshire 011C,Anti-social behaviour,,
,2023-06,North Wales Police,North Wales Police,-2.998669,53.195890,On or near North Street,W01000328,Flintshire 011C,Anti-social behaviour,,
,2023-06,North Wales Police,North Wales Police,-3.024536,53.206601,On or near Parking Area,W01000328,Flintshire 011C,Anti-social behaviour,,
,2023-06,North Wales Police,North Wales Police,-3.024199,53.205013,On or near Belvedere Close,W01000328,Flintshire 011C,Anti-social behaviour,,
,2023-06,North Wales Police,North Wales Police,-3.022884,53.205770,On or near Glynne Street,W01000328,Flintshire 011C,Anti-social behaviour,,
,2023-06,North Wales Police,North Wales Police,-2.998669,53.195890,On or near North Street,W01000328,Flintshire 011C,Anti-social behaviour,,
,2023-06,North Wales Police,North Wales Police,-2.998669,53.195890,On or near North Street,W01000328,Flintshire 011C,Anti-social behaviour,,
,2023-06,North Wales Police,North Wales Police,-3.024199,53.205013,On or near Belvedere Close,W01000328,Flintshire 011C,Anti-social behaviour,,
,2023-06,North Wales Police,North Wales Police,-3.014347,53.202499,On or near Lyons Yard,W01000328,Flintshire 011C,Anti-social behaviour,,
,2023-06,North Wales Police,North Wales Police,-2.998669,53.195890,On or near North Street,W01000328,Flintshire 011C,Anti-social behaviour,,
7bbc37d157f43bd7abfa34e51c0fe6397cae7181ff9ee1c3ff36b900e90d0a6d,2023-06,North Wales Police,North Wales Police,-3.021262,53.206818,On or near Dundas Street,W01000328,Flintshire 011C,Burglary,Investigation complete; no suspect identified,
4cb50eced0826a6ed68a6ee86e9249cfeaeba9e5201a07ccbdddda520352fe62,2023-06,North Wales Police,North Wales Police,-2.998669,53.195890,On or near North Street,W01000328,Flintshire 011C,Criminal damage and arson,Investigation complete; no suspect identified,
8e4efd89041892b80f60d83b0e5c47085aa66148020646ca584c77d5b099f41c,2023-06,North Wales Police,North Wales Police,-3.016992,53.204157,On or near Ffordd Pentre,W01000328,Flintshire 011C,Criminal damage and arson,Investigation complete; no suspect identified,
313fe030c715b11cb779f1ce8adc47d6df26680e43fcee536b83cd98e7cb6236,2023-06,North Wales Police,North Wales Police,-3.002062,53.195690,On or near Fairway,W01000328,Flintshire 011C,Drugs,Status update unavailable,
40a0355f1a1ef040fa2fbf2f5903a5842fb3ba46b009edebb2ee5c7fe261124d,2023-06,North Wales Police,North Wales Police,-3.014347,53.202499,On or near Lyons Yard,W01000328,Flintshire 011C,Other theft,Investigation complete; no suspect identified,
653a742ed2afca72dfff42257799fc5a260a6202e3fda765573b7f048d036e37,2023-06,North Wales Police,North Wales Police,-3.002355,53.197342,On or near Hamilton Avenue,W01000328,Flintshire 011C,Other theft,Unable to prosecute suspect,
7bb80e5a1ee65f8b28b7f7784690c3762e7494e48b604fcd5236f22106752577,2023-06,North Wales Police,North Wales Police,-3.002355,53.197342,On or near Hamilton Avenue,W01000328,Flintshire 011C,Other theft,Investigation complete; no suspect identified,
dc7ee268589a5281168d913b675be70bffd38cb7ed7d5ca456e357a8781fdbba,2023-06,North Wales Police,North Wales Police,-2.998669,53.195890,On or near North Street,W01000328,Flintshire 011C,Public order,Court result unavailable,
d4f107324ca61c0b1c01510c381709ecece44c9ec6bb067c4f622016cd9c18ae,2023-06,North Wales Police,North Wales Police,-2.998669,53.195890,On or near North Street,W01000328,Flintshire 011C,Public order,Court result unavailable,
745a1459335a376280f69f38c75ff034c1a9691f840c32764de06d60f1db2efa,2023-06,North Wales Police,North Wales Police,-2.998669,53.195890,On or near North Street,W01000328,Flintshire 011C,Public order,Court result unavailable,
c8a80f7a3f1f4f92f4902be40de09f0f73e0cfdad6262426985f8be9f74e7769,2023-06,North Wales Police,North Wales Police,-2.998669,53.195890,On or near North Street,W01000328,Flintshire 011C,Public order,Court result unavailable,
b975a512d71348c261e09eeebbe2506e069d7e2152dcf95563eb06e79c9b7af1,2023-06,North Wales Police,North Wales Police,-2.998669,53.195890,On or near North Street,W01000328,Flintshire 011C,Public order,Further investigation is not in the public interest,
667f25e80ac4d7737a155cfb9cf3ff93cd58a5ac2b9f1b844483aad4c7a5d428,2023-06,North Wales Police,North Wales Police,-2.998669,53.195890,On or near North Street,W01000328,Flintshire 011C,Public order,Court result unavailable,
09863fc2235053fed7cbaf2bb25d6a5c118e583df948ab02205d41cde3dff26f,2023-06,North Wales Police,North Wales Police,-2.998669,53.195890,On or near North Street,W01000328,Flintshire 011C,Public order,Court result unavailable,
92eb6fec28d4470b9eb6cd7c4b77e7a167e8985f68e213836525969fdcc3451b,2023-06,North Wales Police,North Wales Police,-2.998669,53.195890,On or near North Street,W01000328,Flintshire 011C,Public order,Court result unavailable,
0850fd6110ab31c0377a3a6ec0033c4b0491b72dfd0e6eac265ddf779aa92e20,2023-06,North Wales Police,North Wales Police,-2.998669,53.195890,On or near North Street,W01000328,Flintshire 011C,Public order,Formal action is not in the public interest,
80033d2e01d21a2b00f733f554a5d99c0081348f75493eafb8fa7a8ee70f7f5e,2023-06,North Wales Police,North Wales Police,-3.024091,53.203647,On or near A550,W01000328,Flintshire 011C,Public order,Court result unavailable,
3ce3b69fbdb39644b45d1fe2877a98087b3c431b6ef3db65c1f48c111ae78c02,2023-06,North Wales Police,North Wales Police,-2.998669,53.195890,On or near North Street,W01000328,Flintshire 011C,Public order,Court result unavailable,
1d2b415562d7ba5f3714e7dc4912cc20db0bf86c5fe8ea1fcf1a5439aa14eb56,2023-06,North Wales Police,North Wales Police,-2.998669,53.195890,On or near North Street,W01000328,Flintshire 011C,Public order,Court result unavailable,
13d6e05214dba4ef55df8b36feece1ec7f5c5696d14f9518f697bf0420e03e6b,2023-06,North Wales Police,North Wales Police,-3.022884,53.205770,On or near Glynne Street,W01000328,Flintshire 011C,Public order,Investigation complete; no suspect identified,
d6ca2787121c9555179ab100468492c7366cc7d8efac792b075226758c384645,2023-06,North Wales Police,North Wales Police,-3.022067,53.205426,On or near Queen Street,W01000328,Flintshire 011C,Shoplifting,Unable to prosecute suspect,
f03b5f89e90e7d4c86ffce0221ef86cb18f1776d3c19c4d5e4e0c14cda3367ab,2023-06,North Wales Police,North Wales Police,-3.026334,53.206675,On or near Chester Road (West),W01000328,Flintshire 011C,Violence and sexual offences,Investigation complete; no suspect identified,
8ea77c87ca0420f00d306e692953ebcbc52925bbed89421b3c1a1bac348bea37,2023-06,North Wales Police,North Wales Police,-2.998669,53.195890,On or near North Street,W01000328,Flintshire 011C,Violence and sexual offences,Court result unavailable,
2ea2744228943164f4ea957e1f39b2940698e15b5496868517801742c1018acd,2023-06,North Wales Police,North Wales Police,-3.022736,53.207722,On or near Parking Area,W01000328,Flintshire 011C,Violence and sexual offences,Unable to prosecute suspect,
4026ab20f6ad3e2f555130f9f9f79f51cca0e5dce5314f1caa9c05b791af8fb2,2023-06,North Wales Police,North Wales Police,-3.024536,53.206601,On or near Parking Area,W01000328,Flintshire 011C,Violence and sexual offences,Investigation complete; no suspect identified,
10a8b617f6ad2237da8f257f51efd35358e323fb837fec25b71ce76e61076df1,2023-06,North Wales Police,North Wales Police,-3.000850,53.195053,On or near Wood Street,W01000328,Flintshire 011C,Violence and sexual offences,Unable to prosecute suspect,
e920051842f4349a6bc051b6191c240b43ec262676fe7112273b7a7f73f300d2,2023-06,North Wales Police,North Wales Police,-2.994975,53.199939,On or near Alvis Road,W01000328,Flintshire 011C,Violence and sexual offences,Unable to prosecute suspect,
fe823a56c506701c9168e9b176a872be538894955d700597ce6c7f70d70038f0,2023-06,North Wales Police,North Wales Police,-2.997863,53.197272,On or near Crofters Park,W01000328,Flintshire 011C,Violence and sexual offences,Unable to prosecute suspect,
af83a2e1feb7b5a560a05e87ecbfdd29963cfa83f2efc810944a99da62d487e2,2023-06,North Wales Police,North Wales Police,-3.002355,53.197342,On or near Hamilton Avenue,W01000328,Flintshire 011C,Violence and sexual offences,Unable to prosecute suspect,
8361c415f46bfc549646a20ea42208b3fc79c217ef20373981bb6f9d26cac151,2023-06,North Wales Police,North Wales Police,-3.014347,53.202499,On or near Lyons Yard,W01000328,Flintshire 011C,Violence and sexual offences,Unable to prosecute suspect,
b870adafd848d3f9dc4ca6ffd528cb9ffd4b939ec0cdabaac21927f5280819cd,2023-06,North Wales Police,North Wales Police,-3.022884,53.205770,On or near Glynne Street,W01000328,Flintshire 011C,Violence and sexual offences,Unable to prosecute suspect,
c53e3ff55e440f0f9ce6549fea29f034d487fef54327c801183f04a19d767d82,2023-06,North Wales Police,North Wales Police,-3.021262,53.206818,On or near Dundas Street,W01000328,Flintshire 011C,Violence and sexual offences,Unable to prosecute suspect,
046ca2c419e2b2fb484c7005c21ec4cf58b041d44c32cd358ae703e4932d32c2,2023-06,North Wales Police,North Wales Police,-3.022884,53.205770,On or near Glynne Street,W01000328,Flintshire 011C,Violence and sexual offences,Unable to prosecute suspect,
297174388883d3aa989d40496aed8991c9aae659353ced8c2102629ff2a9a344,2023-06,North Wales Police,North Wales Police,-3.000850,53.195053,On or near Wood Street,W01000328,Flintshire 011C,Violence and sexual offences,Unable to prosecute suspect,
a08030b8c4f07ed65befa7a042ac41a5fd7f1c10c1e3c0fffbec83b810f1e2c0,2023-06,North Wales Police,North Wales Police,-3.021262,53.206818,On or near Dundas Street,W01000328,Flintshire 011C,Violence and sexual offences,Unable to prosecute suspect,
30e51341f5f615112a1ff74563f71babefb9b9508469ea9a5e1b436dfc11f25f,2023-06,North Wales Police,North Wales Police,-3.026334,53.206675,On or near Chester Road (West),W01000328,Flintshire 011C,Violence and sexual offences,Investigation complete; no suspect identified,
74548339a770a8d214439a8722525d2504e29cfbe3b1839b7f98e3615275e093,2023-06,North Wales Police,North Wales Police,-3.022884,53.205770,On or near Glynne Street,W01000328,Flintshire 011C,Other crime,Unable to prosecute suspect,
,2023-06,North Wales Police,North Wales Police,-3.090106,53.168425,On or near Bistre Close,W01000264,Flintshire 012A,Anti-social behaviour,,
,2023-06,North Wales Police,North Wales Police,-3.083778,53.171896,On or near Sports/Recreation Area,W01000264,Flintshire 012A,Anti-social behaviour,,
,2023-06,North Wales Police,North Wales Police,-3.083778,53.171896,On or near Sports/Recreation Area,W01000264,Flintshire 012A,Anti-social behaviour,,
eadf31e0d8eae17b2b682bdbdac33eb26ea8c285a61415cedfd0e54cca264cb5,2023-06,North Wales Police,North Wales Police,-3.086775,53.172771,On or near Ochr Y Waen,W01000264,Flintshire 012A,Burglary,Investigation complete; no suspect identified,
1ea4393aec608ac554b10f0bee6c5dbad372b7848bdd655a3bb9d02b7f3e3957,2023-06,North Wales Police,North Wales Police,-3.082329,53.168591,On or near Police Station,W01000264,Flintshire 012A,Criminal damage and arson,Unable to prosecute suspect,
b41e8744cd408dca613a50c7f5f78c3d6c97e495fbbcdf9f948131a0a8809511,2023-06,North Wales Police,North Wales Police,-3.083778,53.171896,On or near Sports/Recreation Area,W01000264,Flintshire 012A,Criminal damage and arson,Investigation complete; no suspect identified,
496a4a52998df7e9d11f235d10122c62509a93d1e736f7289fca34d64178f0fe,2023-06,North Wales Police,North Wales Police,-3.078646,53.174373,On or near Belmont Crescent,W01000264,Flintshire 012A,Drugs,Further action is not in the public interest,
6f1f172f362c135260745c98475905a404100e870aab8cf03afcc8da0cc05949,2023-06,North Wales Police,North Wales Police,-3.088827,53.175224,On or near Ffordd Brannan,W01000264,Flintshire 012A,Other theft,Investigation complete; no suspect identified,
589833e69d510ee9f168a7a7148868350e8b4ac029ad93ccab3b521768e4f95e,2023-06,North Wales Police,North Wales Police,-3.087002,53.168741,On or near South Lane,W01000264,Flintshire 012A,Other theft,Investigation complete; no suspect identified,
d369b61e5d51bee4a171a6d3b4eecd86790da0c20dfe710bfde7817baee02094,2023-06,North Wales Police,North Wales Police,-3.086775,53.172771,On or near Ochr Y Waen,W01000264,Flintshire 012A,Vehicle crime,Investigation complete; no suspect identified,
703c3fac68f1d2f047f6e840b66213e37d3f6aa141a070e49691a075b900338a,2023-06,North Wales Police,North Wales Police,-3.083778,53.171896,On or near Sports/Recreation Area,W01000264,Flintshire 012A,Violence and sexual offences,Unable to prosecute suspect,
1491fc0036c85c6885014b419d9353dff92c60e95b988be453a8971ce5d50e6e,2023-06,North Wales Police,North Wales Police,-3.078646,53.174373,On or near Belmont Crescent,W01000264,Flintshire 012A,Violence and sexual offences,Unable to prosecute suspect,
493ed232e2a4c241306780c38164948111ebed8645d6207e950223d93c21e434,2023-06,North Wales Police,North Wales Police,-3.090106,53.168425,On or near Bistre Close,W01000264,Flintshire 012A,Violence and sexual offences,Unable to prosecute suspect,
a6ee63591967ebd86374a15093ed7fce06aa1d7c853ba9f995f5202b5ebeff38,2023-06,North Wales Police,North Wales Police,-3.082329,53.168591,On or near Police Station,W01000264,Flintshire 012A,Violence and sexual offences,Unable to prosecute suspect,
46d0bd0f69bfb5fe066c27da6ed68d7c45936a31aff0ff2c026078a7387d52c8,2023-06,North Wales Police,North Wales Police,-3.090106,53.168425,On or near Bistre Close,W01000264,Flintshire 012A,Violence and sexual offences,Action to be taken by another organisation,
eb2134d6113ecfc86888f764f4b04e82b579fd9acc0deccd37c87b39dc7299d9,2023-06,North Wales Police,North Wales Police,-3.082329,53.168591,On or near Police Station,W01000264,Flintshire 012A,Violence and sexual offences,Unable to prosecute suspect,
,2023-06,North Wales Police,North Wales Police,-3.092973,53.168219,On or near Mayfield Mews,W01000265,Flintshire 012B,Anti-social behaviour,,
df7db4f7b27e717074f3a6f89b7dedbe86458e7a3d59854bd5f6d494d7341c3a,2023-06,North Wales Police,North Wales Police,-3.082375,53.179858,On or near Brookhill Way,W01000265,Flintshire 012B,Burglary,Court result unavailable,
b5b89eb4e5fc009c19d01bed393218230427726237cb23465c00bb95ff6f5005,2023-06,North Wales Police,North Wales Police,-3.088059,53.172696,On or near Llwyn Llus,W01000265,Flintshire 012B,Violence and sexual offences,Investigation complete; no suspect identified,
37f2943d7ca039b1680dd1d58e9fb980a9fa1ff52adcea439d46c8f3a5fd3484,2023-06,North Wales Police,North Wales Police,-3.088059,53.172696,On or near Llwyn Llus,W01000265,Flintshire 012B,Violence and sexual offences,Action to be taken by another organisation,
,2023-06,North Wales Police,North Wales Police,-3.132605,53.187158,On or near Bryn Hyfryd,W01000324,Flintshire 012D,Anti-social behaviour,,
,2023-06,North Wales Police,North Wales Police,-3.133963,53.186453,On or near Manor Park,W01000324,Flintshire 012D,Anti-social behaviour,,
4f0245bcca474d721f9192a9e7de358363d03875a6a3aa9eb0eb1bd8f968745c,2023-06,North Wales Police,North Wales Police,-3.133963,53.186453,On or near Manor Park,W01000324,Flintshire 012D,Burglary,Investigation complete; no suspect identified,
a6741e0468dd127185fd617c663edeb0edbb88648ffd42e7d8807fe816f9779f,2023-06,North Wales Police,North Wales Police,-3.138372,53.185090,On or near Chestnut Close,W01000324,Flintshire 012D,Other theft,Investigation complete; no suspect identified,
,2023-06,North Wales Police,North Wales Police,-3.050279,53.191517,On or near Old Chester Road,W01000251,Flintshire 013A,Anti-social behaviour,,
ee98b85697893fc956fb17cea46eb66a5748be67373a3d7d1a6589aa15b60fe6,2023-06,North Wales Police,North Wales Police,-3.044878,53.190378,On or near Woodside Close,W01000251,Flintshire 013A,Burglary,Investigation complete; no suspect identified,
a2830b8bd2695c0f30aa7654b71aa478f02358f8a6495070de89465dba60fe71,2023-06,North Wales Police,North Wales Police,-3.054768,53.193878,On or near Burghley Road,W01000251,Flintshire 013A,Burglary,Investigation complete; no suspect identified,
517dea01cdb0e59b2549479a0c3944b9c1eaf58f63be049bec5e58995d5af091,2023-06,North Wales Police,North Wales Police,-3.054271,53.193145,On or near Crossway,W01000251,Flintshire 013A,Public order,Formal action is not in the public interest,
e507f62151ee5def7629b0e2bc735859161cc1dbdb0e997000d65dd2f18b9166,2023-06,North Wales Police,North Wales Police,-3.047537,53.191389,On or near Denson Drive,W01000251,Flintshire 013A,Public order,Unable to prosecute suspect,
14c60e76afd378ea797e741e1df32eb6af94964915299d554d30648c84e95d46,2023-06,North Wales Police,North Wales Police,-3.050279,53.191517,On or near Old Chester Road,W01000251,Flintshire 013A,Vehicle crime,Investigation complete; no suspect identified,
5d942fd74d682367d1d2912eee5c326eb8ceae4c16e308c1e63bf0057e6d209e,2023-06,North Wales Police,North Wales Police,-3.050279,53.191517,On or near Old Chester Road,W01000251,Flintshire 013A,Vehicle crime,Investigation complete; no suspect identified,
27cf3c04d12572ac8d198df24671f03aa60931a37347a901ceabd1ce7aa081fa,2023-06,North Wales Police,North Wales Police,-3.050279,53.191517,On or near Old Chester Road,W01000251,Flintshire 013A,Vehicle crime,Investigation complete; no suspect identified,
7e6895d31ea120705a63db5efe54bbd2cdae53383120a3eb34db07a41a3eb0fe,2023-06,North Wales Police,North Wales Police,-3.054271,53.193145,On or near Crossway,W01000251,Flintshire 013A,Vehicle crime,Investigation complete; no suspect identified,
503897a59210be5d82c93c4b12cbde46d70714e9044f1b5d93ad4e969396e8c6,2023-06,North Wales Police,North Wales Police,-3.050279,53.191517,On or near Old Chester Road,W01000251,Flintshire 013A,Vehicle crime,Investigation complete; no suspect identified,
afdba84798b84083893356d45361f986335a5ad881c6f050c8c2a222ed0a6ce3,2023-06,North Wales Police,North Wales Police,-3.050279,53.191517,On or near Old Chester Road,W01000251,Flintshire 013A,Vehicle crime,Investigation complete; no suspect identified,
3b3fc4483291f030aaa6ed43294dc1e3e99cc0e405f2479f7a320c653a511a62,2023-06,North Wales Police,North Wales Police,-3.050279,53.191517,On or near Old Chester Road,W01000251,Flintshire 013A,Vehicle crime,Investigation complete; no suspect identified,
d8486ff90296d69e80ff3d773293e4e62e900c4603fe012220e746617f6ee29d,2023-06,North Wales Police,North Wales Police,-3.038852,53.190593,On or near Upper Aston Hall Lane,W01000251,Flintshire 013A,Violence and sexual offences,Unable to prosecute suspect,
848e2410b22b52402ce8a6e0813ef10462cc67c000fa82770d7135ec72583d6e,2023-06,North Wales Police,North Wales Police,-3.050279,53.191517,On or near Old Chester Road,W01000251,Flintshire 013A,Violence and sexual offences,Status update unavailable,
bb6e83421593b21766f8ebb2a542294f051a166ab33f5c64dcfd835a1ff0fc9d,2023-06,North Wales Police,North Wales Police,-3.044734,53.191225,On or near Washington Drive,W01000251,Flintshire 013A,Violence and sexual offences,Action to be taken by another organisation,
e6556670ece7e6c4e492db62f8be2b63ed58181b995a49bea5121b05281bc886,2023-06,North Wales Police,North Wales Police,-3.041662,53.191045,On or near Wirral View,W01000251,Flintshire 013A,Violence and sexual offences,Unable to prosecute suspect,
bd77af6ba61d940cb090b22d1382f7f8075f4aa60403c9271452d8ff8d9ff57f,2023-06,North Wales Police,North Wales Police,-3.047110,53.190458,On or near Supermarket,W01000251,Flintshire 013A,Violence and sexual offences,Unable to prosecute suspect,
fda11340769dea418461fac794dcaab717f5dbf94d5c2e331be4f295441524f3,2023-06,North Wales Police,North Wales Police,-3.053675,53.193285,On or near Yowley Road,W01000251,Flintshire 013A,Violence and sexual offences,Unable to prosecute suspect,
b0a4cdda6af906078030e5fbe8f4fdaa7d1f962855d1826e4f143328c2842c11,2023-06,North Wales Police,North Wales Police,-3.038852,53.190593,On or near Upper Aston Hall Lane,W01000251,Flintshire 013A,Violence and sexual offences,Unable to prosecute suspect,
a83c20cad6de68bf86c2ae0447435285fe607388179a1cf5259d059042a261f0,2023-06,North Wales Police,North Wales Police,-3.038852,53.190593,On or near Upper Aston Hall Lane,W01000251,Flintshire 013A,Violence and sexual offences,Unable to prosecute suspect,
,2023-06,North Wales Police,North Wales Police,-3.079386,53.171669,On or near St John'S Close,W01000268,Flintshire 013B,Anti-social behaviour,,
,2023-06,North Wales Police,North Wales Police,-3.073155,53.170746,On or near Knowle Lane,W01000268,Flintshire 013B,Anti-social behaviour,,
2433cb804c6a07293cd4812195351551002b21754d17c8604fa5ff02e7b4abdb,2023-06,North Wales Police,North Wales Police,-3.079386,53.171669,On or near St John'S Close,W01000268,Flintshire 013B,Criminal damage and arson,Investigation complete; no suspect identified,
c28677244b27fa5e5c3c200eb979c5c6de34623790201a6501f53ad4c97bc890,2023-06,North Wales Police,North Wales Police,-3.059789,53.175971,On or near Wood Croft,W01000268,Flintshire 013B,Violence and sexual offences,Unable to prosecute suspect,
711e3d34304b1f9f4361b472643131a73c0ee77248f3114311e93cbb2365c7d6,2023-06,North Wales Police,North Wales Police,-3.072270,53.176049,On or near Clos Ruthin,W01000268,Flintshire 013B,Violence and sexual offences,Unable to prosecute suspect,
a96b88fb9581c64abc64025d2d73f434da6009941a41d9262666690d7b25783c,2023-06,North Wales Police,North Wales Police,-3.073155,53.170746,On or near Knowle Lane,W01000268,Flintshire 013B,Violence and sexual offences,Action to be taken by another organisation,
,2023-06,North Wales Police,North Wales Police,-3.053758,53.178947,On or near The Beeches,W01000284,Flintshire 013C,Anti-social behaviour,,
fb7688aaf793b2eea7b649bcfae1b7613b7a5a2a0179d068f60d67c2c7aab39f,2023-06,North Wales Police,North Wales Police,-3.053730,53.177805,On or near Hollins Court,W01000284,Flintshire 013C,Criminal damage and arson,Investigation complete; no suspect identified,
6628a59e9fdc3df014b3aef7f3f0b334db26ecb4af4cebbbe82c85af56eb27f6,2023-06,North Wales Police,North Wales Police,-3.053758,53.178947,On or near The Beeches,W01000284,Flintshire 013C,Public order,Unable to prosecute suspect,
,2023-06,North Wales Police,North Wales Police,-3.044613,53.186839,On or near Greenhill Avenue,W01000285,Flintshire 013D,Anti-social behaviour,,
,2023-06,North Wales Police,North Wales Police,-3.036844,53.186790,On or near Groomscroft,W01000285,Flintshire 013D,Anti-social behaviour,,
c156c1632727ec9db78906849133d9ef9bc785270f9dc443c779b5c611f67e99,2023-06,North Wales Police,North Wales Police,-3.078912,53.192691,On or near Magazine Lane,W01000286,Flintshire 013E,Burglary,Investigation complete; no suspect identified,
d18235e0f0c35be2748b1ab988e0436bf0706d0e873d0de9f2e9139b1f9c5dc4,2023-06,North Wales Police,North Wales Police,-3.058591,53.194123,On or near Hilltop Close,W01000286,Flintshire 013E,Burglary,Investigation complete; no suspect identified,
8b77b24a6fba3cb326dcc7ae7645958d6ccbeb8ff6f19624eecf6389e3ef62de,2023-06,North Wales Police,North Wales Police,-3.071227,53.185865,On or near Smithy Lane,W01000286,Flintshire 013E,Drugs,Court result unavailable,
0ca10ce5fd59410db7b95da1b01cd0ca213fff1e03c381f18962dc17a27781ff,2023-06,North Wales Police,North Wales Police,-3.060245,53.192004,On or near Greenville Avenue,W01000286,Flintshire 013E,Other theft,Investigation complete; no suspect identified,
5ae426e30a3310386071c2b67ec5780942b899175af7b66bd8140fe4602061d1,2023-06,North Wales Police,North Wales Police,-3.051138,53.187447,On or near The Hedgerows,W01000286,Flintshire 013E,Other theft,Unable to prosecute suspect,
03decb3223b258c7bd3c8677ab91530cfdf9c7a0942a15a3f77d9eb20e53ee69,2023-06,North Wales Police,North Wales Police,-3.058417,53.186467,On or near Supermarket,W01000286,Flintshire 013E,Shoplifting,Court result unavailable,
9f78aea1874994325f12bbafae79a6d3d8b432a0ef182d1f7c5818a237b236e5,2023-06,North Wales Police,North Wales Police,-3.058417,53.186467,On or near Supermarket,W01000286,Flintshire 013E,Shoplifting,Court result unavailable,
1a1c358da3a5d24ddaf8b78ee6d952a4aaea45f67cc3801c521433d1b275247f,2023-06,North Wales Police,North Wales Police,-3.064055,53.189345,On or near Old Liverpool Road,W01000286,Flintshire 013E,Vehicle crime,Investigation complete; no suspect identified,
4f57ef82ce49e1761fdf70acbf2cd3281bb902f5e3eac7bd782cb37a1e5d86a3,2023-06,North Wales Police,North Wales Police,-3.058417,53.186467,On or near Supermarket,W01000286,Flintshire 013E,Violence and sexual offences,Unable to prosecute suspect,
464f96915e0fabcab29977b82ab6f35f9841f327b36a8dfa01ba54d02bc48514,2023-06,North Wales Police,North Wales Police,-3.078912,53.192691,On or near Magazine Lane,W01000286,Flintshire 013E,Violence and sexual offences,Investigation complete; no suspect identified,
a2b9a2d0360c42b9936f84f88b5d3e7b62c30575e2f4e486a9f39ac69e988b05,2023-06,North Wales Police,North Wales Police,-3.060245,53.192004,On or near Greenville Avenue,W01000286,Flintshire 013E,Other crime,Formal action is not in the public interest,
05b948ed810c805fd2b24f83501d6bdf794945d186fb83925b1bf9e86ad3166f,2023-06,North Wales Police,North Wales Police,-3.017045,53.183023,On or near Dig Lane,W01000302,Flintshire 013F,Violence and sexual offences,Unable to prosecute suspect,
644c9a25b7a39f429567defdedb7b9035e5f246443dfb34f3ad85143167d497f,2023-06,North Wales Police,North Wales Police,-3.027862,53.191039,On or near Hillside,W01000302,Flintshire 013F,Other theft,Investigation complete; no suspect identified,
e272e4c9e465d46a9b593bdae14040ab2cf46ec1e00f597f365647f3c098ab07,2023-06,North Wales Police,North Wales Police,-3.025475,53.185108,On or near Rectory Lane,W01000302,Flintshire 013F,Public order,Unable to prosecute suspect,
b92e114658a9a62d8765f2add22184647eb05b79b4c15177ec032ccacb3972ec,2023-06,North Wales Police,North Wales Police,-3.027198,53.184563,On or near Mossley Court,W01000302,Flintshire 013F,Violence and sexual offences,Unable to prosecute suspect,
1623f3289cab28619a528ab22bca4f5978cf24c390560aeae17e4c893aacecc3,2023-06,North Wales Police,North Wales Police,-3.029108,53.194318,On or near Blackbrook Avenue,W01000302,Flintshire 013F,Violence and sexual offences,Unable to prosecute suspect,
fb07b6432a5ddb7161f8572af562bfc2ec10d665388fbefe17236b0e1d7ec559,2023-06,North Wales Police,North Wales Police,-3.027198,53.184563,On or near Mossley Court,W01000302,Flintshire 013F,Violence and sexual offences,Unable to prosecute suspect,
0420d9f1e1a3c5d9c1d6a232de0195dbcfed229aca8bb4364853794f9a3b68b1,2023-06,North Wales Police,North Wales Police,-3.032854,53.187660,On or near High Park,W01000302,Flintshire 013F,Violence and sexual offences,Unable to prosecute suspect,
,2023-06,North Wales Police,North Wales Police,-3.102015,53.170963,On or near Sports/Recreation Area,W01000249,Flintshire 014A,Anti-social behaviour,,
,2023-06,North Wales Police,North Wales Police,-3.106398,53.171403,On or near Elwy Close,W01000249,Flintshire 014A,Anti-social behaviour,,
23a023538cf2c0d9acaa259fc75e6735113727e3fc1eb99d0ddc4a01acf9de90,2023-06,North Wales Police,North Wales Police,-3.104048,53.171335,On or near Pen-Y-Garreg Close,W01000249,Flintshire 014A,Violence and sexual offences,Further investigation is not in the public interest,
53cd93dc3e59791890262d620532499b9070c02bc5501159bbcbfe22bd6edf9e,2023-06,North Wales Police,North Wales Police,-3.106270,53.173967,On or near Berwyn Close,W01000249,Flintshire 014A,Violence and sexual offences,Investigation complete; no suspect identified,
,2023-06,North Wales Police,North Wales Police,-3.111009,53.166291,On or near Mold Road,W01000250,Flintshire 014B,Anti-social behaviour,,
c6231f962c001570d0fdfd5304f6b0a9c0b2a8aab496848135e15bfa5f953e9e,2023-06,North Wales Police,North Wales Police,-3.106113,53.162641,On or near Rose Lane,W01000250,Flintshire 014B,Other theft,Investigation complete; no suspect identified,
94b82244364d9a9aca07b321b24281ad8bfe16f07d685c6265eef00002ce8e35,2023-06,North Wales Police,North Wales Police,-3.109646,53.166807,On or near Carton Road,W01000250,Flintshire 014B,Violence and sexual offences,Unable to prosecute suspect,
9e802f31b8883862fc8c7bdb64ce0ade39d39fcaf5dc48fe2360f9f6d25f5386,2023-06,North Wales Police,North Wales Police,-3.111009,53.166291,On or near Mold Road,W01000250,Flintshire 014B,Violence and sexual offences,Investigation complete; no suspect identified,
,2023-06,North Wales Police,North Wales Police,-3.091309,53.168118,On or near Mold Road,W01000261,Flintshire 014C,Anti-social behaviour,,
,2023-06,North Wales Police,North Wales Police,-3.091309,53.168118,On or near Mold Road,W01000261,Flintshire 014C,Anti-social behaviour,,
eeee2c5ae1b3ff6370fdaff0a5f1e613450905291beeea4b674c1f0a20a2d6f7,2023-06,North Wales Police,North Wales Police,-3.092525,53.165913,On or near Stanley Estate,W01000261,Flintshire 014C,Violence and sexual offences,Investigation complete; no suspect identified,
69aff29ab8d33f175d4f357ea6e9aa6b69feebd68daa9d43e93b06bc93bf8d31,2023-06,North Wales Police,North Wales Police,-3.101573,53.167007,On or near Bod Offa Drive,W01000261,Flintshire 014C,Violence and sexual offences,Unable to prosecute suspect,
9346bd9f17e18e1d5aef7f4ed696cfc80185f3388706a7bdbe0de65bab667d65,2023-06,North Wales Police,North Wales Police,-3.092693,53.167224,On or near Stanley Road,W01000261,Flintshire 014C,Violence and sexual offences,Investigation complete; no suspect identified,
,2023-06,North Wales Police,North Wales Police,-3.108205,53.174740,On or near Cherry Drive,W01000321,Flintshire 014D,Anti-social behaviour,,
b03126a76835f815110f3d8183f45d6eb36830a0c4e2cefcaacfac6fc2827147,2023-06,North Wales Police,North Wales Police,-3.119278,53.179418,On or near Gosmore Road,W01000321,Flintshire 014D,Violence and sexual offences,Unable to prosecute suspect,
,2023-06,North Wales Police,North Wales Police,-3.120415,53.178806,On or near Lindum Close,W01000322,Flintshire 014E,Anti-social behaviour,,
,2023-06,North Wales Police,North Wales Police,-3.120415,53.178806,On or near Lindum Close,W01000322,Flintshire 014E,Anti-social behaviour,,
,2023-06,North Wales Police,North Wales Police,-3.124812,53.165766,On or near Petrol Station,W01000322,Flintshire 014E,Anti-social behaviour,,
,2023-06,North Wales Police,North Wales Police,-3.120415,53.178806,On or near Lindum Close,W01000322,Flintshire 014E,Anti-social behaviour,,
6b0df8bf2dde9182c54854f0f8720b5f9c1a7f80f573ac4219497d21c29cc27d,2023-06,North Wales Police,North Wales Police,-3.111219,53.170388,On or near Chambers Lane,W01000322,Flintshire 014E,Burglary,Investigation complete; no suspect identified,
ce55fdca3c3bbe4c73655f311015def57b39df9bf3bcb49398711432a6b3223f,2023-06,North Wales Police,North Wales Police,-3.120415,53.178806,On or near Lindum Close,W01000322,Flintshire 014E,Violence and sexual offences,Action to be taken by another organisation,
b4eb006693cd7ac09ed330d660b189f5c39c6e5b6ed9c5dc10e0045986ff3731,2023-06,North Wales Police,North Wales Police,-3.124812,53.165766,On or near Petrol Station,W01000322,Flintshire 014E,Violence and sexual offences,Investigation complete; no suspect identified,
f3496dd13f74749168d3af3eecc273dc78b961670c37568b1b732e39572041ef,2023-06,North Wales Police,North Wales Police,-3.120415,53.178806,On or near Lindum Close,W01000322,Flintshire 014E,Violence and sexual offences,Formal action is not in the public interest,
a85cde42b26bc9f60a97fb52657067edde2583f6c18ef28eafcfd2b94e020fce,2023-06,North Wales Police,North Wales Police,-3.120415,53.178806,On or near Lindum Close,W01000322,Flintshire 014E,Violence and sexual offences,Unable to prosecute suspect,
478eaa8b26e953f8a2673df35e0cb7a04ed32daa85afe613f92402591e6ebaee,2023-06,North Wales Police,North Wales Police,-2.971005,53.166687,On or near Bretton Road,W01000255,Flintshire 015A,Drugs,Court result unavailable,
4d4446f5bf63ef03d02d5c5988eb7b8ddab3789e11b195d936081e98510477dc,2023-06,North Wales Police,North Wales Police,-2.977998,53.168994,On or near Vickers' Way,W01000255,Flintshire 015A,Other theft,Investigation complete; no suspect identified,
b94b0daed0a6915278d14d740b98a885e00db5fbc15699c67e2e62670021ebe5,2023-06,North Wales Police,North Wales Police,-2.977998,53.168994,On or near Vickers' Way,W01000255,Flintshire 015A,Other theft,Investigation complete; no suspect identified,
d2d80d96659c0fd2e9d7e5f0c4a8cdcc48f15d425d184660e7ee4ba08fc7b325,2023-06,North Wales Police,North Wales Police,-2.990711,53.164961,On or near Fairfield Road,W01000255,Flintshire 015A,Public order,Investigation complete; no suspect identified,
c943398b8329caa929bf81d558e7eab96fd64e759a8624364e981411f712d8b6,2023-06,North Wales Police,North Wales Police,-2.971005,53.166687,On or near Bretton Road,W01000255,Flintshire 015A,Shoplifting,Investigation complete; no suspect identified,
95e62d7df2f6289d86b8a01e0db83fa5e110183d8996bdf0665ef3307bb2f89f,2023-06,North Wales Police,North Wales Police,-2.977998,53.168994,On or near Vickers' Way,W01000255,Flintshire 015A,Shoplifting,Investigation complete; no suspect identified,
03929d2dec7dad7c7af61f844d93c8eac906b3e2b5f01b5bc6b7a72b3cf1fcf8,2023-06,North Wales Police,North Wales Police,-2.977998,53.168994,On or near Vickers' Way,W01000255,Flintshire 015A,Shoplifting,Investigation complete; no suspect identified,
3449e4341237acf48bff89673357525437a384a265a08c2fca1a14c134e88fd7,2023-06,North Wales Police,North Wales Police,-2.977998,53.168994,On or near Vickers' Way,W01000255,Flintshire 015A,Shoplifting,Unable to prosecute suspect,
4c4439e7279b5ea7f2b7c975af246eac62db0fa4dfe7452f2c61acf0a39f5f42,2023-06,North Wales Police,North Wales Police,-2.971005,53.166687,On or near Bretton Road,W01000255,Flintshire 015A,Shoplifting,Investigation complete; no suspect identified,
815c32ff7a477cf68e069562dc92248770dd4fe5fe6a9c70e1a99c37b6a94a01,2023-06,North Wales Police,North Wales Police,-2.971005,53.166687,On or near Bretton Road,W01000255,Flintshire 015A,Shoplifting,Investigation complete; no suspect identified,
7e21d43a389844f3bb7cfea8c24e2621e8d3554b1ddbb4ef47165c55241f2391,2023-06,North Wales Police,North Wales Police,-2.978301,53.169792,On or near Supermarket,W01000255,Flintshire 015A,Violence and sexual offences,Unable to prosecute suspect,
8c8c8fe25102c12100dccafc3c1c411bf8c026ea8b6761663e081b7fa29e0f10,2023-06,North Wales Police,North Wales Police,-2.991596,53.181287,On or near Llys Y Faenol,W01000255,Flintshire 015A,Violence and sexual offences,Formal action is not in the public interest,
fa5a628be04f802c3b9fa06865b002d54ea6c39f332ab8666e99ed56ee4d6c65,2023-06,North Wales Police,North Wales Police,-2.971005,53.166687,On or near Bretton Road,W01000255,Flintshire 015A,Violence and sexual offences,Investigation complete; no suspect identified,
ecda06ae27dbf2cdc0ea645a0e6f945bf2e89efb12994d25ecef0e950571b7c0,2023-06,North Wales Police,North Wales Police,-2.994370,53.179628,On or near Cwrt Dinas,W01000255,Flintshire 015A,Violence and sexual offences,Unable to prosecute suspect,
ffd965b2fc3654d153cee0915f038a2112fce263969dddb290d2d5ff524b17e0,2023-06,North Wales Police,North Wales Police,-2.977998,53.168994,On or near Vickers' Way,W01000255,Flintshire 015A,Violence and sexual offences,Unable to prosecute suspect,
5e5b5c6e8015aaefd547b3d1bec2fcf538fce9832264aea4e5c8784870c06850,2023-06,North Wales Police,North Wales Police,-2.977998,53.168994,On or near Vickers' Way,W01000255,Flintshire 015A,Violence and sexual offences,Investigation complete; no suspect identified,
b636d76e9bd4b54bbf6849b5734377f084e217f19670280831bceebef4209fdc,2023-06,North Wales Police,North Wales Police,-2.978301,53.169792,On or near Supermarket,W01000255,Flintshire 015A,Violence and sexual offences,Unable to prosecute suspect,
a98e07de57523407f4a14300a8d6b8e9710c0825c50ce4caf8f4f78c708eb47c,2023-06,North Wales Police,North Wales Police,-2.977998,53.168994,On or near Vickers' Way,W01000255,Flintshire 015A,Violence and sexual offences,Unable to prosecute suspect,
0007032ffb19ec69bf06bf2d705a58ef845c6294413122b801dd1bb2be1cd4b5,2023-06,North Wales Police,North Wales Police,-2.978301,53.169792,On or near Supermarket,W01000255,Flintshire 015A,Violence and sexual offences,Unable to prosecute suspect,
73c5545869259f002e446eceac60452335ba8cb2b6c390f0adcc47a2d6946dbb,2023-06,North Wales Police,North Wales Police,-2.993523,53.164326,On or near Wellington Road,W01000255,Flintshire 015A,Violence and sexual offences,Unable to prosecute suspect,
54fc4fa83762ea619dcb9dfb935089f89c04398608af9839467df909583061fc,2023-06,North Wales Police,North Wales Police,-2.977998,53.168994,On or near Vickers' Way,W01000255,Flintshire 015A,Violence and sexual offences,Investigation complete; no suspect identified,
148c8248dabc5a533ee78612f290e1b6078afd17e1f696e87ec3cdfdaf74d111,2023-06,North Wales Police,North Wales Police,-2.993523,53.164326,On or near Wellington Road,W01000255,Flintshire 015A,Other crime,Unable to prosecute suspect,
32efaafde7d8891da878522112da94f956da2ca5617f40429c37384b9f633a0a,2023-06,North Wales Police,North Wales Police,-2.994356,53.162189,On or near Colinwood Avenue,W01000256,Flintshire 015B,Other theft,Unable to prosecute suspect,
33cb18248c6acf2a65213e53f2ca280e73f5f398b40a0cc467f8b7b75f3e33cd,2023-06,North Wales Police,North Wales Police,-2.995658,53.162205,On or near Brookes Avenue,W01000256,Flintshire 015B,Public order,Unable to prosecute suspect,
2b37407fcb094df9a0ca4e24e8a5fe6a9f76ce1c0d8805e515c0d7b6a446595e,2023-06,North Wales Police,North Wales Police,-3.000689,53.163080,On or near Mold Road,W01000256,Flintshire 015B,Violence and sexual offences,Unable to prosecute suspect,
192a165f3369ab86ed75bce305e8d3559d353c210aa8c62a2e3371693a880d20,2023-06,North Wales Police,North Wales Police,-2.994317,53.160481,On or near The Rowans,W01000257,Flintshire 015C,Other theft,Unable to prosecute suspect,
a76fd73a2ced98002ef674f2294426a5861cac18b86561f0002f2a6b233715ac,2023-06,North Wales Police,North Wales Police,-2.987523,53.164898,On or near Broughton Hall Road,W01000257,Flintshire 015C,Violence and sexual offences,Court result unavailable,
7f364ee50d9d4f2d74d3054d69ffcb034b72d7b786aff43daccbbeae88b752fe,2023-06,North Wales Police,North Wales Police,-2.981072,53.163423,On or near Evans Court,W01000257,Flintshire 015C,Violence and sexual offences,Unable to prosecute suspect,
9405ede86dbda214b078580d97e659905aef0d46b5a8d00b27c529c75eaee4b1,2023-06,North Wales Police,North Wales Police,-2.981072,53.163423,On or near Evans Court,W01000257,Flintshire 015C,Violence and sexual offences,Unable to prosecute suspect,
4a178ae8619e241cc6a05ee566c84aeb705be61da27584034527b6828c7d3211,2023-06,North Wales Police,North Wales Police,-2.985234,53.165537,On or near Somerford Road,W01000257,Flintshire 015C,Other crime,Status update unavailable,
,2023-06,North Wales Police,North Wales Police,-2.948661,53.181124,On or near Ewart Street,W01000329,Flintshire 015D,Anti-social behaviour,,
,2023-06,North Wales Police,North Wales Police,-2.937069,53.177225,On or near Parc Maes Y Pabiau,W01000329,Flintshire 015D,Anti-social behaviour,,
,2023-06,North Wales Police,North Wales Police,-2.946757,53.182317,On or near North Street,W01000329,Flintshire 015D,Anti-social behaviour,,
,2023-06,North Wales Police,North Wales Police,-2.930893,53.178071,On or near Shopping Area,W01000329,Flintshire 015D,Anti-social behaviour,,
,2023-06,North Wales Police,North Wales Police,-2.946757,53.182317,On or near North Street,W01000329,Flintshire 015D,Anti-social behaviour,,
,2023-06,North Wales Police,North Wales Police,-2.946757,53.182317,On or near North Street,W01000329,Flintshire 015D,Anti-social behaviour,,
,2023-06,North Wales Police,North Wales Police,-2.946757,53.182317,On or near North Street,W01000329,Flintshire 015D,Anti-social behaviour,,
,2023-06,North Wales Police,North Wales Police,-2.948661,53.181124,On or near Ewart Street,W01000329,Flintshire 015D,Anti-social behaviour,,
,2023-06,North Wales Police,North Wales Police,-2.948661,53.181124,On or near Ewart Street,W01000329,Flintshire 015D,Anti-social behaviour,,
4814de6e36f182e9601443ea8bf535a8c211f0f81ffaa38b680bbdf8cf85306f,2023-06,North Wales Police,North Wales Police,-2.948661,53.181124,On or near Ewart Street,W01000329,Flintshire 015D,Criminal damage and arson,Unable to prosecute suspect,
23fbaba38799f60b3661d4b44e6cac977895228f41fb61c1a25ba615e1b33f01,2023-06,North Wales Police,North Wales Police,-2.948661,53.181124,On or near Ewart Street,W01000329,Flintshire 015D,Drugs,Further action is not in the public interest,
e14b0d319a85c7dc2a050e22d63d1c03116ef7cdecd49b28e0bbf06e324da942,2023-06,North Wales Police,North Wales Police,-2.946757,53.182317,On or near North Street,W01000329,Flintshire 015D,Public order,Unable to prosecute suspect,
eb1cc01b501558165794dc9c28d76907039297470bdb6f93f5d43ab23c83c922,2023-06,North Wales Police,North Wales Police,-2.946757,53.182317,On or near North Street,W01000329,Flintshire 015D,Public order,Unable to prosecute suspect,
92540157b213b5cea0cddf078b93e16f622dc8f1700e4060f2b7ff382218e78c,2023-06,North Wales Police,North Wales Police,-2.948661,53.181124,On or near Ewart Street,W01000329,Flintshire 015D,Public order,Unable to prosecute suspect,
a9cd9ad161a73398df3a4da7a9edf219901a0c1a39bca50d0830e5b53d72a8d7,2023-06,North Wales Police,North Wales Police,-2.935968,53.178178,On or near Millers Park,W01000329,Flintshire 015D,Shoplifting,Investigation complete; no suspect identified,
7e1bd3b375b7c96cd9c3d2a6ea0e88a9787620de814a19a93988ae3f2eae5f5c,2023-06,North Wales Police,North Wales Police,-2.946757,53.182317,On or near North Street,W01000329,Flintshire 015D,Violence and sexual offences,Further investigation is not in the public interest,
93a198987d3f7c409a4cb4400481c05bfb515d822d2898b1a7b3de20fbd9ac55,2023-06,North Wales Police,North Wales Police,-2.936060,53.177611,On or near Parc Maes- Glas,W01000329,Flintshire 015D,Violence and sexual offences,Formal action is not in the public interest,
794463d3be6c79f508b03dc56637d903a0d5cc9462c08992432233e9b0e7244e,2023-06,North Wales Police,North Wales Police,-2.946757,53.182317,On or near North Street,W01000329,Flintshire 015D,Violence and sexual offences,Formal action is not in the public interest,
79fe761c2d5bffd6629d8fc709ea9474a016c09cb35a0f63ccc52caeac38581e,2023-06,North Wales Police,North Wales Police,-2.935968,53.178178,On or near Millers Park,W01000329,Flintshire 015D,Violence and sexual offences,Investigation complete; no suspect identified,
4bc11babd14d6b5edbf9f867954cb7f9645d8c7b3878f1e9156af7b0ec3e8dcd,2023-06,North Wales Police,North Wales Police,-2.928960,53.178646,On or near Pentre'R Ardd,W01000329,Flintshire 015D,Violence and sexual offences,Unable to prosecute suspect,
9316f8b46ee5c18c990d2697de5ede792aa13f223657bac1a963e4224144abff,2023-06,North Wales Police,North Wales Police,-2.948661,53.181124,On or near Ewart Street,W01000329,Flintshire 015D,Violence and sexual offences,Formal action is not in the public interest,
772a66cae18b09dac6db8feea7dc2001136ed179d915e26222c540b0cb10858f,2023-06,North Wales Police,North Wales Police,-2.946757,53.182317,On or near North Street,W01000329,Flintshire 015D,Violence and sexual offences,Unable to prosecute suspect,
5ae5d13e40e7e388561b177b6a5035bf0f4e2e0d4ac63a45ca24f60f5a347e30,2023-06,North Wales Police,North Wales Police,-2.948661,53.181124,On or near Ewart Street,W01000329,Flintshire 015D,Violence and sexual offences,Unable to prosecute suspect,
,2023-06,North Wales Police,North Wales Police,-2.924017,53.176311,On or near Maes-Y-Coed,W01000330,Flintshire 015E,Anti-social behaviour,,
,2023-06,North Wales Police,North Wales Police,-2.924017,53.176311,On or near Maes-Y-Coed,W01000330,Flintshire 015E,Anti-social behaviour,,
,2023-06,North Wales Police,North Wales Police,-2.931527,53.177637,On or near Parking Area,W01000330,Flintshire 015E,Anti-social behaviour,,
,2023-06,North Wales Police,North Wales Police,-2.924017,53.176311,On or near Maes-Y-Coed,W01000330,Flintshire 015E,Anti-social behaviour,,
1d77e0d510b04a76b7a231d9300b12efedea3f1dd96ae5ffbe015be2901ccbab,2023-06,North Wales Police,North Wales Police,-2.930229,53.176407,On or near Deva Avenue,W01000330,Flintshire 015E,Burglary,Investigation complete; no suspect identified,
fe9a59c5f1d55f95afacc1974f30de0cac9d88af4d3549445bcf3abcc977072e,2023-06,North Wales Police,North Wales Police,-2.931527,53.177637,On or near Parking Area,W01000330,Flintshire 015E,Other theft,Investigation complete; no suspect identified,
3e24db7992cb9ad5e62998c19ceb9785cae69e67a1c2bc34375fb2f640aad909,2023-06,North Wales Police,North Wales Police,-2.922416,53.179092,On or near A5104,W01000330,Flintshire 015E,Other theft,Investigation complete; no suspect identified,
5372b0b1c410067168f562c03c4deb49372bdbcb724fcc62c2a955da343aef6a,2023-06,North Wales Police,North Wales Police,-2.922754,53.178802,On or near Petrol Station,W01000330,Flintshire 015E,Other theft,Investigation complete; no suspect identified,
24d1e41802b9cc723ee91495ffc12fda7f02ffca224c08348ce0756a902987af,2023-06,North Wales Police,North Wales Police,-2.931527,53.177637,On or near Parking Area,W01000330,Flintshire 015E,Theft from the person,Investigation complete; no suspect identified,
c68a152d5b3bae113ceb1098e762a7c33d7748d2efc99fc5234e2e674577b723,2023-06,North Wales Police,North Wales Police,-2.921384,53.177707,On or near Rhodfar Bont,W01000330,Flintshire 015E,Vehicle crime,Investigation complete; no suspect identified,
c6f2f2ec3b91c39d98fa127e791e82912e5d82706b48e36d414c0a40e984bbdb,2023-06,North Wales Police,North Wales Police,-2.920800,53.178404,On or near Rhuddlan Court,W01000330,Flintshire 015E,Violence and sexual offences,Unable to prosecute suspect,
0da12b7ec54b0070b54c47b0000100fe89c519500eba51b7dce25d8e1514068c,2023-06,North Wales Police,North Wales Police,-2.924987,53.174794,On or near Larch Way,W01000330,Flintshire 015E,Violence and sexual offences,Unable to prosecute suspect,
92a10ee7fbcece3129c0ee512351fb21a4d30d7194084bad286e3f8fd574c296,2023-06,North Wales Police,North Wales Police,-2.920800,53.178404,On or near Rhuddlan Court,W01000330,Flintshire 015E,Violence and sexual offences,Court result unavailable,
,2023-06,North Wales Police,North Wales Police,-2.930063,53.172911,On or near Maple Grove,W01000331,Flintshire 015F,Anti-social behaviour,,
c125f9e565091014a906e720d2c5d51c265d8ef7114d9c5e4cfb6d22233b7ae4,2023-06,North Wales Police,North Wales Police,-2.934223,53.176384,On or near Howard Road,W01000331,Flintshire 015F,Criminal damage and arson,Investigation complete; no suspect identified,
c0389152de7c73631ea45a28599e34705a451f8e801c7c650eb60d34800542fb,2023-06,North Wales Police,North Wales Police,-2.934223,53.176384,On or near Howard Road,W01000331,Flintshire 015F,Other theft,Local resolution,
90947ea437801062d2011c75e0bab25aad0f815021a3f95e06935d510ed52634,2023-06,North Wales Police,North Wales Police,-2.934223,53.176384,On or near Howard Road,W01000331,Flintshire 015F,Other theft,Investigation complete; no suspect identified,
6c3bc948b2f2c3554e7a7274529b746cc5beb25091b6e810f2e5746c5f74286a,2023-06,North Wales Police,North Wales Police,-2.929033,53.174393,On or near Laburnum Grove,W01000331,Flintshire 015F,Public order,Status update unavailable,
759e285189a371c1af53e2298064e0b3365ed95bbc6c176eb0b75701222869ff,2023-06,North Wales Police,North Wales Police,-2.930063,53.172911,On or near Maple Grove,W01000331,Flintshire 015F,Violence and sexual offences,Unable to prosecute suspect,
9d3b45b0180d29198010bae1c03be4abe6d9deaeebaf44c16e045c3ec612a775,2023-06,North Wales Police,North Wales Police,-2.929033,53.174393,On or near Laburnum Grove,W01000331,Flintshire 015F,Other crime,Further investigation is not in the public interest,
,2023-06,North Wales Police,North Wales Police,-3.140243,53.160550,On or near Sports/Recreation Area,W01000313,Flintshire 016A,Anti-social behaviour,,
,2023-06,North Wales Police,North Wales Police,-3.136165,53.159329,On or near Wrexham Road,W01000313,Flintshire 016A,Anti-social behaviour,,
,2023-06,North Wales Police,North Wales Police,-3.137300,53.162680,On or near Bromfield Park,W01000313,Flintshire 016A,Anti-social behaviour,,
,2023-06,North Wales Police,North Wales Police,-3.136085,53.161406,On or near Bryn Hilyn Lane,W01000313,Flintshire 016A,Anti-social behaviour,,
,2023-06,North Wales Police,North Wales Police,-3.137300,53.162680,On or near Bromfield Park,W01000313,Flintshire 016A,Anti-social behaviour,,
,2023-06,North Wales Police,North Wales Police,-3.138834,53.162980,On or near Llys Pont Y Garreg,W01000313,Flintshire 016A,Anti-social behaviour,,
,2023-06,North Wales Police,North Wales Police,-3.137300,53.162680,On or near Bromfield Park,W01000313,Flintshire 016A,Anti-social behaviour,,
,2023-06,North Wales Police,North Wales Police,-3.140482,53.162506,On or near Conway Street,W01000313,Flintshire 016A,Anti-social behaviour,,
,2023-06,North Wales Police,North Wales Police,-3.132915,53.158039,On or near Llys-Y-Coed,W01000313,Flintshire 016A,Anti-social behaviour,,
d7697d59e90aba5d9912306935cdc23d44ff55e9d135dd41060d7f7bd89dff7a,2023-06,North Wales Police,North Wales Police,-3.137300,53.162680,On or near Bromfield Park,W01000313,Flintshire 016A,Criminal damage and arson,Investigation complete; no suspect identified,
6015059cb82752fd496b094a0177287ffbeb01630b6fa3cc695ec43bab0f4913,2023-06,North Wales Police,North Wales Police,-3.138834,53.162980,On or near Llys Pont Y Garreg,W01000313,Flintshire 016A,Criminal damage and arson,Formal action is not in the public interest,
77c1e709846a620a5ad911c6402f1714217b631afe083710a4886d1611a1d3ce,2023-06,North Wales Police,North Wales Police,-3.135045,53.159978,On or near Bromfield Close,W01000313,Flintshire 016A,Criminal damage and arson,Investigation complete; no suspect identified,
379b176fc34a0414495cb04b23b3a89c846bdd9d947f68d0d75e31becc75a600,2023-06,North Wales Police,North Wales Police,-3.137300,53.162680,On or near Bromfield Park,W01000313,Flintshire 016A,Other theft,Unable to prosecute suspect,
6c5fb8a6aff71f1c5701d6ce8c8b83e39d85a59566bbd5fc22b687f3d7c34af4,2023-06,North Wales Police,North Wales Police,-3.142988,53.162275,On or near Highfield Villas,W01000313,Flintshire 016A,Vehicle crime,Investigation complete; no suspect identified,
12882f482cfa0ed6310b98e2045af99834204d8df9b954662ee1582a9cf10d30,2023-06,North Wales Police,North Wales Police,-3.138406,53.158678,On or near Charles Street,W01000313,Flintshire 016A,Vehicle crime,Investigation complete; no suspect identified,
36b4fa82298d0bf0d83a028813538e889f6e29a3b288e09c0897c7ceec1c691a,2023-06,North Wales Police,North Wales Police,-3.140243,53.160550,On or near Sports/Recreation Area,W01000313,Flintshire 016A,Violence and sexual offences,Unable to prosecute suspect,
bfed20837325eebddf3dc66afd43e0c8c0f168e2716d86d1860eec9cf1dbef68,2023-06,North Wales Police,North Wales Police,-3.140243,53.160550,On or near Sports/Recreation Area,W01000313,Flintshire 016A,Violence and sexual offences,Unable to prosecute suspect,
ff1c5a3637d594ec23556e75e978c46823f8e5e869b18a40d199b61fa7188176,2023-06,North Wales Police,North Wales Police,-3.140482,53.162506,On or near Conway Street,W01000313,Flintshire 016A,Violence and sexual offences,Unable to prosecute suspect,
c1b837d6f92f5ef377f273c51e44b2ae20091ec3b5ae8b41d04452e74a3daec0,2023-06,North Wales Police,North Wales Police,-3.137300,53.162680,On or near Bromfield Park,W01000313,Flintshire 016A,Violence and sexual offences,Unable to prosecute suspect,
44e2169ca945f9827c04cc2c94cf375a5346ffa868990855ad3695de58fbc198,2023-06,North Wales Police,North Wales Police,-3.140243,53.160550,On or near Sports/Recreation Area,W01000313,Flintshire 016A,Violence and sexual offences,Action to be taken by another organisation,
57855445a5406819fae1d7195388433d8f40b5ff60e1d6161932fa36615a837f,2023-06,North Wales Police,North Wales Police,-3.140482,53.162506,On or near Conway Street,W01000313,Flintshire 016A,Violence and sexual offences,Unable to prosecute suspect,
,2023-06,North Wales Police,North Wales Police,-3.141661,53.164122,On or near Gladstone Street,W01000314,Flintshire 016B,Anti-social behaviour,,
,2023-06,North Wales Police,North Wales Police,-3.144928,53.164908,On or near Park House Mews,W01000314,Flintshire 016B,Anti-social behaviour,,
,2023-06,North Wales Police,North Wales Police,-3.143241,53.166732,On or near Shopping Area,W01000314,Flintshire 016B,Anti-social behaviour,,
,2023-06,North Wales Police,North Wales Police,-3.145873,53.162212,On or near Lon Bryn Coch,W01000314,Flintshire 016B,Anti-social behaviour,,
2140c70389c9e53b116ac414a9ab04280ece70889b0c585201472a2d6b9acc18,2023-06,North Wales Police,North Wales Police,-3.143241,53.166732,On or near Shopping Area,W01000314,Flintshire 016B,Burglary,Investigation complete; no suspect identified,
7dc4eb6d9a24aee9ed1db58d3443fa04d6a29e14e3fd1ff0eac474d0e5dc07f2,2023-06,North Wales Police,North Wales Police,-3.143241,53.166732,On or near Shopping Area,W01000314,Flintshire 016B,Burglary,Investigation complete; no suspect identified,
cbee6deca2f61911707c333d4ec14532df764d7077235e999d65ea7ec3e46d58,2023-06,North Wales Police,North Wales Police,-3.143241,53.166732,On or near Shopping Area,W01000314,Flintshire 016B,Criminal damage and arson,Investigation complete; no suspect identified,
d03d259756aa74c6ee812633da7c0511ea9a54be5e2461f7464aa27a7a442c44,2023-06,North Wales Police,North Wales Police,-3.145333,53.163826,On or near Parkway,W01000314,Flintshire 016B,Criminal damage and arson,Investigation complete; no suspect identified,
187c3caac64e2c5a0f9d50ed8b6806c925f2cd24724d5e2bb73579563e280631,2023-06,North Wales Police,North Wales Police,-3.144574,53.167330,On or near Harrowby Road,W01000314,Flintshire 016B,Drugs,Status update unavailable,
66ef14e5e033dcde89895af6fc21e98b1e67697d2849aed8e5f8542e8cc3ab7f,2023-06,North Wales Police,North Wales Police,-3.143241,53.166732,On or near Shopping Area,W01000314,Flintshire 016B,Shoplifting,Investigation complete; no suspect identified,
8ec1368e77e2fb7962b0e1d41df7032960c4f8cf5bee6411de648725afdd383f,2023-06,North Wales Police,North Wales Police,-3.145272,53.167135,On or near West View,W01000314,Flintshire 016B,Vehicle crime,Investigation complete; no suspect identified,
a11f2f59b3201ae2c5d56c38c4f5947ce91d87b537fa5d398848b5ab9abc96cb,2023-06,North Wales Police,North Wales Police,-3.143016,53.168388,On or near Stryd Fawr,W01000314,Flintshire 016B,Violence and sexual offences,Investigation complete; no suspect identified,
e0c372769e5a7a72d3ce2d6dd6e6c661a39b48907397357bc6049fc661da3c88,2023-06,North Wales Police,North Wales Police,-3.144928,53.164908,On or near Park House Mews,W01000314,Flintshire 016B,Violence and sexual offences,Court result unavailable,
307cf2bbce9a7725af40dec8a2a9bfc47980c2e601d1943076691248552e0c14,2023-06,North Wales Police,North Wales Police,-3.143016,53.168388,On or near Stryd Fawr,W01000314,Flintshire 016B,Violence and sexual offences,Unable to prosecute suspect,
b6373a14e22730f0850b512177022dcc2adb6370744a7b5e8efaccaedf560c86,2023-06,North Wales Police,North Wales Police,-3.144928,53.164908,On or near Park House Mews,W01000314,Flintshire 016B,Violence and sexual offences,Court result unavailable,
83c45ac0dd3a0f787892ec8758f7b68e440d45042e39b9ec08347578b044adfe,2023-06,North Wales Police,North Wales Police,-3.145838,53.165934,On or near Maes Bodlonfa,W01000314,Flintshire 016B,Violence and sexual offences,Unable to prosecute suspect,
9bcb3d1908fdaf71d7a11276401050772daee0db3145966d224d7d8540323a02,2023-06,North Wales Police,North Wales Police,-3.143016,53.168388,On or near Stryd Fawr,W01000314,Flintshire 016B,Violence and sexual offences,Investigation complete; no suspect identified,
ec223672d339219bbe032df15f6a6da74075492840b5a34fa1c5735d7e5cc8bb,2023-06,North Wales Police,North Wales Police,-3.143016,53.168388,On or near Stryd Fawr,W01000314,Flintshire 016B,Violence and sexual offences,Unable to prosecute suspect,
a27d89f39b256fbf4ab7059642466af695b560f78898953a3f4803afa4499e2e,2023-06,North Wales Police,North Wales Police,-3.143016,53.168388,On or near Stryd Fawr,W01000314,Flintshire 016B,Violence and sexual offences,Unable to prosecute suspect,
,2023-06,North Wales Police,North Wales Police,-3.140116,53.167394,On or near Shopping Area,W01000315,Flintshire 016C,Anti-social behaviour,,
,2023-06,North Wales Police,North Wales Police,-3.141917,53.167571,On or near Shopping Area,W01000315,Flintshire 016C,Anti-social behaviour,,
,2023-06,North Wales Police,North Wales Police,-3.137028,53.171609,On or near Alun Bank,W01000315,Flintshire 016C,Anti-social behaviour,,
,2023-06,North Wales Police,North Wales Police,-3.138681,53.170191,On or near A5119,W01000315,Flintshire 016C,Anti-social behaviour,,
,2023-06,North Wales Police,North Wales Police,-3.133882,53.165212,On or near Bron Y Nant,W01000315,Flintshire 016C,Anti-social behaviour,,
,2023-06,North Wales Police,North Wales Police,-3.141917,53.167571,On or near Shopping Area,W01000315,Flintshire 016C,Anti-social behaviour,,
,2023-06,North Wales Police,North Wales Police,-3.137514,53.164548,On or near Alexandra Road,W01000315,Flintshire 016C,Anti-social behaviour,,
,2023-06,North Wales Police,North Wales Police,-3.138040,53.170836,On or near King Street,W01000315,Flintshire 016C,Anti-social behaviour,,
,2023-06,North Wales Police,North Wales Police,-3.137712,53.167057,On or near Supermarket,W01000315,Flintshire 016C,Anti-social behaviour,,
8e65800a64eba7091ede7d89b1b199ddf9c68818a74281e1cb0c6f1ef7fe0a8d,2023-06,North Wales Police,North Wales Police,-3.135750,53.170804,On or near Alyn Street,W01000315,Flintshire 016C,Criminal damage and arson,Unable to prosecute suspect,
5f640add3de61543645c6844258046a54e043c9d98c2cfa3a5e7753f2458903e,2023-06,North Wales Police,North Wales Police,-3.135287,53.174817,On or near Cwrt Rhyd Galed,W01000315,Flintshire 016C,Drugs,Formal action is not in the public interest,
e6ad84a0b9f3de1bdf57e2dca1938bc9ce3e582bfedd5a9c3a314387fe384304,2023-06,North Wales Police,North Wales Police,-3.132703,53.163605,On or near Llys Derwen,W01000315,Flintshire 016C,Possession of weapons,Unable to prosecute suspect,
8952bf59655eb130dabfdc973ad727ea0774c1c71ee7cc77c9fac9d5739e1ad0,2023-06,North Wales Police,North Wales Police,-3.134288,53.164714,On or near Lon Yr Orsaf,W01000315,Flintshire 016C,Public order,Unable to prosecute suspect,
65de440370c177c309495828d013813313bc8801b2e50365f8538f84100eb8ef,2023-06,North Wales Police,North Wales Police,-3.138681,53.170191,On or near A5119,W01000315,Flintshire 016C,Public order,Local resolution,
9aa110d5b8188178c1d9e7a939b0d8befb05d720bdcff2e79db2657ccee66232,2023-06,North Wales Police,North Wales Police,-3.141917,53.167571,On or near Shopping Area,W01000315,Flintshire 016C,Public order,Court result unavailable,
60e946e9272eb704955add0520e6c3e8376e0e0276479da14294468fed12e167,2023-06,North Wales Police,North Wales Police,-3.138681,53.170191,On or near A5119,W01000315,Flintshire 016C,Robbery,Unable to prosecute suspect,
427642b0636c54e09f0891780cf04a39325c76c9ad232fa47cc2cfb2ecf7580d,2023-06,North Wales Police,North Wales Police,-3.141917,53.167571,On or near Shopping Area,W01000315,Flintshire 016C,Shoplifting,Unable to prosecute suspect,
5a76527ef6ac05bbcbc9ef892bd088624e8493725b8c7ec2c96cbcddd18d98e2,2023-06,North Wales Police,North Wales Police,-3.137712,53.167057,On or near Supermarket,W01000315,Flintshire 016C,Shoplifting,Investigation complete; no suspect identified,
07f0525c6c40bcb9a2bc2e31094fbf5130c3cdb7f8e12ba63932ddd7251eeca9,2023-06,North Wales Police,North Wales Police,-3.137712,53.167057,On or near Supermarket,W01000315,Flintshire 016C,Shoplifting,Investigation complete; no suspect identified,
ea649d50ad3cfa010300d9cfe450e2ce9747aa31cead1242cc3d97244584a858,2023-06,North Wales Police,North Wales Police,-3.138681,53.170191,On or near A5119,W01000315,Flintshire 016C,Shoplifting,Investigation complete; no suspect identified,
dadf474d57f08437e7a7413b6f6ffefad0d47a7f08bfa6928b13f8a6ec638305,2023-06,North Wales Police,North Wales Police,-3.141917,53.167571,On or near Shopping Area,W01000315,Flintshire 016C,Shoplifting,Investigation complete; no suspect identified,
69dd7fe4e553c89d8039fe838c392fa35b53d1b5fee1c60c5eaa03d5b5e4faac,2023-06,North Wales Police,North Wales Police,-3.138681,53.170191,On or near A5119,W01000315,Flintshire 016C,Shoplifting,Investigation complete; no suspect identified,
711e02d997aaccd339e0d9c7f55aeb927270c9cc81bb7d1bbf4582204b55341b,2023-06,North Wales Police,North Wales Police,-3.141917,53.167571,On or near Shopping Area,W01000315,Flintshire 016C,Shoplifting,Court result unavailable,
11c71de3fb8e07af6f33d8ed62dacb24f864fc10b58dc1cbf94f5262b19400b3,2023-06,North Wales Police,North Wales Police,-3.135750,53.170804,On or near Alyn Street,W01000315,Flintshire 016C,Violence and sexual offences,Unable to prosecute suspect,
4e647890062645f13578a9c166282cb6886af533fd57c80600f65596f0d9e43a,2023-06,North Wales Police,North Wales Police,-3.138098,53.172471,On or near Llys Pont-Y-Felin,W01000315,Flintshire 016C,Violence and sexual offences,Unable to prosecute suspect,
4da6905bba1e952c7c7462b1021f07d714645d3914b63eb87da13baf1b983318,2023-06,North Wales Police,North Wales Police,-3.140610,53.165085,On or near Wrexham Street,W01000315,Flintshire 016C,Violence and sexual offences,Further investigation is not in the public interest,
d22e5415124b960f9677cd1a950524342968a4af2588324c9b07162cdb51a2a2,2023-06,North Wales Police,North Wales Police,-3.138040,53.170836,On or near King Street,W01000315,Flintshire 016C,Violence and sexual offences,Investigation complete; no suspect identified,
07f55cf1b00c6edce389054ab80d4c34bed798e9cd1c84473a4a9b75803db72a,2023-06,North Wales Police,North Wales Police,-3.140724,53.166019,On or near Parking Area,W01000315,Flintshire 016C,Violence and sexual offences,Unable to prosecute suspect,
3f16adafc20738a48ed98233c4b82367979deab914474e352e1c29821357504c,2023-06,North Wales Police,North Wales Police,-3.140724,53.166019,On or near Parking Area,W01000315,Flintshire 016C,Violence and sexual offences,Unable to prosecute suspect,
8037fe6e17af022eac776ec4978a76afa7267b322a378728ae1dba26aa2ac6d8,2023-06,North Wales Police,North Wales Police,-3.132703,53.163605,On or near Llys Derwen,W01000315,Flintshire 016C,Violence and sexual offences,Investigation complete; no suspect identified,
255d135944683209ee9c947c9d4d3d80c353d10cde66963378c24540c34f710f,2023-06,North Wales Police,North Wales Police,-3.140724,53.166019,On or near Parking Area,W01000315,Flintshire 016C,Violence and sexual offences,Status update unavailable,
04a64ca50d8902d788ae3fc875ef72c60c4c660bc91c2828f7f8751f7a0a4bf5,2023-06,North Wales Police,North Wales Police,-3.130865,53.164243,On or near Kenstone Close,W01000315,Flintshire 016C,Violence and sexual offences,Status update unavailable,
2a75d995d56d463c34cd010467789fa3885dc36f59ae3786147b8941c5bde52b,2023-06,North Wales Police,North Wales Police,-3.134288,53.164714,On or near Lon Yr Orsaf,W01000315,Flintshire 016C,Violence and sexual offences,Unable to prosecute suspect,
5ac396efc9aad731c6efc24c57bd3afa14250ef27bd54267854309c0440faff6,2023-06,North Wales Police,North Wales Police,-3.135750,53.170804,On or near Alyn Street,W01000315,Flintshire 016C,Violence and sexual offences,Unable to prosecute suspect,
7b6f30a49b3611721956b887ad92fd2a59c0304ecef16e17b786a05da2d4213c,2023-06,North Wales Police,North Wales Police,-3.137514,53.164548,On or near Alexandra Road,W01000315,Flintshire 016C,Violence and sexual offences,Unable to prosecute suspect,
832bbde58df7871e737118139ef2fb798aba6b89d5193d55d58305b569bc8f84,2023-06,North Wales Police,North Wales Police,-3.140724,53.166019,On or near Parking Area,W01000315,Flintshire 016C,Violence and sexual offences,Unable to prosecute suspect,
4cdf3190ac61509ea5b8e57151250bf3e277c327e97f6702e159e62bec7aa801,2023-06,North Wales Police,North Wales Police,-3.151401,53.165871,On or near Pen-Y-Bryn,W01000316,Flintshire 016D,Criminal damage and arson,Investigation complete; no suspect identified,
85324bb4f7221892f1c086f90bad27905b876304e123ffb23f189dd6df58e346,2023-06,North Wales Police,North Wales Police,-3.156265,53.163172,On or near Lon Cae Del,W01000316,Flintshire 016D,Violence and sexual offences,Action to be taken by another organisation,
9c85b0ffebefb53949909320ccfb2c2e512e8c3b92c6d1e7bfa779680c237a96,2023-06,North Wales Police,North Wales Police,-3.147136,53.161876,On or near Maes Yr Haul,W01000317,Flintshire 016E,Public order,Unable to prosecute suspect,
d34a7957a0fb82c078bd2e73b3bec66e03c9d6c07ede8551043fd568ee71623d,2023-06,North Wales Police,North Wales Police,-3.155443,53.163207,On or near Chestnut Road,W01000317,Flintshire 016E,Violence and sexual offences,Unable to prosecute suspect,
cc5bcbd2286cbab9d5130c7b05e8bf8dd9a5e5b572cf6a33dc9e30887ddf28ea,2023-06,North Wales Police,North Wales Police,-3.155443,53.163207,On or near Chestnut Road,W01000317,Flintshire 016E,Violence and sexual offences,Unable to prosecute suspect,
,2023-06,North Wales Police,North Wales Police,-3.151786,53.169076,On or near Elm Drive,W01000318,Flintshire 016F,Anti-social behaviour,,
,2023-06,North Wales Police,North Wales Police,-3.146447,53.168562,On or near Jasmine Crescent,W01000318,Flintshire 016F,Anti-social behaviour,,
,2023-06,North Wales Police,North Wales Police,-3.152282,53.169710,On or near Hazel Grove,W01000318,Flintshire 016F,Anti-social behaviour,,
,2023-06,North Wales Police,North Wales Police,-3.151786,53.169076,On or near Elm Drive,W01000318,Flintshire 016F,Anti-social behaviour,,
,2023-06,North Wales Police,North Wales Police,-3.150886,53.167871,On or near Beech Drive,W01000318,Flintshire 016F,Anti-social behaviour,,
,2023-06,North Wales Police,North Wales Police,-3.153179,53.168038,On or near Queens Park,W01000318,Flintshire 016F,Anti-social behaviour,,
31199d3f96b1786c5bf6eed1ef428af68c0d3ad12384a0c67b44eea5565e9ca6,2023-06,North Wales Police,North Wales Police,-3.150856,53.170676,On or near Ivy Crescent,W01000318,Flintshire 016F,Burglary,Unable to prosecute suspect,
446f1463cceb4783f666b6f0ab8f1a61713e734323f268bfe86bdb640d314674,2023-06,North Wales Police,North Wales Police,-3.149067,53.168096,On or near Ash Grove,W01000318,Flintshire 016F,Other theft,Investigation complete; no suspect identified,
f405b1451c406c912d68c425d66fa1dd5591540ede07229ca1e4e1dae591d11d,2023-06,North Wales Police,North Wales Police,-3.146447,53.168562,On or near Jasmine Crescent,W01000318,Flintshire 016F,Public order,Investigation complete; no suspect identified,
e4bac5501e5c0a64ddfd1fd6fbdd7050ab0bb92126a95d189b09a15335c68317,2023-06,North Wales Police,North Wales Police,-3.151092,53.169991,On or near Hawthorn Avenue,W01000318,Flintshire 016F,Violence and sexual offences,Unable to prosecute suspect,
7cb4773590851314ce7e5a05bfa9cccc6c5b52cf52b8a59dfd918850a7bca99f,2023-06,North Wales Police,North Wales Police,-3.152282,53.169710,On or near Hazel Grove,W01000318,Flintshire 016F,Violence and sexual offences,Unable to prosecute suspect,
731726864c453921b195eba61b1fb8d44e0a9d4865414dffa4b42157e48a6885,2023-06,North Wales Police,North Wales Police,-3.150609,53.168144,On or near Cedar Grove,W01000318,Flintshire 016F,Violence and sexual offences,Unable to prosecute suspect,
,2023-06,North Wales Police,North Wales Police,-3.142481,53.171314,On or near Hall View,W01000319,Flintshire 016G,Anti-social behaviour,,
,2023-06,North Wales Police,North Wales Police,-3.148208,53.172913,On or near Llys Daniel Owen,W01000319,Flintshire 016G,Anti-social behaviour,,
,2023-06,North Wales Police,North Wales Police,-3.153604,53.172151,On or near Gwernaffield Road,W01000319,Flintshire 016G,Anti-social behaviour,,
,2023-06,North Wales Police,North Wales Police,-3.149727,53.169851,On or near Park Avenue,W01000319,Flintshire 016G,Anti-social behaviour,,
,2023-06,North Wales Police,North Wales Police,-3.143104,53.171147,On or near Henffordd,W01000319,Flintshire 016G,Anti-social behaviour,,
,2023-06,North Wales Police,North Wales Police,-3.142481,53.171314,On or near Hall View,W01000319,Flintshire 016G,Anti-social behaviour,,
f0dccc24f000b85ec738063157d8ae3be8ca6537901c2bf014b479534c657ed0,2023-06,North Wales Police,North Wales Police,-3.141089,53.170735,On or near Milford Street,W01000319,Flintshire 016G,Burglary,Status update unavailable,
3dbed6472e9bfd0547ad827bfe224eb3432ca767e3a85941711611dd733c37b5,2023-06,North Wales Police,North Wales Police,-3.142363,53.168583,On or near St Mary'S Mews,W01000319,Flintshire 016G,Drugs,Local resolution,
a983aa6cc86af1801789aa2a495bbef065f25737560317b91f9db93f35b167d5,2023-06,North Wales Police,North Wales Police,-3.142481,53.171314,On or near Hall View,W01000319,Flintshire 016G,Public order,Investigation complete; no suspect identified,
d51e1d9779321b80f72b6bb83df851802c1f96640b8561db179bf80020ce040b,2023-06,North Wales Police,North Wales Police,-3.149727,53.169851,On or near Park Avenue,W01000319,Flintshire 016G,Public order,Investigation complete; no suspect identified,
baa46fa8025d0b2cd3c57cf5d16afd01bc449c2f019f15f3dda8c3b35ea7de6c,2023-06,North Wales Police,North Wales Police,-3.149727,53.169851,On or near Park Avenue,W01000319,Flintshire 016G,Public order,Unable to prosecute suspect,
c2f6b38ccde80dcecce46e4e9d15d3d7af6ead1ece3db0cc9f27d6b1b23547df,2023-06,North Wales Police,North Wales Police,-3.144273,53.173392,On or near Sports/Recreation Area,W01000319,Flintshire 016G,Vehicle crime,Investigation complete; no suspect identified,
6a4e44b5717b6aa53d75528f666aec003d51752da6097d361974bd188777d20e,2023-06,North Wales Police,North Wales Police,-3.142363,53.168583,On or near St Mary'S Mews,W01000319,Flintshire 016G,Violence and sexual offences,Status update unavailable,
18c098c1ed30b9072726032cd721d5418e87a1ebb1a73908fea64b282975eb64,2023-06,North Wales Police,North Wales Police,-3.143104,53.171147,On or near Henffordd,W01000319,Flintshire 016G,Violence and sexual offences,Unable to prosecute suspect,
790061d4ca43192e92bb8c874024b8daa7b6be1abbd6af49d3370885ee78f9c5,2023-06,North Wales Police,North Wales Police,-3.142481,53.171314,On or near Hall View,W01000319,Flintshire 016G,Violence and sexual offences,Unable to prosecute suspect,
344677a129117d08d1adef6f2699f47ff44f64745d14d899df62034aa074e5a4,2023-06,North Wales Police,North Wales Police,-3.149727,53.169851,On or near Park Avenue,W01000319,Flintshire 016G,Violence and sexual offences,Further investigation is not in the public interest,
d408a53a5133e234182ca68d55d8b2cb480d10a2b50c225b1f87faa73f159e95,2023-06,North Wales Police,North Wales Police,-3.142481,53.171314,On or near Hall View,W01000319,Flintshire 016G,Violence and sexual offences,Court result unavailable,
,2023-06,North Wales Police,North Wales Police,-3.079816,53.165562,On or near Llys Padeswood,W01000259,Flintshire 017A,Anti-social behaviour,,
,2023-06,North Wales Police,North Wales Police,-3.071590,53.166184,On or near Jubilee Road,W01000259,Flintshire 017A,Anti-social behaviour,,
,2023-06,North Wales Police,North Wales Police,-3.064999,53.164607,On or near Brickfields,W01000259,Flintshire 017A,Anti-social behaviour,,
,2023-06,North Wales Police,North Wales Police,-3.071312,53.167050,On or near Parking Area,W01000259,Flintshire 017A,Anti-social behaviour,,
,2023-06,North Wales Police,North Wales Police,-3.064671,53.165276,On or near Brook Street,W01000259,Flintshire 017A,Anti-social behaviour,,
e0ded2ab19cef6052f955be49dfe33641748b30f898f78dd00fa3cb54d737d1f,2023-06,North Wales Police,North Wales Police,-3.071312,53.167050,On or near Parking Area,W01000259,Flintshire 017A,Criminal damage and arson,Offender given a caution,
7c3dc073cfa632f85ca2f0973242119f1bafafe97c3a6d5e727b246799fa05d1,2023-06,North Wales Police,North Wales Police,-3.071618,53.166696,On or near Coppa View,W01000259,Flintshire 017A,Public order,Investigation complete; no suspect identified,
c5d2ed35af474825a7f4f8b0781fef8d50262b6a0ead260588266b39dd51fb4c,2023-06,North Wales Police,North Wales Police,-3.079667,53.167963,On or near Parking Area,W01000259,Flintshire 017A,Robbery,Unable to prosecute suspect,
cf1e6b097d711295d14a99020049d8b1d84f928a4c0c18495d21549c92fc7d12,2023-06,North Wales Police,North Wales Police,-3.078828,53.166694,On or near Parking Area,W01000259,Flintshire 017A,Shoplifting,Local resolution,
268bc3bd5752f4bf00cddeef113be6471fb2fa32895ac54a7baae8c6062d55bf,2023-06,North Wales Police,North Wales Police,-3.079667,53.167963,On or near Parking Area,W01000259,Flintshire 017A,Shoplifting,Court result unavailable,
24b09b99e8c389d41ee64d9f79cb40b97a684c1aaa2a112dc4d81fa62c1b08c6,2023-06,North Wales Police,North Wales Police,-3.079667,53.167963,On or near Parking Area,W01000259,Flintshire 017A,Shoplifting,Investigation complete; no suspect identified,
c35f3388149a15f18329252c1c0c2dedcb4bb37e7cf0c4b3a5b78c46a37a2d28,2023-06,North Wales Police,North Wales Police,-3.079667,53.167963,On or near Parking Area,W01000259,Flintshire 017A,Shoplifting,Court result unavailable,
ceb58a666e1ef628d9975783223540717109719a05fdc5cafc19c917b527c4cd,2023-06,North Wales Police,North Wales Police,-3.079667,53.167963,On or near Parking Area,W01000259,Flintshire 017A,Shoplifting,Court result unavailable,
8a40df9daf683a0244b3720379b2be9496ffee8ced7431c835a565d8e29d41c5,2023-06,North Wales Police,North Wales Police,-3.079816,53.165562,On or near Llys Padeswood,W01000259,Flintshire 017A,Shoplifting,Investigation complete; no suspect identified,
9565d34bc15ec85002cbdcacebf91808458de29b464ddad1ebf0048b456eff13,2023-06,North Wales Police,North Wales Police,-3.078828,53.166694,On or near Parking Area,W01000259,Flintshire 017A,Shoplifting,Court result unavailable,
12bf32b751a13b8a5f5ae6fb1b93088e38ecdbe1efa0b731db943268ee24541b,2023-06,North Wales Police,North Wales Police,-3.079667,53.167963,On or near Parking Area,W01000259,Flintshire 017A,Shoplifting,Investigation complete; no suspect identified,
80b9745d374c018c0b85f8f098e3c9da6bac9d07c6f7750f60e9904db3201503,2023-06,North Wales Police,North Wales Police,-3.079816,53.165562,On or near Llys Padeswood,W01000259,Flintshire 017A,Shoplifting,Investigation complete; no suspect identified,
a710bf2cefd0392ee192fa9c3ae1a737647bb1bb42ce57884a53772ffa89aba2,2023-06,North Wales Police,North Wales Police,-3.079816,53.165562,On or near Llys Padeswood,W01000259,Flintshire 017A,Shoplifting,Court result unavailable,
64cddeb8c9d1894082adf3f1ae7b76ff3ced798102002f76897dd47327ee6537,2023-06,North Wales Police,North Wales Police,-3.079667,53.167963,On or near Parking Area,W01000259,Flintshire 017A,Shoplifting,Investigation complete; no suspect identified,
d4d7a9c579b3ca7d2c6e34689515907ca3a94ec76667bdc561ffdc3f7bb42c1e,2023-06,North Wales Police,North Wales Police,-3.078828,53.166694,On or near Parking Area,W01000259,Flintshire 017A,Shoplifting,Court result unavailable,
6e0c71ba2c630a6fe909956d5cd8fc1c6e62d9904537d9fa6b59ce42b47fdb46,2023-06,North Wales Police,North Wales Police,-3.079816,53.165562,On or near Llys Padeswood,W01000259,Flintshire 017A,Shoplifting,Court result unavailable,
4e283706d97fa23ffa975465044b5c09f83f45bd2da45d9467030a9e7393d36d,2023-06,North Wales Police,North Wales Police,-3.078828,53.166694,On or near Parking Area,W01000259,Flintshire 017A,Shoplifting,Court result unavailable,
24a2b844fe2ca49035720f9fb35ac39651da522858f32b6e6730beb3a469e4a3,2023-06,North Wales Police,North Wales Police,-3.079816,53.165562,On or near Llys Padeswood,W01000259,Flintshire 017A,Shoplifting,Court result unavailable,
77e7627ae220f143c26a1a3676b9bf9a083d8cad0268d748cc8369b79e8844a5,2023-06,North Wales Police,North Wales Police,-3.067426,53.166554,On or near Parking Area,W01000259,Flintshire 017A,Violence and sexual offences,Unable to prosecute suspect,
c4c0ee33dc365e4a09f93935828dd06212837581fc2a0e56fec6996fdc465b98,2023-06,North Wales Police,North Wales Police,-3.069273,53.165648,On or near Cwrt Brenig,W01000259,Flintshire 017A,Violence and sexual offences,Unable to prosecute suspect,
b6ca217ac2ce984ddc155a7589e5faf2e02c610d63e589b634006be6b1589f00,2023-06,North Wales Police,North Wales Police,-3.079667,53.167963,On or near Parking Area,W01000259,Flintshire 017A,Violence and sexual offences,Court result unavailable,
fcf4d5978a8a462c05ec885696244ba76a8ee8c520185be87e761820c706b53b,2023-06,North Wales Police,North Wales Police,-3.064671,53.165276,On or near Brook Street,W01000259,Flintshire 017A,Violence and sexual offences,Further action is not in the public interest,
fb1a1637a563864051fcfe6f0a1f14875c06c632660cb67bff136ea2ad98cf3d,2023-06,North Wales Police,North Wales Police,-3.079667,53.167963,On or near Parking Area,W01000259,Flintshire 017A,Violence and sexual offences,Court result unavailable,
435a89b323619e108b7966c74ffc9742719af08e1a5ffa4460407ac6ffc2e88c,2023-06,North Wales Police,North Wales Police,-3.079667,53.167963,On or near Parking Area,W01000259,Flintshire 017A,Violence and sexual offences,Court result unavailable,
fa260d97940970e750d684a00ddccbe74737e2bebec325bb138d0b57f93cdf3f,2023-06,North Wales Police,North Wales Police,-3.053480,53.164557,On or near Warren Crescent,W01000259,Flintshire 017A,Violence and sexual offences,Unable to prosecute suspect,
553434a8312fb77b06f708cb8ef6d753004c2d9d69f9f71a23f3d994f2bb30b8,2023-06,North Wales Police,North Wales Police,-3.053480,53.164557,On or near Warren Crescent,W01000259,Flintshire 017A,Violence and sexual offences,Unable to prosecute suspect,
79a38d6e919d113c28d1520e9a6ea96ab7780115d0985fa34aa590118d9ca839,2023-06,North Wales Police,North Wales Police,-3.079667,53.167963,On or near Parking Area,W01000259,Flintshire 017A,Violence and sexual offences,Unable to prosecute suspect,
,2023-06,North Wales Police,North Wales Police,-3.075679,53.162812,On or near West View,W01000260,Flintshire 017B,Anti-social behaviour,,
,2023-06,North Wales Police,North Wales Police,-3.069493,53.163084,On or near Swain Avenue,W01000260,Flintshire 017B,Anti-social behaviour,,
b8c97a30daa3220f7cb62da9cd8fcc1d50263377f35ad0a5d3ca8c7cd0a3c768,2023-06,North Wales Police,North Wales Police,-3.069493,53.163084,On or near Swain Avenue,W01000260,Flintshire 017B,Public order,Investigation complete; no suspect identified,
5d1bc0e6e202e789e384de1efc0651d411790d9b53281d5bac3d2764d3523de9,2023-06,North Wales Police,North Wales Police,-3.069493,53.163084,On or near Swain Avenue,W01000260,Flintshire 017B,Public order,Unable to prosecute suspect,
ce6e254791b3eb27bcd730a48dce434bba7dc843d203da340f8e1ecc3862629c,2023-06,North Wales Police,North Wales Police,-3.069493,53.163084,On or near Swain Avenue,W01000260,Flintshire 017B,Violence and sexual offences,Court result unavailable,
6014b43ecc996a7c3bf2032d2f1cfccdb01e411f5ee0853deebfde98d5ab8da1,2023-06,North Wales Police,North Wales Police,-3.069493,53.163084,On or near Swain Avenue,W01000260,Flintshire 017B,Violence and sexual offences,Unable to prosecute suspect,
60d5e7d51a7cbc58ca705113bdae88218e65a2ec142bcd76e4c600331c055c31,2023-06,North Wales Police,North Wales Police,-3.080249,53.165504,On or near Padeswood Road North,W01000262,Flintshire 017C,Violence and sexual offences,Action to be taken by another organisation,
,2023-06,North Wales Police,North Wales Police,-3.086305,53.166599,On or near Fraser Drive,W01000262,Flintshire 017C,Anti-social behaviour,,
,2023-06,North Wales Police,North Wales Police,-3.081677,53.164619,On or near Terrig Crescent,W01000262,Flintshire 017C,Anti-social behaviour,,
,2023-06,North Wales Police,North Wales Police,-3.083210,53.162510,On or near Dawn Close,W01000262,Flintshire 017C,Anti-social behaviour,,
66770ab58ace8182aabac422a339839db6fc67088567e30e372a13f6901caec7,2023-06,North Wales Police,North Wales Police,-3.082161,53.161837,On or near Brynwood Drive,W01000262,Flintshire 017C,Burglary,Status update unavailable,
16d2bf90c2c6bdbe384845dc1582b73adb8f4d730c58a787257577cdcbca21c1,2023-06,North Wales Police,North Wales Police,-3.084793,53.164797,On or near Farm Close,W01000262,Flintshire 017C,Burglary,Investigation complete; no suspect identified,
bb8c149d92235d5b6dafd78ed59400acc342b3b9737e0cfee9ea8aa46f6a91a2,2023-06,North Wales Police,North Wales Police,-3.082687,53.164906,On or near Princess Avenue,W01000262,Flintshire 017C,Criminal damage and arson,Investigation complete; no suspect identified,
b06817809138c218796eb54bdf118da4bf339e60ca5bab9b260e6cfb7fe53c27,2023-06,North Wales Police,North Wales Police,-3.083184,53.161468,On or near Old Bank Lane,W01000262,Flintshire 017C,Criminal damage and arson,Unable to prosecute suspect,
c78f8dfcb7c6f8d80a8d81c3ef1406f0c4ef60e116bd8b62dafa91376095f251,2023-06,North Wales Police,North Wales Police,-3.082161,53.161837,On or near Brynwood Drive,W01000262,Flintshire 017C,Criminal damage and arson,Investigation complete; no suspect identified,
1a9a2e88dd6396ee42c30ea39639259dd2b2863cded8d94f0b1924b5284efdd3,2023-06,North Wales Police,North Wales Police,-3.085603,53.164269,On or near Farm Road,W01000262,Flintshire 017C,Public order,Investigation complete; no suspect identified,
9f973b3b588fefc531743415c5cbad24206141294313fbf46646ea7d06c3d296,2023-06,North Wales Police,North Wales Police,-3.084445,53.165241,On or near Bryn Mawr,W01000262,Flintshire 017C,Vehicle crime,Unable to prosecute suspect,
fa812ae873d7153768dd40fc69e312b0332c5ccdf8430f599b356bc4fa001140,2023-06,North Wales Police,North Wales Police,-3.086224,53.168155,On or near Hewitt'S Lane,W01000262,Flintshire 017C,Violence and sexual offences,Unable to prosecute suspect,
f38d91c5c48a9dc6cae33094b5bd182755a84bc0b82519def80cc539b97cbbc4,2023-06,North Wales Police,North Wales Police,-3.080505,53.163200,On or near Hillside Crescent,W01000262,Flintshire 017C,Violence and sexual offences,Unable to prosecute suspect,
df8623a8d281445e31a9a3ccba660959291dea7f866931ba79c045f6e5179d7c,2023-06,North Wales Police,North Wales Police,-3.081038,53.164778,On or near Alyn Road,W01000262,Flintshire 017C,Violence and sexual offences,Unable to prosecute suspect,
d746f579b195eb9e38fa936b1ba23238ce0b097790573db195af3259298d4883,2023-06,North Wales Police,North Wales Police,-3.082142,53.167644,On or near Tabernacle Street,W01000262,Flintshire 017C,Violence and sexual offences,Investigation complete; no suspect identified,
943040d7abd440f671217e5243e4d2e3fc514fb739acb52423f1d8537c6cb863,2023-06,North Wales Police,North Wales Police,-3.083184,53.161468,On or near Old Bank Lane,W01000262,Flintshire 017C,Violence and sexual offences,Unable to prosecute suspect,
04ffb01b72a88893df8c6c8bb84925f3ba480d51aed2287cecff6b0218508278,2023-06,North Wales Police,North Wales Police,-3.080730,53.162021,On or near Moel View Road,W01000262,Flintshire 017C,Violence and sexual offences,Unable to prosecute suspect,
b7020f8674064560a8da083c0cf41e33b055777f39d4d50788270ed6bf427c5f,2023-06,North Wales Police,North Wales Police,-3.082148,53.167878,On or near Orchard Close,W01000262,Flintshire 017C,Violence and sexual offences,Local resolution,
96711e9ca164d3314b5693359d4d004785b45a351815c4918a6af085c63df341,2023-06,North Wales Police,North Wales Police,-3.083210,53.162510,On or near Dawn Close,W01000262,Flintshire 017C,Violence and sexual offences,Unable to prosecute suspect,
48e3a71a9b95129f695d7599012e489a93224c20a9075897aa4aa4a36332f5b6,2023-06,North Wales Police,North Wales Police,-3.080249,53.165504,On or near Padeswood Road North,W01000262,Flintshire 017C,Violence and sexual offences,Court result unavailable,
f0373de7b81af838f4500847ff82fbecdd8114aaa0dbb350e740f6e12fdedc76,2023-06,North Wales Police,North Wales Police,-3.081038,53.164778,On or near Alyn Road,W01000262,Flintshire 017C,Other crime,Unable to prosecute suspect,
190e0ea72c0ba075aa15caaabfd9f17071b9aa4b4db0c845294d9997dda83737,2023-06,North Wales Police,North Wales Police,-3.084624,53.166381,On or near Queens Drive,W01000263,Flintshire 017D,Violence and sexual offences,Awaiting court outcome,
,2023-06,North Wales Police,North Wales Police,-3.087240,53.165746,On or near Clwyd Grove,W01000263,Flintshire 017D,Anti-social behaviour,,
ff711d84ab23e2381599af77f840473a0acc9f6c3b0211dfbecc8abae0a9d890,2023-06,North Wales Police,North Wales Police,-3.084248,53.163930,On or near Leeswood Road,W01000263,Flintshire 017D,Burglary,Investigation complete; no suspect identified,
0b44acc416681d490d03ce9537031d42468e452f0e0fd58ece6457e685711dc3,2023-06,North Wales Police,North Wales Police,-3.087545,53.163613,On or near Nant Mawr Road,W01000263,Flintshire 017D,Criminal damage and arson,Investigation complete; no suspect identified,
828e10d176254ae28329dcb1ba7baa810708d2284a81117710eedff5fdc14266,2023-06,North Wales Police,North Wales Police,-3.085152,53.163598,On or near Hillsview Road,W01000263,Flintshire 017D,Criminal damage and arson,Unable to prosecute suspect,
ec62d2560eb5bbc5f03d8e1a3ecd72d83df75c62318b9977b830e98ebd985644,2023-06,North Wales Police,North Wales Police,-3.086884,53.164670,On or near Nant Mawr Crescent,W01000263,Flintshire 017D,Criminal damage and arson,Investigation complete; no suspect identified,
886a382319009f779b286a7a3a0cf5eed40e3d9a34ce8b9e9992ecf2ba0842ac,2023-06,North Wales Police,North Wales Police,-3.084248,53.163930,On or near Leeswood Road,W01000263,Flintshire 017D,Criminal damage and arson,Local resolution,
100fde96a3dd103a09489e1656e91f83357b27ceded71e7d93f4fc0b6eb4a084,2023-06,North Wales Police,North Wales Police,-3.085152,53.163598,On or near Hillsview Road,W01000263,Flintshire 017D,Public order,Unable to prosecute suspect,
7e6d867075dcd229e52f54e3b4a70f5805b57b4c13e03827442477e37636c02b,2023-06,North Wales Police,North Wales Police,-3.087077,53.162250,On or near Becketts Lane,W01000263,Flintshire 017D,Violence and sexual offences,Unable to prosecute suspect,
38861137a484b187161bb09752541641edbef9e2f4db0d675672f67172edab38,2023-06,North Wales Police,North Wales Police,-3.085152,53.163598,On or near Hillsview Road,W01000263,Flintshire 017D,Violence and sexual offences,Unable to prosecute suspect,
dd6f727180080eabd3752e69f9ba9abacf3ed66219e1988f2cb7cf104c25cbe5,2023-06,North Wales Police,North Wales Police,-3.084624,53.166381,On or near Queens Drive,W01000263,Flintshire 017D,Violence and sexual offences,Court result unavailable,
2874442e5a24a332333970d3f07088d982a0f3f7ee9104ebe6b674e521ffbed7,2023-06,North Wales Police,North Wales Police,-3.086884,53.164670,On or near Nant Mawr Crescent,W01000263,Flintshire 017D,Violence and sexual offences,Unable to prosecute suspect,
320a16f1b51195a931557ae3112f363e797482ce110579883f86349cf2a0db9e,2023-06,North Wales Police,North Wales Police,-3.084624,53.166381,On or near Queens Drive,W01000263,Flintshire 017D,Violence and sexual offences,Unable to prosecute suspect,
d97353e5028f0a22a0570179890e65fb982e4c5a13b25116b8a54293ed33107b,2023-06,North Wales Police,North Wales Police,-3.084624,53.166381,On or near Queens Drive,W01000263,Flintshire 017D,Violence and sexual offences,Court result unavailable,
c670f76b065f5b36cbe8261f3dd4d7dd38bf98b457d9dccc93755b1c38b6b3da,2023-06,North Wales Police,North Wales Police,-3.086305,53.166599,On or near Fraser Drive,W01000263,Flintshire 017D,Other crime,Unable to prosecute suspect,
,2023-06,North Wales Police,North Wales Police,-3.080518,53.170266,On or near Mill Lane,W01000266,Flintshire 017E,Anti-social behaviour,,
,2023-06,North Wales Police,North Wales Police,-3.068538,53.169196,On or near Hanson Drive,W01000266,Flintshire 017E,Anti-social behaviour,,
72f6343ce780221c6505445f2749b155731a918924b57824b6e36b18e58a0827,2023-06,North Wales Police,North Wales Police,-3.080518,53.170266,On or near Mill Lane,W01000266,Flintshire 017E,Public order,Unable to prosecute suspect,
af2845c6823dd1ce42b60d0800da292bb3a7eb57f14b03814e368ccce4388786,2023-06,North Wales Police,North Wales Police,-3.067388,53.171085,On or near Heritage Drive,W01000266,Flintshire 017E,Violence and sexual offences,Action to be taken by another organisation,
0107c1d5fee5f555f232d88eb5dc6d7c725a56eda8cbb243f8501ffa035602d0,2023-06,North Wales Police,North Wales Police,-3.076755,53.169356,On or near Victoria Road,W01000266,Flintshire 017E,Violence and sexual offences,Status update unavailable,
,2023-06,North Wales Police,North Wales Police,-3.061071,53.167267,On or near Acorn Close,W01000267,Flintshire 017F,Anti-social behaviour,,
eefd0c84fac4b9c8a8b8e3e3c8c59316462f5bd72dcf37a9f4f1dbd8a9ff4d53,2023-06,North Wales Police,North Wales Police,-3.057643,53.171424,On or near Drury New Road,W01000267,Flintshire 017F,Vehicle crime,Unable to prosecute suspect,
3cf2e2c403daaa24487dd6c555645919a2c6687848cb230dfa79873f71c95f00,2023-06,North Wales Police,North Wales Police,-3.053113,53.165459,On or near Dirty Mile,W01000267,Flintshire 017F,Violence and sexual offences,Investigation complete; no suspect identified,
b9de2dc2dc49ff622917cf5b0134fd29cd570ff193783c27eab6c8fa40a8558b,2023-06,North Wales Police,North Wales Police,-3.056007,53.172454,On or near Drury Lane,W01000267,Flintshire 017F,Violence and sexual offences,Unable to prosecute suspect,
a2d8264ab80acc47544a4279c287109b0f94e19f8cc39997eeab1fd5655e4d0a,2023-06,North Wales Police,North Wales Police,-3.059496,53.165897,On or near Willow Close,W01000267,Flintshire 017F,Violence and sexual offences,Unable to prosecute suspect,
5687c0b556727dc312374cc1d18f4f1c3a5b053a2540d38585305a6dc4aca2d7,2023-06,North Wales Police,North Wales Police,-3.059868,53.175539,On or near Burntwood Road,W01000267,Flintshire 017F,Violence and sexual offences,Unable to prosecute suspect,
,2023-06,North Wales Police,North Wales Police,-3.022955,53.130763,On or near Middle Lane,W01000303,Flintshire 018A,Anti-social behaviour,,
e86dd58d4d4acbebb402524d5bd48892340ef1ac5192a6d64bac0839cd8fa786,2023-06,North Wales Police,North Wales Police,-3.004037,53.147608,On or near Hill Road,W01000303,Flintshire 018A,Public order,Unable to prosecute suspect,
d0c488eec6f3f5641abd0aa2335014f33f019fe3b7a51c2ff4bd44d5045696b4,2023-06,North Wales Police,North Wales Police,-3.004037,53.147608,On or near Hill Road,W01000303,Flintshire 018A,Public order,Unable to prosecute suspect,
08e316b1b8cf0a0b001d52d00da86975ac8beec1cf571f3c023932194a6c3636,2023-06,North Wales Police,North Wales Police,-3.001235,53.144791,On or near Willow Court,W01000303,Flintshire 018A,Violence and sexual offences,Formal action is not in the public interest,
1eae2e60f4bf365d6ebb3ef525665d21573154f9c21967f0379d27c6fde56757,2023-06,North Wales Police,North Wales Police,-3.045756,53.144633,On or near Cae Fawnog,W01000326,Flintshire 018B,Violence and sexual offences,Investigation complete; no suspect identified,
,2023-06,North Wales Police,North Wales Police,-3.044631,53.143258,On or near Meadow Rise,W01000326,Flintshire 018B,Anti-social behaviour,,
,2023-06,North Wales Police,North Wales Police,-3.045131,53.141681,On or near Park Lane,W01000326,Flintshire 018B,Anti-social behaviour,,
,2023-06,North Wales Police,North Wales Police,-3.046019,53.148064,On or near Howards Close,W01000326,Flintshire 018B,Anti-social behaviour,,
,2023-06,North Wales Police,North Wales Police,-3.046019,53.148064,On or near Howards Close,W01000326,Flintshire 018B,Anti-social behaviour,,
602c998cfaf126d0c2f6dfa908fa92e90fdeed52d4a3a978e63fb2ccc7922770,2023-06,North Wales Police,North Wales Police,-3.034365,53.140993,On or near Lower Mountain Road,W01000326,Flintshire 018B,Burglary,Investigation complete; no suspect identified,
c3a12505391b5ce77e4221b395dff25c676a0c118f5bfcc42114630cfb42ff0a,2023-06,North Wales Police,North Wales Police,-3.043040,53.137447,On or near Manor Fields,W01000326,Flintshire 018B,Public order,Formal action is not in the public interest,
421b380c7e5a938183bb13819294c4b29c9d9f239fb6a16cb22b1513d2ce66d4,2023-06,North Wales Police,North Wales Police,-3.050229,53.147182,On or near Spruce Drive,W01000326,Flintshire 018B,Violence and sexual offences,Court result unavailable,
d20f9b5fe5a148a659060547d8b659d50dac76747fb4a7fae460602cb3363984,2023-06,North Wales Police,North Wales Police,-3.047065,53.146203,On or near Ffordd Haearn,W01000326,Flintshire 018B,Violence and sexual offences,Local resolution,
54e6e74bbcaa02f761f5e758ff3fd4289984a9c79d21879d25a903864620a565,2023-06,North Wales Police,North Wales Police,-3.050229,53.147182,On or near Spruce Drive,W01000326,Flintshire 018B,Violence and sexual offences,Unable to prosecute suspect,
cbd6ed327ce68376b3dfa59a635451348084415aeb8311509767da3a08ab4878,2023-06,North Wales Police,North Wales Police,-3.044631,53.143258,On or near Meadow Rise,W01000326,Flintshire 018B,Violence and sexual offences,Further investigation is not in the public interest,
8a1a977c625544aa3f77b09610e26875e29596cd261a221d78d2502aecff065c,2023-06,North Wales Police,North Wales Police,-3.046019,53.148064,On or near Howards Close,W01000326,Flintshire 018B,Violence and sexual offences,Further investigation is not in the public interest,
9de6dd3253cfffc564680a57e7667fa749a3ae17fe2417233cd69e76977daab4,2023-06,North Wales Police,North Wales Police,-3.050229,53.147182,On or near Spruce Drive,W01000326,Flintshire 018B,Violence and sexual offences,Unable to prosecute suspect,
,2023-06,North Wales Police,North Wales Police,-3.036783,53.165027,On or near Clos Yr Leubren,W01000327,Flintshire 018C,Anti-social behaviour,,
,2023-06,North Wales Police,North Wales Police,-3.041741,53.151086,On or near Bilberry Close,W01000327,Flintshire 018C,Anti-social behaviour,,
,2023-06,North Wales Police,North Wales Police,-3.039454,53.156698,On or near White Court,W01000327,Flintshire 018C,Anti-social behaviour,,
,2023-06,North Wales Police,North Wales Police,-3.038526,53.153587,On or near Gorse Close,W01000327,Flintshire 018C,Anti-social behaviour,,
,2023-06,North Wales Police,North Wales Police,-3.040450,53.165121,On or near Llys Golygfa' R Maes,W01000327,Flintshire 018C,Anti-social behaviour,,
,2023-06,North Wales Police,North Wales Police,-3.036783,53.165027,On or near Clos Yr Leubren,W01000327,Flintshire 018C,Anti-social behaviour,,
,2023-06,North Wales Police,North Wales Police,-3.040450,53.165121,On or near Llys Golygfa' R Maes,W01000327,Flintshire 018C,Anti-social behaviour,,
02c94f387cc8c879c388104d0c49372ece03912bb1f960d5949eac8ab88f586d,2023-06,North Wales Police,North Wales Police,-3.036783,53.165027,On or near Clos Yr Leubren,W01000327,Flintshire 018C,Drugs,Further action is not in the public interest,
868715a416f4a383246deb65fab60c9ee6cc6bdcd92e7c9e14812236822ae46e,2023-06,North Wales Police,North Wales Police,-3.040450,53.165121,On or near Llys Golygfa' R Maes,W01000327,Flintshire 018C,Other theft,Investigation complete; no suspect identified,
fe43bc2b993a2e1d072b8da23fd9d5456cad0cce176f0aca0ef334eb7d47642c,2023-06,North Wales Police,North Wales Police,-3.044470,53.150793,On or near Hawarden Road,W01000327,Flintshire 018C,Shoplifting,Investigation complete; no suspect identified,
58d98b514b7d0dbfc3c31fe9c6258001a371ab8374bf4c3fbd0b72b3e4ea3b73,2023-06,North Wales Police,North Wales Police,-3.044470,53.150793,On or near Hawarden Road,W01000327,Flintshire 018C,Shoplifting,Investigation complete; no suspect identified,
22a041c5206d7518569e8120fe88902dca58625194ccf74d97f2517dd7bd20ca,2023-06,North Wales Police,North Wales Police,-3.020074,53.163077,On or near Parking Area,W01000327,Flintshire 018C,Violence and sexual offences,Unable to prosecute suspect,
,2023-06,North Wales Police,North Wales Police,-3.189003,53.171695,On or near Maes Llan,W01000299,Flintshire 019A,Anti-social behaviour,,
,2023-06,North Wales Police,North Wales Police,-3.188462,53.172141,On or near Church Lane,W01000299,Flintshire 019A,Anti-social behaviour,,
,2023-06,North Wales Police,North Wales Police,-3.208124,53.169579,On or near Cefn Bychan Road,W01000299,Flintshire 019A,Anti-social behaviour,,
f8a3d8ed14de4bc215bd04f1117bd42922373a93a6faf6a4a6e534f03999e566,2023-06,North Wales Police,North Wales Police,-3.189762,53.171544,On or near Caer-Mul,W01000299,Flintshire 019A,Drugs,Court result unavailable,
b0da62522e6d9b700804729806ebc5c788a0cbfe1639369e736100655d6ae5c5,2023-06,North Wales Police,North Wales Police,-3.189762,53.171544,On or near Caer-Mul,W01000299,Flintshire 019A,Possession of weapons,Court result unavailable,
6cd8d220f1d37c515ced6073c2a7b46b9b34898495eb9f469348ed8f7e6c59ad,2023-06,North Wales Police,North Wales Police,-3.187631,53.170217,On or near High Park Estate,W01000299,Flintshire 019A,Public order,Unable to prosecute suspect,
e400b95415ca2efb79857ec4fb04d1bb7acfda8f85b07e5ef5b20db1e2bd4fde,2023-06,North Wales Police,North Wales Police,-3.205077,53.177251,On or near Penyfron Road,W01000299,Flintshire 019A,Violence and sexual offences,Unable to prosecute suspect,
95d836631f453fc1a0405e252108a5689de20395a4fed2cd5105901b5f2972db,2023-06,North Wales Police,North Wales Police,-3.208124,53.169579,On or near Cefn Bychan Road,W01000299,Flintshire 019A,Violence and sexual offences,Unable to prosecute suspect,
42d7579ea5f5072b20483ceeaa74e7bc080c308c594620858d2cd75d0003e558,2023-06,North Wales Police,North Wales Police,-3.143816,53.134346,On or near Ffordd Y Pentre,W01000300,Flintshire 019B,Criminal damage and arson,Investigation complete; no suspect identified,
0d9f8a699279fdd038d8b4fc06f5fc3f5c38485dd09c3fec16254cf22f41c5cb,2023-06,North Wales Police,North Wales Police,-3.164928,53.152777,On or near Swan Lane,W01000300,Flintshire 019B,Violence and sexual offences,Unable to prosecute suspect,
15347e1764038bbbaa6955b606cec8f5f2133836714de64381b1ce20fd1792ca,2023-06,North Wales Police,North Wales Police,-3.180630,53.152784,On or near Bryn Eithin,W01000300,Flintshire 019B,Other crime,Action to be taken by another organisation,
,2023-06,North Wales Police,North Wales Police,-3.089007,53.129772,On or near Supermarket,W01000309,Flintshire 019C,Anti-social behaviour,,
,2023-06,North Wales Police,North Wales Police,-3.088330,53.129572,On or near Clos Eiddew,W01000309,Flintshire 019C,Anti-social behaviour,,
,2023-06,North Wales Police,North Wales Police,-3.089784,53.130934,On or near Derwen Deg,W01000309,Flintshire 019C,Anti-social behaviour,,
,2023-06,North Wales Police,North Wales Police,-3.088948,53.128002,On or near Pontybodkin Hill,W01000309,Flintshire 019C,Anti-social behaviour,,
,2023-06,North Wales Police,North Wales Police,-3.092349,53.132456,On or near Ffordd Y Glo,W01000309,Flintshire 019C,Anti-social behaviour,,
5d4f11c197565062f036e5645ad4bf1cef357a674d0f736b7215ad1c7b1a4274,2023-06,North Wales Police,North Wales Police,-3.094511,53.130513,On or near Cwrt Pinwydd,W01000309,Flintshire 019C,Burglary,Investigation complete; no suspect identified,
5928a61f5df3d0b5966a19ac086c0105f338f924eaa685f81b4f6c0230b0905f,2023-06,North Wales Police,North Wales Police,-3.079200,53.135880,On or near Sports/Recreation Area,W01000309,Flintshire 019C,Criminal damage and arson,Unable to prosecute suspect,
47ad33f77845d8ccebacb6fcef7d0e56027f26d146661303f4ce70680137b5ea,2023-06,North Wales Police,North Wales Police,-3.094511,53.130513,On or near Cwrt Pinwydd,W01000309,Flintshire 019C,Possession of weapons,Formal action is not in the public interest,
0915e756d387f56800455dc1172960f2a77360f5b9c1bc53fde81543bfb2cd58,2023-06,North Wales Police,North Wales Police,-3.092349,53.132456,On or near Ffordd Y Glo,W01000309,Flintshire 019C,Public order,Local resolution,
37f376992e3acccc5ff15e19648271c8dbe32a7d39226f6df9ebbdd075553ac8,2023-06,North Wales Police,North Wales Police,-3.093072,53.136243,On or near Woodgrove,W01000309,Flintshire 019C,Public order,Unable to prosecute suspect,
8a4621a9c21f2247bd01ad2cb62b29bc1b3876e94125b9fc9ddc1be52a2ec239,2023-06,North Wales Police,North Wales Police,-3.090575,53.129713,On or near Charles Road,W01000309,Flintshire 019C,Violence and sexual offences,Unable to prosecute suspect,
8cbcfd62691e331ae10f0333772f65f0046baf6a6295bf45c404f212762bbb9b,2023-06,North Wales Police,North Wales Police,-3.092349,53.132456,On or near Ffordd Y Glo,W01000309,Flintshire 019C,Violence and sexual offences,Unable to prosecute suspect,
f6e7f0bddaa41bb14ca8f6360a9f200fbe30ee1271727a31890b54c3a50ce33d,2023-06,North Wales Police,North Wales Police,-3.093496,53.130549,On or near Heol-Y-Dderwen,W01000309,Flintshire 019C,Violence and sexual offences,Unable to prosecute suspect,
0493babd09ddd054fe594a392a85912ef65b2cc2d1c0f67f060bd32f5c1804d9,2023-06,North Wales Police,North Wales Police,-3.040116,53.107970,On or near Bryn-Yorkin Road,W01000269,Flintshire 020A,Criminal damage and arson,Unable to prosecute suspect,
7d6888a4cf75a0d12f3861b3fe8ed6f8365d3ad4e34da34a4bcccd67d8432d26,2023-06,North Wales Police,North Wales Police,-3.041803,53.110400,On or near Gwalia,W01000269,Flintshire 020A,Other theft,Investigation complete; no suspect identified,
6e8a396f2f76f87994dc64e1be895fbfdaf03fe1022e4e071da05b615c4f2403,2023-06,North Wales Police,North Wales Police,-3.038077,53.110145,On or near Roberts Croft,W01000269,Flintshire 020A,Shoplifting,Investigation complete; no suspect identified,
e8c4d967bb81e27274e6c47d2b8925b02045555622e1ead6d2ec899dcbb811c3,2023-06,North Wales Police,North Wales Police,-3.045368,53.113884,On or near Edinburgh Avenue,W01000269,Flintshire 020A,Violence and sexual offences,Unable to prosecute suspect,
9e3b41d0758a8ade9be2290af90225ed9a160d0c6e4763585ff28936e59575fa,2023-06,North Wales Police,North Wales Police,-3.045368,53.113884,On or near Edinburgh Avenue,W01000269,Flintshire 020A,Violence and sexual offences,Action to be taken by another organisation,
1c6b33ced4da91adaa221705bd3d80a6020d115a1fd0309d7889cf1e1b0b7514,2023-06,North Wales Police,North Wales Police,-3.041646,53.111769,On or near Petrol Station,W01000269,Flintshire 020A,Violence and sexual offences,Status update unavailable,
a7157720f9a81a88c4e57b2aa81a0d1c186a7e83992540d94292e9892a0c039a,2023-06,North Wales Police,North Wales Police,-3.045368,53.113884,On or near Edinburgh Avenue,W01000269,Flintshire 020A,Violence and sexual offences,Unable to prosecute suspect,
,2023-06,North Wales Police,North Wales Police,-3.035814,53.121653,On or near Almond Way,W01000307,Flintshire 020B,Anti-social behaviour,,
,2023-06,North Wales Police,North Wales Police,-3.034284,53.120201,On or near Mountain View,W01000307,Flintshire 020B,Anti-social behaviour,,
,2023-06,North Wales Police,North Wales Police,-3.033937,53.121912,On or near The Beeches,W01000307,Flintshire 020B,Anti-social behaviour,,
0c8c2d4e7d3b59b1cea4044106028f848441422f8ff73a36abe3e4c6da1843dd,2023-06,North Wales Police,North Wales Police,-3.045298,53.130092,On or near Stryt Isa,W01000307,Flintshire 020B,Criminal damage and arson,Local resolution,
7f10931d687973b7336dc6ee53183acce1b95c1e4bdd55e8ee6b717bcd14e322,2023-06,North Wales Police,North Wales Police,-3.035814,53.121653,On or near Almond Way,W01000307,Flintshire 020B,Criminal damage and arson,Formal action is not in the public interest,
5890ec68f53023389e82245591179e453228609a8ae14852b2737affca9bb9b0,2023-06,North Wales Police,North Wales Police,-3.033471,53.124892,On or near Larksfield Close,W01000307,Flintshire 020B,Possession of weapons,Court result unavailable,
de341bbd9b42accc070cf915f52a903323472e92efc32e6c110d5a3b651ac415,2023-06,North Wales Police,North Wales Police,-3.033471,53.124892,On or near Larksfield Close,W01000307,Flintshire 020B,Possession of weapons,Court result unavailable,
48a1a2d343f2540bdfa6d4c7a7e9edd5d5123a99e3be8ba61d06040eb2246907,2023-06,North Wales Police,North Wales Police,-3.033471,53.124892,On or near Larksfield Close,W01000307,Flintshire 020B,Violence and sexual offences,Court result unavailable,
21b52cf2a4f9a2d0252a1944857860cb85861b1c2eea07d00c920d7e78992e64,2023-06,North Wales Police,North Wales Police,-3.033471,53.124892,On or near Larksfield Close,W01000307,Flintshire 020B,Violence and sexual offences,Court result unavailable,
aaa02fdebe776a60b9c78f8a55feef7901093ee929ce6421ae679ed84c623978,2023-06,North Wales Police,North Wales Police,-3.033471,53.124892,On or near Larksfield Close,W01000307,Flintshire 020B,Violence and sexual offences,Court result unavailable,
199a627eca33cea66068b0271d7f4cef5c1788325145477436e4d05814da7f40,2023-06,North Wales Police,North Wales Police,-3.034284,53.120201,On or near Mountain View,W01000307,Flintshire 020B,Violence and sexual offences,Formal action is not in the public interest,
,2023-06,North Wales Police,North Wales Police,-3.033180,53.112767,On or near Parking Area,W01000308,Flintshire 020C,Anti-social behaviour,,
a2d64c667ab2f9a8aafb473340572b55beb68e797897eaed0b5db8d838c024d2,2023-06,North Wales Police,North Wales Police,-3.036730,53.116908,On or near Llwyn Alun,W01000308,Flintshire 020C,Criminal damage and arson,Unable to prosecute suspect,
256780da51412276cff9555cf44281fbee8e88fff4e3bd862ec974fef86fb18d,2023-06,North Wales Police,North Wales Police,-3.036070,53.117408,On or near St Cynfarch'S Avenue,W01000308,Flintshire 020C,Vehicle crime,Investigation complete; no suspect identified,
8f6410484d92ac889aadf97d1f8171b349eda1d3686a2f39076d3d907215663b,2023-06,North Wales Police,North Wales Police,-3.036730,53.116908,On or near Llwyn Alun,W01000308,Flintshire 020C,Violence and sexual offences,Unable to prosecute suspect,
d4b0af7fdf1567fb3a4306d1a5bb9add723daca597c2791f459491d5b01ad368,2023-06,North Wales Police,North Wales Police,-3.036730,53.116908,On or near Llwyn Alun,W01000308,Flintshire 020C,Violence and sexual offences,Unable to prosecute suspect,
96e60a15efd97d81c6b5d2a5028ba10d806d5b6c3ae5cbe7dfa6e88b6316bf23,2023-06,North Wales Police,North Wales Police,-3.032188,53.113792,On or near Willow Avenue,W01000308,Flintshire 020C,Violence and sexual offences,Unable to prosecute suspect,
875aec1e318f00630188e346e6bfaf72f231ae90fb8541f79fbb480ed22b0ef8,2023-06,North Wales Police,North Wales Police,-3.036730,53.116908,On or near Llwyn Alun,W01000308,Flintshire 020C,Violence and sexual offences,Unable to prosecute suspect,
aa703c474cbef83cf3c24a38b58e44ddbcc37f9b718b562ac1446cbe87fc8a86,2023-06,North Wales Police,North Wales Police,-3.036730,53.116908,On or near Llwyn Alun,W01000308,Flintshire 020C,Other crime,Unable to prosecute suspect,
,2023-06,North Wales Police,North Wales Police,-3.061042,53.093312,On or near Cymau Lane,W01000310,Flintshire 020D,Anti-social behaviour,,
f620af469655eaa22be943f37fed1d12d3528a5266cd062b109b4fcc732edd68,2023-06,North Wales Police,North Wales Police,-3.090715,53.124021,On or near Victoria Crescent,W01000310,Flintshire 020D,Other theft,Unable to prosecute suspect,
be2c4e0a1a14a911980643ae87385620ec13c9b53a9b74316219a0f1f7c05682,2023-06,North Wales Police,North Wales Police,-3.049551,53.097935,On or near Bryn-Yorkin Road,W01000310,Flintshire 020D,Violence and sexual offences,Status update unavailable,
bf4f62a54b032871affaf4a68e807c3613796259a898e213fa81718d09a074fb,2023-06,North Wales Police,North Wales Police,-3.070772,53.090033,On or near Valley Road,W01000310,Flintshire 020D,Violence and sexual offences,Unable to prosecute suspect,
077d38552969c4a869cf1ed6ca7f21ff269e4924867ec27fbbd1a6b918cfda6c,2023-06,North Wales Police,North Wales Police,-3.069377,53.090990,On or near Lime Street,W01000310,Flintshire 020D,Violence and sexual offences,Unable to prosecute suspect,
8004a386a3b6ebbb2c44e96d05068d3c4350f5f0e96b1292f164262299701245,2023-06,North Wales Police,North Wales Police,-3.061042,53.093312,On or near Cymau Lane,W01000310,Flintshire 020D,Violence and sexual offences,Unable to prosecute suspect,
,2023-06,North Wales Police,North Wales Police,-4.123709,53.228504,On or near London Place,W01000062,Gwynedd 001A,Anti-social behaviour,,
,2023-06,North Wales Police,North Wales Police,-4.123709,53.228504,On or near London Place,W01000062,Gwynedd 001A,Anti-social behaviour,,
,2023-06,North Wales Police,North Wales Police,-4.129741,53.225358,On or near Minafon,W01000062,Gwynedd 001A,Anti-social behaviour,,
,2023-06,North Wales Police,North Wales Police,-4.125443,53.226010,On or near Lower Street,W01000062,Gwynedd 001A,Anti-social behaviour,,
,2023-06,North Wales Police,North Wales Police,-4.127200,53.225851,On or near Shopping Area,W01000062,Gwynedd 001A,Anti-social behaviour,,
,2023-06,North Wales Police,North Wales Police,-4.123862,53.228564,On or near Stryd Panton,W01000062,Gwynedd 001A,Anti-social behaviour,,
,2023-06,North Wales Police,North Wales Police,-4.126947,53.226127,On or near High Street,W01000062,Gwynedd 001A,Anti-social behaviour,,
,2023-06,North Wales Police,North Wales Police,-4.127200,53.225851,On or near Shopping Area,W01000062,Gwynedd 001A,Anti-social behaviour,,
,2023-06,North Wales Police,North Wales Police,-4.123906,53.227341,On or near Rhes Plas Llwyd,W01000062,Gwynedd 001A,Anti-social behaviour,,
,2023-06,North Wales Police,North Wales Police,-4.124103,53.229190,On or near Dean Street,W01000062,Gwynedd 001A,Anti-social behaviour,,
,2023-06,North Wales Police,North Wales Police,-4.121331,53.228583,On or near Mountain Square,W01000062,Gwynedd 001A,Anti-social behaviour,,
,2023-06,North Wales Police,North Wales Police,-4.129731,53.224567,On or near Parking Area,W01000062,Gwynedd 001A,Anti-social behaviour,,
,2023-06,North Wales Police,North Wales Police,-4.123709,53.228504,On or near London Place,W01000062,Gwynedd 001A,Anti-social behaviour,,
,2023-06,North Wales Police,North Wales Police,-4.126380,53.226766,On or near Stryd Waterloo,W01000062,Gwynedd 001A,Anti-social behaviour,,
,2023-06,North Wales Police,North Wales Police,-4.126947,53.226127,On or near High Street,W01000062,Gwynedd 001A,Anti-social behaviour,,
,2023-06,North Wales Police,North Wales Police,-4.127200,53.225851,On or near Shopping Area,W01000062,Gwynedd 001A,Anti-social behaviour,,
,2023-06,North Wales Police,North Wales Police,-4.125754,53.227166,On or near Shopping Area,W01000062,Gwynedd 001A,Anti-social behaviour,,
,2023-06,North Wales Police,North Wales Police,-4.126947,53.226127,On or near High Street,W01000062,Gwynedd 001A,Anti-social behaviour,,
,2023-06,North Wales Police,North Wales Police,-4.125552,53.229712,On or near Supermarket,W01000062,Gwynedd 001A,Anti-social behaviour,,
,2023-06,North Wales Police,North Wales Police,-4.123709,53.228504,On or near London Place,W01000062,Gwynedd 001A,Anti-social behaviour,,
,2023-06,North Wales Police,North Wales Police,-4.123906,53.227341,On or near Rhes Plas Llwyd,W01000062,Gwynedd 001A,Anti-social behaviour,,
,2023-06,North Wales Police,North Wales Police,-4.123906,53.227341,On or near Rhes Plas Llwyd,W01000062,Gwynedd 001A,Anti-social behaviour,,
f94b38bde2ba894b7b92062284ba0688f797e3c454271d5a92a703db0efb2de7,2023-06,North Wales Police,North Wales Police,-4.131078,53.224261,On or near Petrol Station,W01000062,Gwynedd 001A,Burglary,Status update unavailable,
331949e6cb629e977f60921cb4a585757c7595a5b1b1eec33d830bf19a1f4d84,2023-06,North Wales Police,North Wales Police,-4.131078,53.224261,On or near Petrol Station,W01000062,Gwynedd 001A,Criminal damage and arson,Investigation complete; no suspect identified,
78500ffca43993f3577bf31ec2d0604b37f726978bda7531972e3564afc55bf4,2023-06,North Wales Police,North Wales Police,-4.124881,53.226757,On or near York Place,W01000062,Gwynedd 001A,Criminal damage and arson,Investigation complete; no suspect identified,
d3485fb71cdaa0aaa4b10572761a176b7ec6a804959b94eb6bd3fe85c89ff83c,2023-06,North Wales Police,North Wales Police,-4.123709,53.228504,On or near London Place,W01000062,Gwynedd 001A,Criminal damage and arson,Status update unavailable,
3f1b91bc9b00acf716255000a4cdb0cc5a3f99034eaec780f65a5f682f22515e,2023-06,North Wales Police,North Wales Police,-4.124881,53.226757,On or near York Place,W01000062,Gwynedd 001A,Criminal damage and arson,Unable to prosecute suspect,
da81561ffb2d38628892688e0bbc7226226070b991b2e8908a5eebdc0384c7ee,2023-06,North Wales Police,North Wales Police,-4.123709,53.228504,On or near London Place,W01000062,Gwynedd 001A,Criminal damage and arson,Investigation complete; no suspect identified,
b2b9687b153b2eda754079876e360ff83f603c219320fa9c76a2769f7bddb6dc,2023-06,North Wales Police,North Wales Police,-4.126380,53.226766,On or near Stryd Waterloo,W01000062,Gwynedd 001A,Drugs,Further action is not in the public interest,
1764812347cd10bac442a937bd76abf5e45c6fb80262c78028746687f6e44218,2023-06,North Wales Police,North Wales Police,-4.126380,53.226766,On or near Stryd Waterloo,W01000062,Gwynedd 001A,Other theft,Investigation complete; no suspect identified,
3add78482a87268a00f74be02700e09a88e5ce0ee49b339d7cc2b1a403923eab,2023-06,North Wales Police,North Wales Police,-4.125552,53.229712,On or near Supermarket,W01000062,Gwynedd 001A,Other theft,Investigation complete; no suspect identified,
61f62e499546c7f3060933898f3ddf7c06ac228510c2c1d96d2146be6e022dcd,2023-06,North Wales Police,North Wales Police,-4.131078,53.224261,On or near Petrol Station,W01000062,Gwynedd 001A,Other theft,Investigation complete; no suspect identified,
4c0e3a4a70389b490c62fcad8a05872ebc682abc1c1e130fc6da47f173fd762c,2023-06,North Wales Police,North Wales Police,-4.128451,53.225929,On or near Parking Area,W01000062,Gwynedd 001A,Public order,Status update unavailable,
5a486192c37e6682ed0f1776c7b829d4d16180308c0dd95b8f5889dc577720cd,2023-06,North Wales Police,North Wales Police,-4.133177,53.222988,On or near Further/Higher Educational Building,W01000062,Gwynedd 001A,Public order,Unable to prosecute suspect,
9f339b7a52a52f824d16920833384243e5227927fc1df1dbd4307810eaf9397f,2023-06,North Wales Police,North Wales Police,-4.127200,53.225851,On or near Shopping Area,W01000062,Gwynedd 001A,Public order,Investigation complete; no suspect identified,
47d49d072d128ccabc8d318e57991ca9576481f20f9ddb650236074ac23a0336,2023-06,North Wales Police,North Wales Police,-4.125552,53.229712,On or near Supermarket,W01000062,Gwynedd 001A,Public order,Unable to prosecute suspect,
599b2e838e4cdb64d5104cc9609aa66863c3416cc9020aa4ac10c925184ecca6,2023-06,North Wales Police,North Wales Police,-4.122626,53.228407,On or near Nightclub,W01000062,Gwynedd 001A,Public order,Investigation complete; no suspect identified,
bab44d79f261e9fd44d5968c23603aa9ebd4b079dbfa10ac9e5190d8643de6b1,2023-06,North Wales Police,North Wales Police,-4.123906,53.227341,On or near Rhes Plas Llwyd,W01000062,Gwynedd 001A,Public order,Court result unavailable,
f118dfb510599f54db3baadac56ed4d5aaf63dbba7d26eaa6bfdb59fa14544d0,2023-06,North Wales Police,North Wales Police,-4.125443,53.226010,On or near Lower Street,W01000062,Gwynedd 001A,Public order,Unable to prosecute suspect,
18bc8f2ff9978b03ff7cfecd093b62b3b991ddd70680dbf9bfa117798729bf75,2023-06,North Wales Police,North Wales Police,-4.131078,53.224261,On or near Petrol Station,W01000062,Gwynedd 001A,Shoplifting,Unable to prosecute suspect,
d379c9f6bcb4627e8e6d99270952501bf1a95797ce1aae845e49748593cb3482,2023-06,North Wales Police,North Wales Police,-4.132218,53.222454,On or near Supermarket,W01000062,Gwynedd 001A,Shoplifting,Court result unavailable,
111f42e2c8269c3523a4979b15d44d8a56a2fbe0607d9c61aa8d95f02e5fb55c,2023-06,North Wales Police,North Wales Police,-4.124881,53.226757,On or near York Place,W01000062,Gwynedd 001A,Shoplifting,Unable to prosecute suspect,
ad50c67f72aad8dea05e95a1f16c4262cdb36014f4067ec2ff1424678d6b9f2f,2023-06,North Wales Police,North Wales Police,-4.125069,53.228741,On or near Well Street,W01000062,Gwynedd 001A,Shoplifting,Court result unavailable,
8538f68ed06911c765b0388bf0ee6ab18dbb480c191850da29e55efbca938d89,2023-06,North Wales Police,North Wales Police,-4.132218,53.222454,On or near Supermarket,W01000062,Gwynedd 001A,Shoplifting,Court result unavailable,
91981a8effa1970945f50e846e3b0375f6700d600ab14b7de5442c34ed031b82,2023-06,North Wales Police,North Wales Police,-4.131078,53.224261,On or near Petrol Station,W01000062,Gwynedd 001A,Shoplifting,Status update unavailable,
2ea0aecf726f6ab9fed8dc68ed69ed81b41f8df9024a94a482effa1d1ba917a4,2023-06,North Wales Police,North Wales Police,-4.132218,53.222454,On or near Supermarket,W01000062,Gwynedd 001A,Shoplifting,Unable to prosecute suspect,
7fc490862115169924c8450fa0f0bef8f4a00b43fdd22953ab428cf8c0045d4c,2023-06,North Wales Police,North Wales Police,-4.123906,53.227341,On or near Rhes Plas Llwyd,W01000062,Gwynedd 001A,Violence and sexual offences,Court result unavailable,
35256e5d0addf720aec66f7727aa3d390684a8634ca03f50f37e58dd02e7cc27,2023-06,North Wales Police,North Wales Police,-4.123906,53.227341,On or near Rhes Plas Llwyd,W01000062,Gwynedd 001A,Violence and sexual offences,Unable to prosecute suspect,
3e0c9171abb0a2ca71fee81c71d43810a33bd5f833a849cd64bdb320cb97ecf4,2023-06,North Wales Police,North Wales Police,-4.129731,53.224567,On or near Parking Area,W01000062,Gwynedd 001A,Violence and sexual offences,Unable to prosecute suspect,
d92ba9e7cec032ef47f8b88318b4c9dcaea9bf2354ba026247f82cf3e2b0d167,2023-06,North Wales Police,North Wales Police,-4.131078,53.224261,On or near Petrol Station,W01000062,Gwynedd 001A,Violence and sexual offences,Court result unavailable,
ba2885ac3c466a95d5920eba0d97a89028e96faa1b0e10c0f782c29529305545,2023-06,North Wales Police,North Wales Police,-4.129741,53.225358,On or near Minafon,W01000062,Gwynedd 001A,Violence and sexual offences,Unable to prosecute suspect,
242b489a0bb40c89a122e3a17884b0d17f4099c492c6ee0642b3921234a4f597,2023-06,North Wales Police,North Wales Police,-4.129026,53.226656,On or near Parking Area,W01000062,Gwynedd 001A,Violence and sexual offences,Local resolution,
c3648f4d7eb7e7a06f6c771068bd9de56e2cd7cc8877e67defd27774f2a9180c,2023-06,North Wales Police,North Wales Police,-4.122971,53.229021,On or near Brick Street,W01000062,Gwynedd 001A,Violence and sexual offences,Unable to prosecute suspect,
6e0c4e62115e71469fcc7a9e6df62a9f6300f354362a9ce2b1d53c563e07e9f3,2023-06,North Wales Police,North Wales Police,-4.124103,53.229190,On or near Dean Street,W01000062,Gwynedd 001A,Violence and sexual offences,Unable to prosecute suspect,
455163769ac59b642552d3b1f7e3b52cadb8a2c5de860ca42d2d1b4a47545903,2023-06,North Wales Police,North Wales Police,-4.125069,53.228741,On or near Well Street,W01000062,Gwynedd 001A,Violence and sexual offences,Unable to prosecute suspect,
ddc41c84be30af1309c7e9e110efacd28ad6c8fa0a7ff8b185df1113ab3c6625,2023-06,North Wales Police,North Wales Police,-4.123906,53.227341,On or near Rhes Plas Llwyd,W01000062,Gwynedd 001A,Violence and sexual offences,Investigation complete; no suspect identified,
7b19eabe070d90af9b44e5584355b9528d448b985eee2d86b767f9a1b1bab1d8,2023-06,North Wales Police,North Wales Police,-4.133177,53.222988,On or near Further/Higher Educational Building,W01000062,Gwynedd 001A,Violence and sexual offences,Unable to prosecute suspect,
00694f0f621d558ad9f4a74ed3d944b60188876351d54491bf8219587c2d827b,2023-06,North Wales Police,North Wales Police,-4.129026,53.226656,On or near Parking Area,W01000062,Gwynedd 001A,Violence and sexual offences,Unable to prosecute suspect,
36776de595f01afff0a819943558a1be5c40ecd71bfc5f97c12ace3970e20f07,2023-06,North Wales Police,North Wales Police,-4.125069,53.228741,On or near Well Street,W01000062,Gwynedd 001A,Violence and sexual offences,Formal action is not in the public interest,
52262219a91d93a23191922098fee91af4279314f8215388e1bd51b6f29d76e7,2023-06,North Wales Police,North Wales Police,-4.123906,53.227341,On or near Rhes Plas Llwyd,W01000062,Gwynedd 001A,Violence and sexual offences,Court result unavailable,
9a21ebe01900cb53b67fce517c9d03bd58f9e5b3397634bc5b6bb5e2c8d9b204,2023-06,North Wales Police,North Wales Police,-4.134659,53.222725,On or near Parking Area,W01000062,Gwynedd 001A,Violence and sexual offences,Court result unavailable,
dc992e035589189f0b42ac28b97fec1cc5012fbc0b410939a23fbda2b24f212b,2023-06,North Wales Police,North Wales Police,-4.132218,53.222454,On or near Supermarket,W01000062,Gwynedd 001A,Violence and sexual offences,Court result unavailable,
297f8fa604af0801a7f2dad7e2bf91ea9fc7a5b1bcde0a1e3c013336e414caca,2023-06,North Wales Police,North Wales Police,-4.134659,53.222725,On or near Parking Area,W01000062,Gwynedd 001A,Violence and sexual offences,Unable to prosecute suspect,
9e650ec9ee3fc33291efff9bd0575fd9b5d08ada84daae5d9518fa9d8e4b1741,2023-06,North Wales Police,North Wales Police,-4.121331,53.228583,On or near Mountain Square,W01000062,Gwynedd 001A,Violence and sexual offences,Unable to prosecute suspect,
cce87ff86dc634d03e40f6717bdd08045d71385bac02c077d4da5b528159e40b,2023-06,North Wales Police,North Wales Police,-4.122254,53.227865,On or near Ger Y Mynydd,W01000062,Gwynedd 001A,Violence and sexual offences,Status update unavailable,
,2023-06,North Wales Police,North Wales Police,-4.122800,53.231937,On or near Ffordd Islwyn,W01000076,Gwynedd 001B,Anti-social behaviour,,
,2023-06,North Wales Police,North Wales Police,-4.121975,53.235233,On or near Edge Hill,W01000076,Gwynedd 001B,Anti-social behaviour,,
,2023-06,North Wales Police,North Wales Police,-4.122755,53.236775,On or near Parking Area,W01000076,Gwynedd 001B,Anti-social behaviour,,
a1e27583419ecef4eb4eb1bdb792f2b4128c458e7d78adf8017a311739d0031e,2023-06,North Wales Police,North Wales Police,-4.122755,53.236775,On or near Parking Area,W01000076,Gwynedd 001B,Other theft,Status update unavailable,
835b04ea9b402120388d12481f80001f689af365a75732f57cbc8378f693b429,2023-06,North Wales Police,North Wales Police,-4.122690,53.230321,On or near St Mary'S Avenue,W01000076,Gwynedd 001B,Public order,Investigation complete; no suspect identified,
27ee89a62a63e5ab05aff8f0df739c84844e2f0dca6678cfc6b417151e43340f,2023-06,North Wales Police,North Wales Police,-4.130182,53.227476,On or near Theatre/Concert Hall,W01000076,Gwynedd 001B,Public order,Status update unavailable,
b4b69f3c5940b25d203bb3f790c76b39e305ebbf69fdc9e689b448ff85dfe650,2023-06,North Wales Police,North Wales Police,-4.130182,53.227476,On or near Theatre/Concert Hall,W01000076,Gwynedd 001B,Vehicle crime,Status update unavailable,
439f4e93194ba631d7d90a56aba6169aa2e94c6bbadcb6dbeb29cfcb310e7468,2023-06,North Wales Police,North Wales Police,-4.121975,53.235233,On or near Edge Hill,W01000076,Gwynedd 001B,Violence and sexual offences,Unable to prosecute suspect,
b8f347b70cfeb666894cbd227ca41da34ff81c33736f79108362fec403ccdda6,2023-06,North Wales Police,North Wales Police,-4.124946,53.232609,On or near Maeshyfryd,W01000076,Gwynedd 001B,Violence and sexual offences,Investigation complete; no suspect identified,
,2023-06,North Wales Police,North Wales Police,-4.120059,53.229837,On or near Friars Road,W01000077,Gwynedd 001C,Anti-social behaviour,,
,2023-06,North Wales Police,North Wales Police,-4.117576,53.230223,On or near Stryd Fawr,W01000077,Gwynedd 001C,Anti-social behaviour,,
db843fc47c56f223f333b3ec814f16bc7488f15eb6ef8a8eeb4bd2d2fd09bcf5,2023-06,North Wales Police,North Wales Police,-4.117383,53.231476,On or near Mason Street,W01000077,Gwynedd 001C,Burglary,Unable to prosecute suspect,
d290f05807afa4aef159499e3f8d8976d9f1867f6ea666da6f3de5e7356c8831,2023-06,North Wales Police,North Wales Police,-4.117383,53.231476,On or near Mason Street,W01000077,Gwynedd 001C,Criminal damage and arson,Investigation complete; no suspect identified,
0640f0d16c2ff40f7e000b125734c9be9b0d1ac0abbb4151c9e8f33262fd396a,2023-06,North Wales Police,North Wales Police,-4.124303,53.232027,On or near Garth Road,W01000077,Gwynedd 001C,Criminal damage and arson,Investigation complete; no suspect identified,
ca453ec4f8eddabd9cc669496c5ab57b61d18d7c09dfce0b878337b928ff4d09,2023-06,North Wales Police,North Wales Police,-4.113850,53.230622,On or near Ffordd Pen Y Bryn,W01000077,Gwynedd 001C,Drugs,Investigation complete; no suspect identified,
dd6b6af9c97104475cab5abf18cea50645d09c92a0ac950e8a323a038ef48d12,2023-06,North Wales Police,North Wales Police,-4.120059,53.229837,On or near Friars Road,W01000077,Gwynedd 001C,Other theft,Unable to prosecute suspect,
8c0eadf51abb0cfc4f1c54edc9fdea095010a34dd5d21fb01e348ec1890de21b,2023-06,North Wales Police,North Wales Police,-4.120968,53.230639,On or near Rhodfar Brodyr,W01000077,Gwynedd 001C,Other theft,Local resolution,
8ed3c74edcb302caae57e527c68fb2343f2789e5711d43be229354666a245095,2023-06,North Wales Police,North Wales Police,-4.117702,53.232459,On or near Parking Area,W01000077,Gwynedd 001C,Public order,Court result unavailable,
e0291249c4e3d8ae77e10036158650a639353dbcb435d4f173dd4eda7e979340,2023-06,North Wales Police,North Wales Police,-4.119081,53.232165,On or near Llys Emrys,W01000077,Gwynedd 001C,Public order,Unable to prosecute suspect,
1354751f4fdc5941c723666f84dab2dc6d1aee2a8db078794e31b2bf6b9a6918,2023-06,North Wales Police,North Wales Police,-4.121085,53.232399,On or near Seiriol Road,W01000077,Gwynedd 001C,Vehicle crime,Investigation complete; no suspect identified,
c572ee26175fbdcaab5facc68a658286286ea6e1b9f992d85996b9c9b152578c,2023-06,North Wales Police,North Wales Police,-4.120968,53.230639,On or near Rhodfar Brodyr,W01000077,Gwynedd 001C,Violence and sexual offences,Status update unavailable,
f8a6d6666c16bdb1027311dd0a148903b77e524892b15a851f2250fc0fc0a345,2023-06,North Wales Police,North Wales Police,-4.120059,53.229837,On or near Friars Road,W01000077,Gwynedd 001C,Violence and sexual offences,Court result unavailable,
521ef5aad774e4bd03a484fee236b945120153247237d691c0e5940192161a54,2023-06,North Wales Police,North Wales Police,-4.118775,53.230534,On or near Penlon Gardens,W01000077,Gwynedd 001C,Violence and sexual offences,Unable to prosecute suspect,
001ce786c0eab7b40341204741d323f58db6a68c03cacd6751078618acd0d40c,2023-06,North Wales Police,North Wales Police,-4.117383,53.231476,On or near Mason Street,W01000077,Gwynedd 001C,Violence and sexual offences,Court result unavailable,
c41eb13d30f129022f4aff02fd8d0dcdc933159b52d66b85411eb211f6aa95a7,2023-06,North Wales Police,North Wales Police,-4.120059,53.229837,On or near Friars Road,W01000077,Gwynedd 001C,Violence and sexual offences,Unable to prosecute suspect,
,2023-06,North Wales Police,North Wales Police,-4.111183,53.229096,On or near Ffordd Llandegai,W01000091,Gwynedd 001D,Anti-social behaviour,,
,2023-06,North Wales Police,North Wales Police,-4.112750,53.227755,On or near Plas Y Gerddi,W01000091,Gwynedd 001D,Anti-social behaviour,,
0ab7b3e2e07195d250c2231c967cb0ad41681d7097f57f9f996568c8735bc6ff,2023-06,North Wales Police,North Wales Police,-4.113933,53.224399,On or near Greenwood Avenue,W01000091,Gwynedd 001D,Burglary,Unable to prosecute suspect,
311dc006c5dc27c97f709ed1326e2ae8b8fbf0ca0458cbba2ce00662dd22490a,2023-06,North Wales Police,North Wales Police,-4.112750,53.227755,On or near Plas Y Gerddi,W01000091,Gwynedd 001D,Criminal damage and arson,Investigation complete; no suspect identified,
e6c6c82771536575b5565e4b2ebe12bfd3250d4509af69bad17c5f55fea3cf08,2023-06,North Wales Police,North Wales Police,-4.112750,53.227755,On or near Plas Y Gerddi,W01000091,Gwynedd 001D,Criminal damage and arson,Status update unavailable,
7c56d6efc15457608072a29bf3084efb4a7135ce402dbda1be12fea1a4c5e67f,2023-06,North Wales Police,North Wales Police,-4.113933,53.224399,On or near Greenwood Avenue,W01000091,Gwynedd 001D,Other theft,Unable to prosecute suspect,
a9fe244f920b9d159520a1f3f233f4ccc7396f6e3f1dde98d5629e48c17a0ce2,2023-06,North Wales Police,North Wales Police,-4.114146,53.227200,On or near Ffordd Tan Y Bryn,W01000091,Gwynedd 001D,Public order,Status update unavailable,
34c27f7645d45efb693ad3a963a0ca994cc988f54161d2f41b5f7a3b8e9653a0,2023-06,North Wales Police,North Wales Police,-4.115892,53.225245,On or near Kingsley Avenue,W01000091,Gwynedd 001D,Public order,Court result unavailable,
70fe6c7d1ac5f481f3a623fc5331cfcbd7aa5901b3219d9fb5e65671ffca7690,2023-06,North Wales Police,North Wales Police,-4.115892,53.225245,On or near Kingsley Avenue,W01000091,Gwynedd 001D,Public order,Unable to prosecute suspect,
fafd21eb6b6121a15e872029e1d291a457eb7d0fd56e49a9a96e37b339de1f67,2023-06,North Wales Police,North Wales Police,-4.114146,53.227200,On or near Ffordd Tan Y Bryn,W01000091,Gwynedd 001D,Public order,Status update unavailable,
4580df4a779b658a30633b71c06a40fe9156853269a46821424de4d2a6cbf372,2023-06,North Wales Police,North Wales Police,-4.114146,53.227200,On or near Ffordd Tan Y Bryn,W01000091,Gwynedd 001D,Public order,Court result unavailable,
4c587af6f407b40f9745b90ea04d48b75fafb38ab94380d1489e97043bec2a97,2023-06,North Wales Police,North Wales Police,-4.115892,53.225245,On or near Kingsley Avenue,W01000091,Gwynedd 001D,Public order,Court result unavailable,
7fe36c4d6adae8f76f84c06633c375f275181d3c0b9fcdc19ad567a53e253f92,2023-06,North Wales Police,North Wales Police,-4.114118,53.226328,On or near Lon Y Parc,W01000091,Gwynedd 001D,Violence and sexual offences,Unable to prosecute suspect,
31a9b9d53c67e5ee8bbab0d61341f606987288969440a65a375b023fa3631e7e,2023-06,North Wales Police,North Wales Police,-4.112750,53.227755,On or near Plas Y Gerddi,W01000091,Gwynedd 001D,Violence and sexual offences,Unable to prosecute suspect,
411a5015328cb928719c18ee5d28f074e1ea57c4f1d38748a5b74d1652a7822d,2023-06,North Wales Police,North Wales Police,-4.114118,53.226328,On or near Lon Y Parc,W01000091,Gwynedd 001D,Violence and sexual offences,Investigation complete; no suspect identified,
f3399d4b2a539f08e799d80418d5c7cd4f2c222a8d1da80f73f4fa3153b58213,2023-06,North Wales Police,North Wales Police,-4.115890,53.223986,On or near Rhodfa Penrhyn,W01000091,Gwynedd 001D,Violence and sexual offences,Unable to prosecute suspect,
9e9d99fd32628eab575e0e022150fa64cda3be17e548d7871261e65b3ae70708,2023-06,North Wales Police,North Wales Police,-4.112750,53.227755,On or near Plas Y Gerddi,W01000091,Gwynedd 001D,Violence and sexual offences,Unable to prosecute suspect,
5cd9e89d052b4778405f8961d8c9d28c7a6d07ba2cc154c13f662d74287efabf,2023-06,North Wales Police,North Wales Police,-4.131604,53.228183,On or near Park Street,W01000092,Gwynedd 001E,Other theft,Unable to prosecute suspect,
,2023-06,North Wales Police,North Wales Police,-4.136169,53.228093,On or near Field Street,W01000092,Gwynedd 001E,Anti-social behaviour,,
,2023-06,North Wales Police,North Wales Police,-4.134152,53.224587,On or near Abbey Road,W01000092,Gwynedd 001E,Anti-social behaviour,,
,2023-06,North Wales Police,North Wales Police,-4.134152,53.224587,On or near Abbey Road,W01000092,Gwynedd 001E,Anti-social behaviour,,
,2023-06,North Wales Police,North Wales Police,-4.134152,53.224587,On or near Abbey Road,W01000092,Gwynedd 001E,Anti-social behaviour,,
,2023-06,North Wales Police,North Wales Police,-4.134624,53.227446,On or near Britannia Square,W01000092,Gwynedd 001E,Anti-social behaviour,,
,2023-06,North Wales Police,North Wales Police,-4.134890,53.227073,On or near Llys Tudur,W01000092,Gwynedd 001E,Anti-social behaviour,,
,2023-06,North Wales Police,North Wales Police,-4.136169,53.228093,On or near Field Street,W01000092,Gwynedd 001E,Anti-social behaviour,,
,2023-06,North Wales Police,North Wales Police,-4.131668,53.226150,On or near Nightclub,W01000092,Gwynedd 001E,Anti-social behaviour,,
,2023-06,North Wales Police,North Wales Police,-4.133082,53.227177,On or near Bryn Y Goelcerth,W01000092,Gwynedd 001E,Anti-social behaviour,,
,2023-06,North Wales Police,North Wales Police,-4.131668,53.226150,On or near Nightclub,W01000092,Gwynedd 001E,Anti-social behaviour,,
ea75dea38d4cef6c8cd4d42642b325bd49761b2208838d5ba06c6917b532483e,2023-06,North Wales Police,North Wales Police,-4.141506,53.224859,On or near Sports/Recreation Area,W01000092,Gwynedd 001E,Bicycle theft,Investigation complete; no suspect identified,
7dd78d393a357d5fdee5ee9e0a70726940ba8b85fc045c04405a0522c629200a,2023-06,North Wales Police,North Wales Police,-4.138863,53.227136,On or near Menai Avenue,W01000092,Gwynedd 001E,Bicycle theft,Investigation complete; no suspect identified,
832ef4c610526f3e9e00fc1fdda48809154369dfb47fc1d3ca53dd42487428c4,2023-06,North Wales Police,North Wales Police,-4.134127,53.228606,On or near Ffordd Craig Y Don,W01000092,Gwynedd 001E,Burglary,Status update unavailable,
f06181cfe540401eec55f88a06c551d441fbfcd28e375fd869a05444231e3a2b,2023-06,North Wales Police,North Wales Police,-4.134853,53.226021,On or near A5,W01000092,Gwynedd 001E,Criminal damage and arson,Investigation complete; no suspect identified,
db5b0b7873343f54ee9c53b75a11da4e86b15f8c364c3586a4e133437d652d85,2023-06,North Wales Police,North Wales Police,-4.134890,53.227073,On or near Llys Tudur,W01000092,Gwynedd 001E,Criminal damage and arson,Investigation complete; no suspect identified,
769cce62e2544f358b3fe72e0b72a12181b62f245d68d24d34f21cbd99ce4bb8,2023-06,North Wales Police,North Wales Police,-4.132697,53.227867,On or near Sgwar Y Fron,W01000092,Gwynedd 001E,Other theft,Investigation complete; no suspect identified,
e0ec44afd9265b850d56e4a34adee1e6099fdbd258b8de2f57467522f20e7991,2023-06,North Wales Police,North Wales Police,-4.131604,53.228183,On or near Park Street,W01000092,Gwynedd 001E,Other theft,Investigation complete; no suspect identified,
35b3372e4bc0d5f99feceb673d27801b8fef663c4ad9ca0f94f9075ab3eb3ec6,2023-06,North Wales Police,North Wales Police,-4.134624,53.227446,On or near Britannia Square,W01000092,Gwynedd 001E,Other theft,Unable to prosecute suspect,
1526f1c1e6c87755b68e117ea8c20d02ad7a27afc05bf3b8c6c78f7043577c49,2023-06,North Wales Police,North Wales Police,-4.133017,53.228877,On or near Ffordd Y Tywysog,W01000092,Gwynedd 001E,Other theft,Investigation complete; no suspect identified,
7efc776212c441c070f289baf2c88f824a1578ffc69bfbf7e345fb38809d220a,2023-06,North Wales Police,North Wales Police,-4.134624,53.227446,On or near Britannia Square,W01000092,Gwynedd 001E,Public order,Court result unavailable,
22688a5f698106c677140af1b2ae5dd626641dbb62a0bb3ee211a7ff1d66c589,2023-06,North Wales Police,North Wales Police,-4.134853,53.226021,On or near A5,W01000092,Gwynedd 001E,Shoplifting,Investigation complete; no suspect identified,
dbecacf86810c486210b331e4baaefc3d975d7d0d84a23a39591007c0d9c89da,2023-06,North Wales Police,North Wales Police,-4.134853,53.226021,On or near A5,W01000092,Gwynedd 001E,Shoplifting,Investigation complete; no suspect identified,
c5ad1dd468b162900b017d7dd88888d5bd1404d5bc61db9fed7f487b9c448f38,2023-06,North Wales Police,North Wales Police,-4.136156,53.227832,On or near Hill Street,W01000092,Gwynedd 001E,Vehicle crime,Investigation complete; no suspect identified,
ca84dbf7f0b8ae13fd4534fd620dd243c2a52a779fa6b213c9f4f1e1ce3418d0,2023-06,North Wales Police,North Wales Police,-4.139638,53.224373,On or near Hospital,W01000092,Gwynedd 001E,Vehicle crime,Investigation complete; no suspect identified,
97475fb5653635ef62797a1967829b1a9c2d1d184ca88224c69152f7db818254,2023-06,North Wales Police,North Wales Police,-4.136169,53.228093,On or near Field Street,W01000092,Gwynedd 001E,Violence and sexual offences,Unable to prosecute suspect,
c9e5049c9328b13a6eb8b783c72099c3088e3865386b74b7818cdcf384cba228,2023-06,North Wales Police,North Wales Police,-4.136691,53.223831,On or near Cae Maeslodwig,W01000092,Gwynedd 001E,Violence and sexual offences,Local resolution,
27ddc8f21bfb44768c1ab34c4c483c981d8d74c8d9b6fed2d8f1ae49d046108d,2023-06,North Wales Police,North Wales Police,-4.144169,53.217286,On or near Maes Berea,W01000064,Gwynedd 002A,Public order,Unable to prosecute suspect,
2cc6d1189083461bc097ebdba543309abc661d41903808d33b800e1b580e25e4,2023-06,North Wales Police,North Wales Police,-4.152391,53.208300,On or near A4087,W01000064,Gwynedd 002A,Shoplifting,Awaiting court outcome,
,2023-06,North Wales Police,North Wales Police,-4.143262,53.215315,On or near Bryn-Llwyd,W01000064,Gwynedd 002A,Anti-social behaviour,,
,2023-06,North Wales Police,North Wales Police,-4.146511,53.215895,On or near Pen-Y-Wern,W01000064,Gwynedd 002A,Anti-social behaviour,,
,2023-06,North Wales Police,North Wales Police,-4.152576,53.206606,On or near Supermarket,W01000064,Gwynedd 002A,Anti-social behaviour,,
,2023-06,North Wales Police,North Wales Police,-4.146511,53.215895,On or near Pen-Y-Wern,W01000064,Gwynedd 002A,Anti-social behaviour,,
764446c0864f12230d854488c519318f6030197c76806b8cd61f23fabc2430cb,2023-06,North Wales Police,North Wales Police,-4.152576,53.206606,On or near Supermarket,W01000064,Gwynedd 002A,Criminal damage and arson,Investigation complete; no suspect identified,
dd56de82f2893f93177e28e20fa92385a7973a549c15894c6bc61b6b6e0b4587,2023-06,North Wales Police,North Wales Police,-4.149519,53.210708,On or near Shopping Area,W01000064,Gwynedd 002A,Other theft,Unable to prosecute suspect,
407c0f30c1b9458324ef5be9842056b9c8da6f3da58091b5b42d30a570567f4e,2023-06,North Wales Police,North Wales Police,-4.149519,53.210708,On or near Shopping Area,W01000064,Gwynedd 002A,Other theft,Investigation complete; no suspect identified,
ca7d2089aaaec0af979565195594f569f4785bfbb70c3424065109a77a2687f0,2023-06,North Wales Police,North Wales Police,-4.149519,53.210708,On or near Shopping Area,W01000064,Gwynedd 002A,Other theft,Investigation complete; no suspect identified,
e05a6a43fc5f489e92106de7a4eb3de133a28d991acb3cf91d0a446b8266e65c,2023-06,North Wales Police,North Wales Police,-4.142602,53.217692,On or near Shopping Area,W01000064,Gwynedd 002A,Public order,Investigation complete; no suspect identified,
4d428767f0b4ba391940de9442bfd726e538e145e3e0bccfc37c08b7ad6703ae,2023-06,North Wales Police,North Wales Police,-4.145530,53.213670,On or near Sports/Recreation Area,W01000064,Gwynedd 002A,Public order,Investigation complete; no suspect identified,
6c582c4e2bc9d1e6ebaec8bb323b128e687f0fb4139b27fd85f81ca2215e227a,2023-06,North Wales Police,North Wales Police,-4.152576,53.206606,On or near Supermarket,W01000064,Gwynedd 002A,Shoplifting,Investigation complete; no suspect identified,
4fb2eb570b4db4a0ff256c7f64b6667780e6534d2a64c8fdd5a653c84639a708,2023-06,North Wales Police,North Wales Police,-4.152576,53.206606,On or near Supermarket,W01000064,Gwynedd 002A,Shoplifting,Investigation complete; no suspect identified,
9cd410c2a6edbde206684f87ca59f5a56bc4408cc888146c819e290bcd48391a,2023-06,North Wales Police,North Wales Police,-4.143262,53.215315,On or near Bryn-Llwyd,W01000064,Gwynedd 002A,Shoplifting,Investigation complete; no suspect identified,
1699d7a5f52e561f9bb9eeea4d1c7cd2d9cb5c4609d864763f12efbb8806f433,2023-06,North Wales Police,North Wales Police,-4.152576,53.206606,On or near Supermarket,W01000064,Gwynedd 002A,Shoplifting,Investigation complete; no suspect identified,
e55ad36f1fac399f51895048a1d960422a142b3a3f488d1092cbbb3a8a480616,2023-06,North Wales Police,North Wales Police,-4.143262,53.215315,On or near Bryn-Llwyd,W01000064,Gwynedd 002A,Shoplifting,Investigation complete; no suspect identified,
0b4a2611491186dc2037ccb4bfcbb79f177672048f6452507336d275440f6826,2023-06,North Wales Police,North Wales Police,-4.143262,53.215315,On or near Bryn-Llwyd,W01000064,Gwynedd 002A,Shoplifting,Investigation complete; no suspect identified,
aa7f09633b715f5446718820ba0b1ec2bed6f6586c0d4762fc2e70dd074f74d2,2023-06,North Wales Police,North Wales Police,-4.143262,53.215315,On or near Bryn-Llwyd,W01000064,Gwynedd 002A,Shoplifting,Status update unavailable,
c6e57b1c2d313385eaeccbd9e6433b251403fe5a611b2760650d9c754e7de3e5,2023-06,North Wales Police,North Wales Police,-4.152576,53.206606,On or near Supermarket,W01000064,Gwynedd 002A,Shoplifting,Investigation complete; no suspect identified,
e6dc7083fac49d5ba7341e267c75956aeda546636a63ed8dfe8ac8713b5df63c,2023-06,North Wales Police,North Wales Police,-4.143262,53.215315,On or near Bryn-Llwyd,W01000064,Gwynedd 002A,Shoplifting,Court result unavailable,
2630d25f7b95416cb52c2d0adeb5c0c9031cb80df75dac67c3bff73c0b3ccf8f,2023-06,North Wales Police,North Wales Police,-4.149519,53.210708,On or near Shopping Area,W01000064,Gwynedd 002A,Shoplifting,Investigation complete; no suspect identified,
4571b22e1246af9a852cf763c0711d538f15c1eba0e25ca98322d20db6963d81,2023-06,North Wales Police,North Wales Police,-4.145530,53.213670,On or near Sports/Recreation Area,W01000064,Gwynedd 002A,Vehicle crime,Investigation complete; no suspect identified,
57ed1d77c2f6dc393eaac00549af998a1ac2ea653b9546f798bd0458698972ab,2023-06,North Wales Police,North Wales Police,-4.146511,53.215895,On or near Pen-Y-Wern,W01000064,Gwynedd 002A,Violence and sexual offences,Unable to prosecute suspect,
b0e30e44209f38adfae8ac1a2b3f7016eb6581c082a68acd4e1a3b9f16525beb,2023-06,North Wales Police,North Wales Police,-4.146878,53.214855,On or near Ffordd Coed Mawr,W01000064,Gwynedd 002A,Violence and sexual offences,Unable to prosecute suspect,
54987a8825835c95f2c9788ed0810e7ba8beb69cc3b7796cca35e9257e8336ad,2023-06,North Wales Police,North Wales Police,-4.142844,53.214739,On or near Caernarfon Road,W01000064,Gwynedd 002A,Violence and sexual offences,Unable to prosecute suspect,
18c3cf4e697508d8199d41e899e3406656f60ce85bf40b3df7670464d2b70871,2023-06,North Wales Police,North Wales Police,-4.144536,53.214744,On or near Ffordd Hendre,W01000064,Gwynedd 002A,Violence and sexual offences,Unable to prosecute suspect,
6a14d3b7539ad106c9c33035c32baedcf18e0c42678d64234fd41ae02983d50d,2023-06,North Wales Police,North Wales Police,-4.142602,53.217692,On or near Shopping Area,W01000064,Gwynedd 002A,Violence and sexual offences,Status update unavailable,
c51a731a7f544fca71fe176f97aa620a985eb8a14bf6bd0e72fa9d9b6d993ca8,2023-06,North Wales Police,North Wales Police,-4.152201,53.206299,On or near Cytir Lane,W01000064,Gwynedd 002A,Violence and sexual offences,Unable to prosecute suspect,
885c0c4a13b9aff4b6d3eca6137c0b2cb8892589fa2f2d3c1c6d0d8435330bf7,2023-06,North Wales Police,North Wales Police,-4.146511,53.215895,On or near Pen-Y-Wern,W01000064,Gwynedd 002A,Violence and sexual offences,Status update unavailable,
9afed200aa3fed5a05d5c9dff4f2844d8adcd740e7c6f60c65c9fdfcc6af7023,2023-06,North Wales Police,North Wales Police,-4.146878,53.214855,On or near Ffordd Coed Mawr,W01000064,Gwynedd 002A,Other crime,Unable to prosecute suspect,
,2023-06,North Wales Police,North Wales Police,-4.152317,53.217764,On or near Sports/Recreation Area,W01000072,Gwynedd 002B,Anti-social behaviour,,
,2023-06,North Wales Police,North Wales Police,-4.149740,53.220557,On or near Llys Mair,W01000072,Gwynedd 002B,Anti-social behaviour,,
,2023-06,North Wales Police,North Wales Police,-4.152317,53.217764,On or near Sports/Recreation Area,W01000072,Gwynedd 002B,Anti-social behaviour,,
5b20e4bc60c30da0c837cdfaae2b7a66f566bde49903666caa739a8d8e064d9e,2023-06,North Wales Police,North Wales Police,-4.152317,53.217764,On or near Sports/Recreation Area,W01000072,Gwynedd 002B,Criminal damage and arson,Local resolution,
00db1911ae14adfd064af23b0e4a17e7a3163246688c95bb02843156d436d2c2,2023-06,North Wales Police,North Wales Police,-4.148837,53.222264,On or near Trefonwys,W01000072,Gwynedd 002B,Other theft,Investigation complete; no suspect identified,
240ceae1f7eb7c481178e79d3213d9cb0c46bd37980e03e45655c55a79c86026,2023-06,North Wales Police,North Wales Police,-4.147217,53.221924,On or near Belmont Avenue,W01000072,Gwynedd 002B,Violence and sexual offences,Action to be taken by another organisation,
0a142b26e27547bc5063270dd81a5c04ccf4dbfebe31d59ec6272fa000fefb02,2023-06,North Wales Police,North Wales Police,-4.143568,53.222053,On or near Lon-Y-Glyder,W01000072,Gwynedd 002B,Violence and sexual offences,Investigation complete; no suspect identified,
a6b32389997407ccd7b6c8a9209d5d0654a4d303d8c2e18775c18171099a93af,2023-06,North Wales Police,North Wales Police,-4.147217,53.221924,On or near Belmont Avenue,W01000072,Gwynedd 002B,Violence and sexual offences,Action to be taken by another organisation,
fa1bda9bddf686f5f08b44f6971481f1d1eb07951ac03d2638a04141e351c46d,2023-06,North Wales Police,North Wales Police,-4.152317,53.217764,On or near Sports/Recreation Area,W01000072,Gwynedd 002B,Violence and sexual offences,Local resolution,
7a02a575b5b510fc1aa333d40b4d10c332d6134819bb850ee1bc22e587720c10,2023-06,North Wales Police,North Wales Police,-4.143568,53.222053,On or near Lon-Y-Glyder,W01000072,Gwynedd 002B,Violence and sexual offences,Unable to prosecute suspect,
2814b2b0816c47e2eb38292c075ee9023e3684ba434fbce93cd0af364c606990,2023-06,North Wales Police,North Wales Police,-4.152317,53.217764,On or near Sports/Recreation Area,W01000072,Gwynedd 002B,Violence and sexual offences,Offender given a caution,
,2023-06,North Wales Police,North Wales Police,-4.141698,53.218796,On or near Ainon Road,W01000075,Gwynedd 002C,Anti-social behaviour,,
,2023-06,North Wales Police,North Wales Police,-4.140108,53.221459,On or near Ffordd Cynfal,W01000075,Gwynedd 002C,Anti-social behaviour,,
,2023-06,North Wales Police,North Wales Police,-4.141056,53.218529,On or near Llys Dewi Sant,W01000075,Gwynedd 002C,Anti-social behaviour,,
,2023-06,North Wales Police,North Wales Police,-4.141927,53.218585,On or near Allt Dewi,W01000075,Gwynedd 002C,Anti-social behaviour,,
e46f578bdb38b340601743ab23f90d65232d1b7dd017ba171e0a38fe3efc6e9d,2023-06,North Wales Police,North Wales Police,-4.141056,53.218529,On or near Llys Dewi Sant,W01000075,Gwynedd 002C,Criminal damage and arson,Investigation complete; no suspect identified,
c36f7cb891abc6c216dbd4b8118e0f4971fb38c35a2933031b155c767c6a1267,2023-06,North Wales Police,North Wales Police,-4.138762,53.218192,On or near Ffordd Hendrewen,W01000075,Gwynedd 002C,Other theft,Investigation complete; no suspect identified,
dbf7a7974b38e8f8bbd98a9974b6394e8c3994bfe3fadfeac61e3ab4915746a8,2023-06,North Wales Police,North Wales Police,-4.141056,53.218529,On or near Llys Dewi Sant,W01000075,Gwynedd 002C,Public order,Court result unavailable,
067278517e6f75359e24f0cc629f8da91e203612f77ac1a0a0f81f750da4d77f,2023-06,North Wales Police,North Wales Police,-4.141056,53.218529,On or near Llys Dewi Sant,W01000075,Gwynedd 002C,Public order,Unable to prosecute suspect,
41473a51fa2cb586160ddd732a0f9a8ac89159894e0baec11b8b3bac0af945bf,2023-06,North Wales Police,North Wales Police,-4.141056,53.218529,On or near Llys Dewi Sant,W01000075,Gwynedd 002C,Public order,Status update unavailable,
8c6dfca287fb2b967595a4316e1e95a1f9c0a1885c20a60e75082bee984f4a4f,2023-06,North Wales Police,North Wales Police,-4.141056,53.218529,On or near Llys Dewi Sant,W01000075,Gwynedd 002C,Public order,Court result unavailable,
21ce62a0f53f9e4b0e608ce4d564ca3c86d6f07c7989e0840bddc8e863d0057e,2023-06,North Wales Police,North Wales Police,-4.141056,53.218529,On or near Llys Dewi Sant,W01000075,Gwynedd 002C,Public order,Unable to prosecute suspect,
1a7be7f71ad48a2c24b43f4b34d06cba52e05d0aeffb81c901a8f705b01969e2,2023-06,North Wales Police,North Wales Police,-4.136741,53.221223,On or near West End,W01000075,Gwynedd 002C,Vehicle crime,Investigation complete; no suspect identified,
922817fd4b5ccdf485ca75eecddf960d689b40b8e86bc1443aa05b7499704e3b,2023-06,North Wales Police,North Wales Police,-4.142334,53.218928,On or near Ainon Close,W01000075,Gwynedd 002C,Violence and sexual offences,Unable to prosecute suspect,
916a7f4c5f88c8f0ec8a77e24938b61ff62e898e5b01611601cf0452a553301d,2023-06,North Wales Police,North Wales Police,-4.139244,53.222445,On or near Clarence Street,W01000075,Gwynedd 002C,Violence and sexual offences,Status update unavailable,
18a86b148eec4b9d69061dc730f411802b585ac301e827391b80cb2c902cf847,2023-06,North Wales Police,North Wales Police,-4.140108,53.221459,On or near Ffordd Cynfal,W01000075,Gwynedd 002C,Violence and sexual offences,Court result unavailable,
2e710e04ccc85e4d3aa5b7c3f151686c89a301344c9396ed60bad4ae770497fb,2023-06,North Wales Police,North Wales Police,-4.136741,53.221223,On or near West End,W01000075,Gwynedd 002C,Violence and sexual offences,Unable to prosecute suspect,
bb7b26f07834976054a00451a2fa8447f4bbe3d0bf0537c8405f7fa6a10cd5ce,2023-06,North Wales Police,North Wales Police,-4.141056,53.218529,On or near Llys Dewi Sant,W01000075,Gwynedd 002C,Violence and sexual offences,Court result unavailable,
18e1d1e19e82abd0c58ead9dada73c1901c1cf6f86bcd632392ffc2c91cf7721,2023-06,North Wales Police,North Wales Police,-4.139431,53.222901,On or near Belmont Street,W01000075,Gwynedd 002C,Violence and sexual offences,Unable to prosecute suspect,
ea38c75069a8d11223cc45c5e4e59ddcc098a5aaeee889c90d600887edf05b29,2023-06,North Wales Police,North Wales Police,-4.141056,53.218529,On or near Llys Dewi Sant,W01000075,Gwynedd 002C,Violence and sexual offences,Unable to prosecute suspect,
fabcbb51d2f1fe01fbecec1b202dda1d74a827c8d539728e3e3a8c2e626b5c26,2023-06,North Wales Police,North Wales Police,-4.139431,53.222901,On or near Belmont Street,W01000075,Gwynedd 002C,Violence and sexual offences,Unable to prosecute suspect,
,2023-06,North Wales Police,North Wales Police,-4.115890,53.221550,On or near Y Gorlan,W01000090,Gwynedd 002D,Anti-social behaviour,,
,2023-06,North Wales Police,North Wales Police,-4.119987,53.219283,On or near Trem-Y-Garnedd,W01000090,Gwynedd 002D,Anti-social behaviour,,
,2023-06,North Wales Police,North Wales Police,-4.119987,53.219283,On or near Trem-Y-Garnedd,W01000090,Gwynedd 002D,Anti-social behaviour,,
,2023-06,North Wales Police,North Wales Police,-4.114711,53.222856,On or near Parking Area,W01000090,Gwynedd 002D,Anti-social behaviour,,
,2023-06,North Wales Police,North Wales Police,-4.114711,53.222856,On or near Parking Area,W01000090,Gwynedd 002D,Anti-social behaviour,,
1ab203789a04526d3cd5532dd25d975725e6f4bb7e84b3f0828b325721b1260a,2023-06,North Wales Police,North Wales Police,-4.118913,53.219671,On or near Min-Y-Ddol,W01000090,Gwynedd 002D,Possession of weapons,Unable to prosecute suspect,
da482ab76126204eb1cac75823cee45fc915ddc0ceaf8c1739f32536cae4feb1,2023-06,North Wales Police,North Wales Police,-4.115890,53.221550,On or near Y Gorlan,W01000090,Gwynedd 002D,Violence and sexual offences,Investigation complete; no suspect identified,
b9c3b2d24e464b63277c14ddb5002bbbc65ba3835cec927be5f3842088e88f50,2023-06,North Wales Police,North Wales Police,-4.119987,53.219283,On or near Trem-Y-Garnedd,W01000090,Gwynedd 002D,Violence and sexual offences,Unable to prosecute suspect,
6f4267ebe5d967e375a2fcc89d204a7e3daf4cdc59857228a798bcce0028d2e1,2023-06,North Wales Police,North Wales Police,-4.115890,53.223986,On or near Rhodfa Penrhyn,W01000090,Gwynedd 002D,Violence and sexual offences,Status update unavailable,
d65f6a6facb574e23bb80410518b0ec5c2ae36ae5a75da9375c2c411b732e316,2023-06,North Wales Police,North Wales Police,-4.117949,53.225029,On or near Llys Cadwaladr,W01000090,Gwynedd 002D,Violence and sexual offences,Court result unavailable,
03054df437fdba1d226479cf4a46d057a6a7563bd6c34fd6af4fed754ed9976d,2023-06,North Wales Police,North Wales Police,-4.119987,53.219283,On or near Trem-Y-Garnedd,W01000090,Gwynedd 002D,Violence and sexual offences,Unable to prosecute suspect,
22d9abc7aeabe3af143aa67140c4e1425196ce370eb85b545ab806a120ff51b4,2023-06,North Wales Police,North Wales Police,-4.118913,53.219671,On or near Min-Y-Ddol,W01000090,Gwynedd 002D,Violence and sexual offences,Court result unavailable,
1dee434b20b222107f2021d1cd56db6fe894d33495e59b0d0f21187679448d27,2023-06,North Wales Police,North Wales Police,-4.115894,53.221640,On or near Llain Yr Eglwys,W01000090,Gwynedd 002D,Violence and sexual offences,Action to be taken by another organisation,
20da236f2ecdde708879cc150d102c9b110bedd381615d615b7d9bcee316cfe5,2023-06,North Wales Police,North Wales Police,-4.115894,53.221640,On or near Llain Yr Eglwys,W01000090,Gwynedd 002D,Violence and sexual offences,Unable to prosecute suspect,
ed39f24202437fe714942d0723ec830a97b34ace65cb4addfa38fa6c88a7fc55,2023-06,North Wales Police,North Wales Police,-4.114711,53.222856,On or near Parking Area,W01000090,Gwynedd 002D,Violence and sexual offences,Court result unavailable,
4f6b28fe3a38200157c3d9062b287a5a35860eb6257988f7975d8843b0589ea7,2023-06,North Wales Police,North Wales Police,-4.159825,53.209020,On or near Hospital,W01000102,Gwynedd 002E,Criminal damage and arson,Unable to prosecute suspect,
546f2a457b372aa468af109668cde6a59056ae5b79b0a4416a31651e3a4462a3,2023-06,North Wales Police,North Wales Police,-4.159825,53.209020,On or near Hospital,W01000102,Gwynedd 002E,Criminal damage and arson,Unable to prosecute suspect,
fef026dfc84071f4265a691de3edf94a237bebbf85b7a495b3bbb0bf413829ec,2023-06,North Wales Police,North Wales Police,-4.159825,53.209020,On or near Hospital,W01000102,Gwynedd 002E,Violence and sexual offences,Unable to prosecute suspect,
3ae75f209dede0b4bd5201dbbf340fa3b2495f5fdadf1c9817ef872606aeab9e,2023-06,North Wales Police,North Wales Police,-4.159825,53.209020,On or near Hospital,W01000102,Gwynedd 002E,Violence and sexual offences,Unable to prosecute suspect,
b22197b9d1310956945701d607bdee2eae117db43ce200632ac81236709b0dfd,2023-06,North Wales Police,North Wales Police,-4.159825,53.209020,On or near Hospital,W01000102,Gwynedd 002E,Violence and sexual offences,Unable to prosecute suspect,
933889151d112e7066c791df1ad4b960d0b3873d68867c895e98165cd5c8ce6b,2023-06,North Wales Police,North Wales Police,-4.159825,53.209020,On or near Hospital,W01000102,Gwynedd 002E,Violence and sexual offences,Court result unavailable,
7405c19e5a35ab3dc582710c4d9fb7c072e0fdd71d0ec62d57c9d0b4841c4a08,2023-06,North Wales Police,North Wales Police,-4.159825,53.209020,On or near Hospital,W01000102,Gwynedd 002E,Violence and sexual offences,Investigation complete; no suspect identified,
5f22e597d7a872e7e0fed8a939d1f4f861fcf39951b3a87df282d89be3095524,2023-06,North Wales Police,North Wales Police,-4.159825,53.209020,On or near Hospital,W01000102,Gwynedd 002E,Violence and sexual offences,Unable to prosecute suspect,
39bd5f416f110e0fd19a00d7cb06ad3485ad12b2c4d8ad22bbd6051617c17a8c,2023-06,North Wales Police,North Wales Police,-4.159825,53.209020,On or near Hospital,W01000102,Gwynedd 002E,Violence and sexual offences,Unable to prosecute suspect,
43ebc6bd4369db1680bdf31bafe4cb0fb2e59e3432d0dd31fa386ee50128bac8,2023-06,North Wales Police,North Wales Police,-4.159825,53.209020,On or near Hospital,W01000102,Gwynedd 002E,Violence and sexual offences,Status update unavailable,
a61d29694d15ec7972d495f8e44745c44ab061ad9e7b0ad105bf2176ac739a49,2023-06,North Wales Police,North Wales Police,-4.159825,53.209020,On or near Hospital,W01000102,Gwynedd 002E,Violence and sexual offences,Unable to prosecute suspect,
4ff9e6d627aa8934368a28aaabfe97b7a19ddf475a28831ed2b5c92238872390,2023-06,North Wales Police,North Wales Police,-4.159825,53.209020,On or near Hospital,W01000102,Gwynedd 002E,Violence and sexual offences,Unable to prosecute suspect,
fe21f9010f4aeb0691acd7ecff966dbca06b820507fb4f4ca3ea2111a48d90ad,2023-06,North Wales Police,North Wales Police,-4.159825,53.209020,On or near Hospital,W01000102,Gwynedd 002E,Violence and sexual offences,Investigation complete; no suspect identified,
a45968bab2ed7ce0849df2396a1c3c8ce579ed0c2a02e2f0c095c88971f9c6b5,2023-06,North Wales Police,North Wales Police,-4.159825,53.209020,On or near Hospital,W01000102,Gwynedd 002E,Violence and sexual offences,Unable to prosecute suspect,
658de98322265412f78ece8607ef0a3bbb7701c120be9841967c91703b0f14c7,2023-06,North Wales Police,North Wales Police,-4.164853,53.206869,On or near Cae Coch,W01000102,Gwynedd 002E,Violence and sexual offences,Action to be taken by another organisation,
b4d3c441dd50f46d2d63fbd98f9c9ba88b423b271999ba9255bcef68e1912e47,2023-06,North Wales Police,North Wales Police,-4.159825,53.209020,On or near Hospital,W01000102,Gwynedd 002E,Violence and sexual offences,Unable to prosecute suspect,
,2023-06,North Wales Police,North Wales Police,-4.041637,53.223187,On or near Roman Road,W01000050,Gwynedd 003A,Anti-social behaviour,,
,2023-06,North Wales Police,North Wales Police,-4.096828,53.215261,On or near Tre'R-Felin,W01000050,Gwynedd 003A,Anti-social behaviour,,
f1a2311162cb292f2170abb77dbf2c6cd7d8f8353729a71167bdb3b7b9927bde,2023-06,North Wales Police,North Wales Police,-4.107319,53.220902,On or near Ffordd Llandegai,W01000050,Gwynedd 003A,Public order,Court result unavailable,
59c9e64d37a164c82c70cc3124a3cbe8a12d14c5178b5db00e17d6b0a471105b,2023-06,North Wales Police,North Wales Police,-4.107319,53.220902,On or near Ffordd Llandegai,W01000050,Gwynedd 003A,Public order,Offender given a caution,
9e62a6c6a92935fc54b096e6fb71ae0232557a37ca555d66511e4d70e7673711,2023-06,North Wales Police,North Wales Police,-4.106707,53.203246,On or near Llys-Y-Gwynt Service Area,W01000050,Gwynedd 003A,Shoplifting,Investigation complete; no suspect identified,
4274fd4a60c40cacebdcaa7a09bfadd1e4fc6c4e536aef2378eabeb039469c01,2023-06,North Wales Police,North Wales Police,-4.106707,53.203246,On or near Llys-Y-Gwynt Service Area,W01000050,Gwynedd 003A,Shoplifting,Local resolution,
81570bae620d0260c67f074e0ba6fb9297179e23e2bd2442b2721801cea184a2,2023-06,North Wales Police,North Wales Police,-4.092866,53.211123,On or near Dol-Helyg,W01000050,Gwynedd 003A,Vehicle crime,Investigation complete; no suspect identified,
e5de908f90f254de29f4ba11360af444ef33fa8296c5abf78bad9837feee7c6b,2023-06,North Wales Police,North Wales Police,-4.091804,53.212407,On or near Sports/Recreation Area,W01000050,Gwynedd 003A,Vehicle crime,Status update unavailable,
fd4f372cfb17545680ed89a73178bad9d9dd3792d0438d12a9bf2b40851bd326,2023-06,North Wales Police,North Wales Police,-4.104261,53.217823,On or near Sports/Recreation Area,W01000050,Gwynedd 003A,Violence and sexual offences,Investigation complete; no suspect identified,
,2023-06,North Wales Police,North Wales Police,-4.055579,53.171792,On or near James Street,W01000071,Gwynedd 003B,Anti-social behaviour,,
,2023-06,North Wales Police,North Wales Police,-4.057654,53.183237,On or near Tyn-Y-Coed,W01000071,Gwynedd 003B,Anti-social behaviour,,
,2023-06,North Wales Police,North Wales Police,-4.061655,53.190531,On or near Bron Bethel,W01000071,Gwynedd 003B,Anti-social behaviour,,
,2023-06,North Wales Police,North Wales Police,-4.066867,53.190899,On or near Maes Bleddyn,W01000071,Gwynedd 003B,Anti-social behaviour,,
,2023-06,North Wales Police,North Wales Police,-4.059000,53.185101,On or near Tan-Y-Gaer,W01000071,Gwynedd 003B,Anti-social behaviour,,
,2023-06,North Wales Police,North Wales Police,-4.057654,53.183237,On or near Tyn-Y-Coed,W01000071,Gwynedd 003B,Anti-social behaviour,,
,2023-06,North Wales Police,North Wales Police,-4.064647,53.188124,On or near Sports/Recreation Area,W01000071,Gwynedd 003B,Anti-social behaviour,,
,2023-06,North Wales Police,North Wales Police,-4.066867,53.190899,On or near Maes Bleddyn,W01000071,Gwynedd 003B,Anti-social behaviour,,
c3b5e8ccbb96673d7e37461b7dbd254fd969c5b73e717b6bfd52745e619b4e00,2023-06,North Wales Police,North Wales Police,-4.062624,53.191053,On or near Yr Hen Ysgol,W01000071,Gwynedd 003B,Criminal damage and arson,Unable to prosecute suspect,
539dc8d4f1454a596ce84773f01f7343eb097650dbbb76f2ee113acf13c2eed9,2023-06,North Wales Police,North Wales Police,-4.050838,53.179362,On or near Long Street,W01000071,Gwynedd 003B,Criminal damage and arson,Unable to prosecute suspect,
810cae21e9078208076bc16768d4d94ced40ab577e1ccb9e96a86e754463b5c6,2023-06,North Wales Police,North Wales Police,-4.060807,53.187821,On or near Lon Newydd,W01000071,Gwynedd 003B,Criminal damage and arson,Unable to prosecute suspect,
28c8362463bc747b4d60b4e1b104f632b5c5d9d5e5fd7d29c4e60f72f4391e34,2023-06,North Wales Police,North Wales Police,-4.050838,53.179362,On or near Long Street,W01000071,Gwynedd 003B,Public order,Status update unavailable,
5a96a8ed71c8fb921a8c08ac46db16d62a9a01481736e9c8e96dfad84952c2e7,2023-06,North Wales Police,North Wales Police,-4.050838,53.179362,On or near Long Street,W01000071,Gwynedd 003B,Public order,Status update unavailable,
2ece3e2d5b942242fed95d756a08508832d6d7c1e1a6125d713203129e8944d2,2023-06,North Wales Police,North Wales Police,-4.062137,53.192141,On or near Britannia Stryd,W01000071,Gwynedd 003B,Vehicle crime,Investigation complete; no suspect identified,
23e96bd664db2dfbf564833651349ce3476fad1ff99e7ab5a306019f85c23e66,2023-06,North Wales Police,North Wales Police,-4.062624,53.191053,On or near Yr Hen Ysgol,W01000071,Gwynedd 003B,Violence and sexual offences,Unable to prosecute suspect,
648ac68434e4b14ec8d3d1ec66b3cf849b28150fba30ee83463134ba60afd025,2023-06,North Wales Police,North Wales Police,-4.066385,53.191141,On or near Llwyn Bleddyn Road,W01000071,Gwynedd 003B,Violence and sexual offences,Local resolution,
3e60a6f2908e8528d782b7f3a7bc86cb1b556036b53cb2ecfd7515ec56396a95,2023-06,North Wales Police,North Wales Police,-4.059833,53.186543,On or near Henbarc Road,W01000071,Gwynedd 003B,Violence and sexual offences,Unable to prosecute suspect,
0695a1980e4add6cce7332eae711642680968651ec1aaeaf052f70e1463c613b,2023-06,North Wales Police,North Wales Police,-4.066867,53.190899,On or near Maes Bleddyn,W01000071,Gwynedd 003B,Violence and sexual offences,Action to be taken by another organisation,
e9d59e2476d89e0e4ec890022ed2d8a3bfe2484453da2890d5dbc848874f881f,2023-06,North Wales Police,North Wales Police,-4.050838,53.179362,On or near Long Street,W01000071,Gwynedd 003B,Violence and sexual offences,Unable to prosecute suspect,
,2023-06,North Wales Police,North Wales Police,-4.054367,53.179598,On or near Ffordd Newydd Gerlan,W01000096,Gwynedd 003C,Anti-social behaviour,,
,2023-06,North Wales Police,North Wales Police,-4.054367,53.179598,On or near Ffordd Newydd Gerlan,W01000096,Gwynedd 003C,Anti-social behaviour,,
,2023-06,North Wales Police,North Wales Police,-4.052572,53.176797,On or near Abercaseg,W01000096,Gwynedd 003C,Anti-social behaviour,,
920e6cdfc7a2c30743a51ed8811290005a4d333afe7f53b5941ea00bc1516be2,2023-06,North Wales Police,North Wales Police,-4.056911,53.178359,On or near Adwy'R Nant,W01000096,Gwynedd 003C,Other theft,Investigation complete; no suspect identified,
3c2c1b730d4a6014c562907ad2adefdb3efd29ab2c1a393d02bfb99e0ef12b1e,2023-06,North Wales Police,North Wales Police,-4.055188,53.176743,On or near Glan Ogwen,W01000096,Gwynedd 003C,Violence and sexual offences,Court result unavailable,
5ac2d6b97d127d319f46969c6297f2f5115c001bda54f0396d5fa49cc43038b3,2023-06,North Wales Police,North Wales Police,-4.061228,53.180370,On or near Parking Area,W01000096,Gwynedd 003C,Violence and sexual offences,Unable to prosecute suspect,
8843698290ed1affb8352ba34a0409f311d7f91134ad2cedaedcb419b7b4853a,2023-06,North Wales Police,North Wales Police,-4.056911,53.178359,On or near Adwy'R Nant,W01000096,Gwynedd 003C,Violence and sexual offences,Formal action is not in the public interest,
e540a51d2efc8032fd0d0ba5921d8853e111771bebeed80c8ec1ff958f17c446,2023-06,North Wales Police,North Wales Police,-4.061228,53.180370,On or near Parking Area,W01000096,Gwynedd 003C,Violence and sexual offences,Unable to prosecute suspect,
0bb3bb2b7b16bb2ec19944953cf7d94dacb328c4b517d96020dcc5e1db3953ca,2023-06,North Wales Police,North Wales Police,-4.061228,53.180370,On or near Parking Area,W01000096,Gwynedd 003C,Violence and sexual offences,Unable to prosecute suspect,
da1ea11ba0480da148f05c8ac9ef8186a4f1660e7ea5bcd819362f8829705479,2023-06,North Wales Police,North Wales Police,-4.052572,53.176797,On or near Abercaseg,W01000096,Gwynedd 003C,Violence and sexual offences,Unable to prosecute suspect,
,2023-06,North Wales Police,North Wales Police,-4.058942,53.178899,On or near Llain Deg,W01000097,Gwynedd 003D,Anti-social behaviour,,
,2023-06,North Wales Police,North Wales Police,-4.066941,53.180909,On or near Ffordd Y Stesion,W01000097,Gwynedd 003D,Anti-social behaviour,,
,2023-06,North Wales Police,North Wales Police,-4.066656,53.185256,On or near Maes Coetmor,W01000097,Gwynedd 003D,Anti-social behaviour,,
,2023-06,North Wales Police,North Wales Police,-4.058942,53.178899,On or near Llain Deg,W01000097,Gwynedd 003D,Anti-social behaviour,,
8d38da912e3f335d6ccaab85d991a3527f52be6c346bf0a29b849c04dd7a997b,2023-06,North Wales Police,North Wales Police,-4.064272,53.180820,On or near A5,W01000097,Gwynedd 003D,Burglary,Unable to prosecute suspect,
ac04842cd22fcb47d3b45dbc096b88dc9e23323555d4fda67608533f30e58ec7,2023-06,North Wales Police,North Wales Police,-4.060265,53.179649,On or near Parking Area,W01000097,Gwynedd 003D,Burglary,Status update unavailable,
234c96a0338303e1d4b8d54b5e43843f2b49c2540f16b1217a1fbb2c328f4d05,2023-06,North Wales Police,North Wales Police,-4.067835,53.185200,On or near Coetmor Road,W01000097,Gwynedd 003D,Criminal damage and arson,Investigation complete; no suspect identified,
d53452a15d8f27d5f8e70b2035a6b08c7bf9437ef1e049a980bbfe97c60e45ee,2023-06,North Wales Police,North Wales Police,-4.066254,53.184985,On or near Coetmor New Road,W01000097,Gwynedd 003D,Drugs,Formal action is not in the public interest,
cf73a9e71719a393c126756567c6efd4a6337bde960bd269511597d76b0ecee9,2023-06,North Wales Police,North Wales Police,-4.073667,53.185395,On or near Ffordd Bangor,W01000097,Gwynedd 003D,Other theft,Investigation complete; no suspect identified,
9cd09497ed9787d7fdf6e6dab3aaf8acd84921bac187b3f0a4d89c20d76a4632,2023-06,North Wales Police,North Wales Police,-4.073667,53.185395,On or near Ffordd Bangor,W01000097,Gwynedd 003D,Other theft,Investigation complete; no suspect identified,
7db1798bc27b16bf7d4aa0ea02ec38c78e7f7a58e9f6153d699649580ced0d5c,2023-06,North Wales Police,North Wales Police,-4.063135,53.181757,On or near Bryntirion,W01000097,Gwynedd 003D,Other theft,Unable to prosecute suspect,
1e3c6107e71dcf2d175589e02fdd899b0ef2fe4fc6da9438f4a174af020837c0,2023-06,North Wales Police,North Wales Police,-4.073667,53.185395,On or near Ffordd Bangor,W01000097,Gwynedd 003D,Vehicle crime,Investigation complete; no suspect identified,
a704e2eebbfaab651f72480b5a7c139761534f46ac313664fb6e67386b17f3cc,2023-06,North Wales Police,North Wales Police,-4.058942,53.178899,On or near Llain Deg,W01000097,Gwynedd 003D,Violence and sexual offences,Unable to prosecute suspect,
34b2835e52692c8fd04ba2cd4eba18167fb61fd28d21b18071499820a4580716,2023-06,North Wales Police,North Wales Police,-4.060265,53.179649,On or near Parking Area,W01000097,Gwynedd 003D,Violence and sexual offences,Unable to prosecute suspect,
67b899b68ceda470ee2363129710b84650244df140eae009171b1957a48a1504,2023-06,North Wales Police,North Wales Police,-4.071821,53.181188,On or near Sports/Recreation Area,W01000097,Gwynedd 003D,Violence and sexual offences,Local resolution,
51b0727deb5acfc4d8fb0607908010e5a3d070c74c4849c9c0fa240c183b4f93,2023-06,North Wales Police,North Wales Police,-4.064272,53.180820,On or near A5,W01000097,Gwynedd 003D,Violence and sexual offences,Unable to prosecute suspect,
f176debd96a5dc8fefe7bf1b3be7b7a0d6333e1b4a047ec953165421ea71eafe,2023-06,North Wales Police,North Wales Police,-4.066254,53.184985,On or near Coetmor New Road,W01000097,Gwynedd 003D,Violence and sexual offences,Formal action is not in the public interest,
8d423f5f47d09f8cc54c1d83710c9050d85dfa56a6199f6e37e9b3075931805e,2023-06,North Wales Police,North Wales Police,-4.063757,53.180380,On or near Glanafon Street,W01000097,Gwynedd 003D,Violence and sexual offences,Unable to prosecute suspect,
,2023-06,North Wales Police,North Wales Police,-4.094508,53.167706,On or near Tan-Y-Bwlch,W01000115,Gwynedd 003E,Anti-social behaviour,,
c38ceac5c92a40249daa6d265c892811aa8ed7ab18f9fa27dab85f349c88d42e,2023-06,North Wales Police,North Wales Police,-4.063596,53.163930,On or near Park/Open Space,W01000115,Gwynedd 003E,Burglary,Investigation complete; no suspect identified,
6c8bbc8eea02b9483d9968726bfa5a2e93108b4ea4e1969544b56461b5b59939,2023-06,North Wales Police,North Wales Police,-4.092064,53.191091,On or near Sports/Recreation Area,W01000115,Gwynedd 003E,Other theft,Investigation complete; no suspect identified,
e479e0926b0d86d89755091b4e3e750a339ec2c3ee51913875a44807cb548134,2023-06,North Wales Police,North Wales Police,-4.095435,53.182096,On or near Sports/Recreation Area,W01000115,Gwynedd 003E,Violence and sexual offences,Unable to prosecute suspect,
4e20894bbc1972c949fef05cad1fdfdc9a8007b4af98895afffe95b8011838dd,2023-06,North Wales Police,North Wales Police,-4.083703,53.167041,On or near Gefnan,W01000115,Gwynedd 003E,Violence and sexual offences,Investigation complete; no suspect identified,
9927b7979b78056acb895f66f3e4e3e11fb9fe4af57662073132cadd334795ae,2023-06,North Wales Police,North Wales Police,-4.092064,53.191091,On or near Sports/Recreation Area,W01000115,Gwynedd 003E,Violence and sexual offences,Unable to prosecute suspect,
b5185b9bf0c3e1e07f44de3b49deeebd3e844df9c24b655a01d6320dcd0ffedf,2023-06,North Wales Police,North Wales Police,-4.095435,53.182096,On or near Sports/Recreation Area,W01000115,Gwynedd 003E,Violence and sexual offences,Further action is not in the public interest,
4af81e1299bf0e5b2dbe89000c5d500feb717c152b71c9741903fb257ba07b7b,2023-06,North Wales Police,North Wales Police,-4.201478,53.166189,On or near New Street,W01000052,Gwynedd 004A,Vehicle crime,Unable to prosecute suspect,
5f59e694bde8fb459bfd9e76c446663c9146a4fbaec40fb027c65ec41a3fbaa0,2023-06,North Wales Police,North Wales Police,-4.167118,53.140756,On or near Cae Ty Capel,W01000053,Gwynedd 004B,Criminal damage and arson,Investigation complete; no suspect identified,
e05db1388c366ad2beccbd0e82cf82e9dd86026628d081085fb37b72d379d6ec,2023-06,North Wales Police,North Wales Police,-4.165640,53.139314,On or near Sports/Recreation Area,W01000053,Gwynedd 004B,Criminal damage and arson,Investigation complete; no suspect identified,
92a8c04635451bbe37e8a48c8ddcc486d272f187c4743bccfcdf45ad39762cfb,2023-06,North Wales Police,North Wales Police,-4.168000,53.143131,On or near Petrol Station,W01000053,Gwynedd 004B,Other theft,Investigation complete; no suspect identified,
,2023-06,North Wales Police,North Wales Police,-4.192067,53.151204,On or near Ffordd Crawia,W01000087,Gwynedd 004C,Anti-social behaviour,,
1c9edaf815df08403b7562a0e25211c90b30fda36eb2c743d3d05651d38bce35,2023-06,North Wales Police,North Wales Police,-4.183576,53.144788,On or near Ffordd Bryngwyn,W01000087,Gwynedd 004C,Criminal damage and arson,Investigation complete; no suspect identified,
8d3c8341e5464e60e7586dc68fe31898375a1c8785276db2bdd6ea7445791a08,2023-06,North Wales Police,North Wales Police,-4.192067,53.151204,On or near Ffordd Crawia,W01000087,Gwynedd 004C,Other theft,Investigation complete; no suspect identified,
68176aba3d7f0cd43629407e6c024630fe6c9da6cecc2ccd4a13bcba50d6451f,2023-06,North Wales Police,North Wales Police,-4.197475,53.147859,On or near Pen Cae,W01000087,Gwynedd 004C,Vehicle crime,Unable to prosecute suspect,
288353cfba18739650e02bffcbc31886843bce43e649c8a9459dbfdfe47f2069,2023-06,North Wales Police,North Wales Police,-4.197475,53.147859,On or near Pen Cae,W01000087,Gwynedd 004C,Vehicle crime,Investigation complete; no suspect identified,
1eca0ea57aa1e552b14b9759fa648933906053cc048b22b21d285c7f5570599f,2023-06,North Wales Police,North Wales Police,-4.192067,53.151204,On or near Ffordd Crawia,W01000087,Gwynedd 004C,Violence and sexual offences,Investigation complete; no suspect identified,
d971f34a320c2cee907afe2c2a436bcd0bd867af586a3a8e9753e1460e5a484a,2023-06,North Wales Police,North Wales Police,-4.190109,53.146224,On or near Glanffynnon,W01000087,Gwynedd 004C,Violence and sexual offences,Status update unavailable,
693a0c49db0f656a0d44c2c2341183912d9d0f78efb467d630b0d790919e6051,2023-06,North Wales Police,North Wales Police,-4.192067,53.151204,On or near Ffordd Crawia,W01000087,Gwynedd 004C,Violence and sexual offences,Status update unavailable,
e055bdc33e991fd885802bf38b1891b819768c94a39058201c726804840133fc,2023-06,North Wales Police,North Wales Police,-4.192067,53.151204,On or near Ffordd Crawia,W01000087,Gwynedd 004C,Violence and sexual offences,Further action is not in the public interest,
,2023-06,North Wales Police,North Wales Police,-4.214289,53.177019,On or near Y Wern,W01000119,Gwynedd 004D,Anti-social behaviour,,
,2023-06,North Wales Police,North Wales Police,-4.208388,53.185652,On or near Lôn Emyr,W01000119,Gwynedd 004D,Anti-social behaviour,,
,2023-06,North Wales Police,North Wales Police,-4.207235,53.187094,On or near Parking Area,W01000119,Gwynedd 004D,Anti-social behaviour,,
4ce3ba82deceeaadbd9ca7985ff0fb2430d2ce09672e029a40263e25518f2ad7,2023-06,North Wales Police,North Wales Police,-4.208177,53.188533,On or near Ffordd Glyder,W01000119,Gwynedd 004D,Other theft,Investigation complete; no suspect identified,
06e78d7a9f26a6a02457d1ed2b0d622d62d3781f3fbd41d2ee30afbcdacc61c2,2023-06,North Wales Police,North Wales Police,-4.208388,53.185652,On or near Lôn Emyr,W01000119,Gwynedd 004D,Other theft,Court result unavailable,
9d23f6ed67ded9588b0767339d7813878e768211fc4f5a6a9f022800f751217f,2023-06,North Wales Police,North Wales Police,-4.208177,53.188533,On or near Ffordd Glyder,W01000119,Gwynedd 004D,Public order,Court result unavailable,
6a7a5ae5ac6db909003703c0d544ddc3acfc0b9bcda33453078a2c188de166b4,2023-06,North Wales Police,North Wales Police,-4.208177,53.188533,On or near Ffordd Glyder,W01000119,Gwynedd 004D,Public order,Court result unavailable,
01638c2a884c1545407ec6f4d0c10a452dc144a365b9c9539a0c819539502d8b,2023-06,North Wales Police,North Wales Police,-4.200915,53.188497,On or near Bangor Street,W01000119,Gwynedd 004D,Public order,Unable to prosecute suspect,
f65898aceb3ad116fc2415a28eb1ef5744f7dd11d192a572f3e163e87311f09c,2023-06,North Wales Police,North Wales Police,-4.202456,53.187902,On or near Bangor Street,W01000119,Gwynedd 004D,Vehicle crime,Investigation complete; no suspect identified,
32fac9b2e91d04aa9e968d01bd875e7606457ffcf6ee1f39a0b1d6338ce46b02,2023-06,North Wales Police,North Wales Police,-4.210231,53.183937,On or near Snowdon Street,W01000119,Gwynedd 004D,Vehicle crime,Court result unavailable,
c2eff055852cef43986ab294d24b590709ce25bd96dfc220ed0a556ac6fdc36a,2023-06,North Wales Police,North Wales Police,-4.205807,53.188145,On or near Ffordd Siabod,W01000119,Gwynedd 004D,Violence and sexual offences,Unable to prosecute suspect,
02a3f29ff25e3a5c3b99a30e826f46e0b32a1de96452d29affcada63d6043b27,2023-06,North Wales Police,North Wales Police,-4.218498,53.177372,On or near Tafarn-Y-Grisiau,W01000119,Gwynedd 004D,Violence and sexual offences,Investigation complete; no suspect identified,
fcfff3db20269019691ce46416f03d6bcc793cfbf8eb1260e1a4f3b4c353b77f,2023-06,North Wales Police,North Wales Police,-4.206795,53.189017,On or near Ffordd Garnedd,W01000119,Gwynedd 004D,Violence and sexual offences,Unable to prosecute suspect,
efe43ef39b1594766c45ff873c299894a15d8df34a1fc547b318883c5b873183,2023-06,North Wales Police,North Wales Police,-4.195547,53.190709,On or near Sports/Recreation Area,W01000119,Gwynedd 004D,Violence and sexual offences,Unable to prosecute suspect,
4e67813c276d489607e786b5e8fa5a569c5abed26916198bb41e3350929bec5c,2023-06,North Wales Police,North Wales Police,-4.214141,53.181104,On or near Beach Road,W01000119,Gwynedd 004D,Violence and sexual offences,Unable to prosecute suspect,
d9d8752a5a5e131485e8b04e7166b870622e5c50f2f2d31e0df45507f9a5108e,2023-06,North Wales Police,North Wales Police,-4.207235,53.187094,On or near Parking Area,W01000119,Gwynedd 004D,Violence and sexual offences,Action to be taken by another organisation,
,2023-06,North Wales Police,North Wales Police,-4.125135,53.147150,On or near Parking Area,W01000063,Gwynedd 005A,Anti-social behaviour,,
aa27092a57c831b22a1fbd521bd222a8c9e609a2a0074f4e0f727442eb06c103,2023-06,North Wales Police,North Wales Police,-4.129150,53.145846,On or near Sports/Recreation Area,W01000063,Gwynedd 005A,Other theft,Investigation complete; no suspect identified,
eeda23c28b45225d57eb80f19191dde4200303b350b46a1ecb7f74ae2ec33140,2023-06,North Wales Police,North Wales Police,-4.121137,53.145225,On or near Rhyd Fadog,W01000063,Gwynedd 005A,Public order,Investigation complete; no suspect identified,
11df14484b31aea3bb6f2a7e9019a3ad46de55632df96bd652b257ebf0cf3154,2023-06,North Wales Police,North Wales Police,-4.116183,53.133351,On or near Sports/Recreation Area,W01000063,Gwynedd 005A,Violence and sexual offences,Court result unavailable,
d22e92f02df76c231fdeee9ab3d98c03d765e9a529fb1d49da10cd641e3bb657,2023-06,North Wales Police,North Wales Police,-4.128820,53.144863,On or near Maes Gwylfa,W01000063,Gwynedd 005A,Violence and sexual offences,Further investigation is not in the public interest,
dc223bcf00a5136986a65d99ee6516334a5864f72f9051b16fcad09d5e4d3c74,2023-06,North Wales Police,North Wales Police,-4.116183,53.133351,On or near Sports/Recreation Area,W01000063,Gwynedd 005A,Violence and sexual offences,Unable to prosecute suspect,
ee520d9cc9b4d55a4d32aa42e02fe9a4c7d9e19f6aee6b369fd83bae72418c0f,2023-06,North Wales Police,North Wales Police,-4.130973,53.147270,On or near Pentre Helen,W01000063,Gwynedd 005A,Violence and sexual offences,Unable to prosecute suspect,
20b5ad4241bfd1ebe4a55671e4cd4e156be5592b932b806ebe862fadc1b81a2f,2023-06,North Wales Police,North Wales Police,-4.116183,53.133351,On or near Sports/Recreation Area,W01000063,Gwynedd 005A,Violence and sexual offences,Unable to prosecute suspect,
05edd62a7d5b506b3730b1220a80a134f05ca06635775ef21043bffdd52edfe5,2023-06,North Wales Police,North Wales Police,-4.130973,53.147270,On or near Pentre Helen,W01000063,Gwynedd 005A,Other crime,Unable to prosecute suspect,
,2023-06,North Wales Police,North Wales Police,-4.124464,53.118724,On or near Gerddi Padarn,W01000081,Gwynedd 005B,Anti-social behaviour,,
,2023-06,North Wales Police,North Wales Police,-4.124464,53.118724,On or near Gerddi Padarn,W01000081,Gwynedd 005B,Anti-social behaviour,,
,2023-06,North Wales Police,North Wales Police,-4.135669,53.128000,On or near Parking Area,W01000081,Gwynedd 005B,Anti-social behaviour,,
,2023-06,North Wales Police,North Wales Police,-4.124464,53.118724,On or near Gerddi Padarn,W01000081,Gwynedd 005B,Anti-social behaviour,,
,2023-06,North Wales Police,North Wales Police,-4.135669,53.128000,On or near Parking Area,W01000081,Gwynedd 005B,Anti-social behaviour,,
,2023-06,North Wales Police,North Wales Police,-4.113254,53.115939,On or near Parking Area,W01000081,Gwynedd 005B,Anti-social behaviour,,
8947bd7aea933df7b13ca97753581d3f36097b953d7716e7d9247cab15acc360,2023-06,North Wales Police,North Wales Police,-4.129825,53.121370,On or near Stryd Goodman,W01000081,Gwynedd 005B,Criminal damage and arson,Unable to prosecute suspect,
8cec4173630e236803d0f6f5c53333450ede5a0ad18093ecb9887e651f30b6b0,2023-06,North Wales Police,North Wales Police,-4.120089,53.117829,On or near Sports/Recreation Area,W01000081,Gwynedd 005B,Criminal damage and arson,Investigation complete; no suspect identified,
06bb4460309f5d7cc2a82da1605bd29f7e4d391b7d89720c8d0ae1002a311d28,2023-06,North Wales Police,North Wales Police,-4.083064,53.102868,On or near Parking Area,W01000081,Gwynedd 005B,Criminal damage and arson,Investigation complete; no suspect identified,
4dcce0dd130160223d3a19c7dc357d68498c04293c68881d05c936d0586e974e,2023-06,North Wales Police,North Wales Police,-4.119746,53.115473,On or near Parking Area,W01000081,Gwynedd 005B,Criminal damage and arson,Investigation complete; no suspect identified,
73b56a015fe9e64b031911b0d880a7e843af4ff70ae3fb05264a831c49da375d,2023-06,North Wales Police,North Wales Police,-4.133415,53.126260,On or near Parking Area,W01000081,Gwynedd 005B,Other theft,Investigation complete; no suspect identified,
ee80f7f20410bba17c7f5fa3f9e9b0555c584b98316885910f4fecfd54a902fd,2023-06,North Wales Police,North Wales Police,-4.061186,53.093310,On or near Parking Area,W01000081,Gwynedd 005B,Other theft,Investigation complete; no suspect identified,
2e230d3119e4739b62ceaf40904c76d531ea242a92c77f8dd2e26324ae455dd6,2023-06,North Wales Police,North Wales Police,-4.113254,53.115939,On or near Parking Area,W01000081,Gwynedd 005B,Other theft,Investigation complete; no suspect identified,
a21b40e24c336f1a39a54b3ca3a963d003f9fd7a289d87b83a418a4e6bd7f98b,2023-06,North Wales Police,North Wales Police,-4.121184,53.117371,On or near Maes Padarn,W01000081,Gwynedd 005B,Public order,Investigation complete; no suspect identified,
676facf1e132b3a2c620cd3d33322ef80bb6e25cbde2f42b280ed814d777d805,2023-06,North Wales Police,North Wales Police,-4.133415,53.126260,On or near Parking Area,W01000081,Gwynedd 005B,Violence and sexual offences,Court result unavailable,
2a5d310a12be796e29feb33910463024ad3bc6274e5d29d8474dfcd45aea3d57,2023-06,North Wales Police,North Wales Police,-4.124464,53.118724,On or near Gerddi Padarn,W01000081,Gwynedd 005B,Violence and sexual offences,Court result unavailable,
b1bbc6da86d9e0848055ca1e991f6c15f5c50886ba1a24a7d70ce816bfcdaacf,2023-06,North Wales Police,North Wales Police,-4.126226,53.170128,On or near Wesley Street,W01000099,Gwynedd 005C,Criminal damage and arson,Unable to prosecute suspect,
8ec4a35b58f23bd3966ec6f17301e8bcf3532a8a3b5fccdaa6bf3ef0b6ebdf9a,2023-06,North Wales Police,North Wales Police,-4.131476,53.172525,On or near Bron Y Waun,W01000099,Gwynedd 005C,Criminal damage and arson,Investigation complete; no suspect identified,
75e3335659741700573a4d1934b7527c4c3510229802cd98f8803e087998347a,2023-06,North Wales Police,North Wales Police,-4.152801,53.146581,On or near Minffordd,W01000099,Gwynedd 005C,Possession of weapons,Unable to prosecute suspect,
cf8d355620adcd3413b3b6af2e78a9dad100b8fc3f5885758e332c14edb37903,2023-06,North Wales Police,North Wales Police,-4.152801,53.146581,On or near Minffordd,W01000099,Gwynedd 005C,Public order,Unable to prosecute suspect,
01eb95d89b00f542f6feab1130776db668f4c49be49315558b42d839b17c7c8b,2023-06,North Wales Police,North Wales Police,-4.126226,53.170128,On or near Wesley Street,W01000099,Gwynedd 005C,Violence and sexual offences,Status update unavailable,
a68df5da4fc3b68595927cb1acb49b7aa92508e36867f5b0185b095f513858a7,2023-06,North Wales Police,North Wales Police,-4.128933,53.169819,On or near Caeau Gleision,W01000099,Gwynedd 005C,Violence and sexual offences,Unable to prosecute suspect,
c9ffe33a89b87279084586199a76837e0721d6dc15189c6079f60393522841dd,2023-06,North Wales Police,North Wales Police,-4.152801,53.146581,On or near Minffordd,W01000099,Gwynedd 005C,Violence and sexual offences,Unable to prosecute suspect,
a1b453f62fbe4552c2e2c6becf0ddc5554bece4a3e1fc70e4c245eadd3ec1339,2023-06,North Wales Police,North Wales Police,-4.126226,53.170128,On or near Wesley Street,W01000099,Gwynedd 005C,Violence and sexual offences,Court result unavailable,
,2023-06,North Wales Police,North Wales Police,-4.166243,53.212751,On or near Ffordd Treborth,W01000103,Gwynedd 005D,Anti-social behaviour,,
,2023-06,North Wales Police,North Wales Police,-4.189184,53.203557,On or near Parking Area,W01000103,Gwynedd 005D,Anti-social behaviour,,
,2023-06,North Wales Police,North Wales Police,-4.166243,53.212751,On or near Ffordd Treborth,W01000103,Gwynedd 005D,Anti-social behaviour,,
,2023-06,North Wales Police,North Wales Police,-4.166243,53.212751,On or near Ffordd Treborth,W01000103,Gwynedd 005D,Anti-social behaviour,,
a799792b2fc480c9c723a09de35918f5910c54f00a4e39f0e3be49ed18b98e15,2023-06,North Wales Police,North Wales Police,-4.166243,53.212751,On or near Ffordd Treborth,W01000103,Gwynedd 005D,Criminal damage and arson,Unable to prosecute suspect,
4858c4130b8142bd4a6636d0ded4ab11fd64698ea4289ac39c0ede91eeab7ea4,2023-06,North Wales Police,North Wales Police,-4.143210,53.202873,On or near Parking Area,W01000103,Gwynedd 005D,Public order,Unable to prosecute suspect,
68e86779d1184429b9ecae656bce7c0553693fb5b9cb3b815c0200b787633ebf,2023-06,North Wales Police,North Wales Police,-4.166243,53.212751,On or near Ffordd Treborth,W01000103,Gwynedd 005D,Public order,Investigation complete; no suspect identified,
f11085ebbec97027f4b273ed0505c013b11eb651a08a1fe73fac3f5a28fc816c,2023-06,North Wales Police,North Wales Police,-4.116235,53.196037,On or near Bro Infryn,W01000103,Gwynedd 005D,Violence and sexual offences,Unable to prosecute suspect,
426e01ac131b40fe23e5f7619a4657ff9e656ab870c6bff78d802effaf9dac98,2023-06,North Wales Police,North Wales Police,-4.172003,53.206398,On or near Rhosfryn,W01000103,Gwynedd 005D,Violence and sexual offences,Unable to prosecute suspect,
a787c379e9f07d0ad0e157f0e262b02ae210844ba129e4ab23a5e180ec5eed1f,2023-06,North Wales Police,North Wales Police,-4.166243,53.212751,On or near Ffordd Treborth,W01000103,Gwynedd 005D,Violence and sexual offences,Investigation complete; no suspect identified,
bd05eca76f9a9ff930d07ee63a2655c5427ec20fc912c4a5250c2e89d0a58875,2023-06,North Wales Police,North Wales Police,-4.172845,53.208837,On or near Glan Menai,W01000103,Gwynedd 005D,Violence and sexual offences,Unable to prosecute suspect,
41e606933df37c53d6cec2ec76da327aa19ed7aadb67f1c79b84a0281959254c,2023-06,North Wales Police,North Wales Police,-4.177393,53.193694,On or near Ffordd Fodolydd,W01000103,Gwynedd 005D,Violence and sexual offences,Unable to prosecute suspect,
1955d64961e241c43871f62bca8f8900d5f0a38584945de6a88253b5eab1425c,2023-06,North Wales Police,North Wales Police,-4.272352,53.139917,On or near Parking Area,W01000059,Gwynedd 006A,Violence and sexual offences,Unable to prosecute suspect,
25d4e40702d2577313dec84495779fe722852a59cda0d777e3cb8a4641b28b27,2023-06,North Wales Police,North Wales Police,-4.257510,53.145998,On or near Cae Bold,W01000059,Gwynedd 006A,Violence and sexual offences,Unable to prosecute suspect,
,2023-06,North Wales Police,North Wales Police,-4.259250,53.146388,On or near Ffordd Cwellyn,W01000059,Gwynedd 006A,Anti-social behaviour,,
,2023-06,North Wales Police,North Wales Police,-4.272781,53.139819,On or near Penllyn,W01000059,Gwynedd 006A,Anti-social behaviour,,
,2023-06,North Wales Police,North Wales Police,-4.272781,53.139819,On or near Penllyn,W01000059,Gwynedd 006A,Anti-social behaviour,,
,2023-06,North Wales Police,North Wales Police,-4.272781,53.139819,On or near Penllyn,W01000059,Gwynedd 006A,Anti-social behaviour,,
,2023-06,North Wales Police,North Wales Police,-4.263603,53.144992,On or near Cae Berllan,W01000059,Gwynedd 006A,Anti-social behaviour,,
71bc6d1d1cbd8284b610d463ed1f2026e04f4ed63021d099070d7dba48310933,2023-06,North Wales Police,North Wales Police,-4.261247,53.142277,On or near Cefn Cadnant,W01000059,Gwynedd 006A,Bicycle theft,Investigation complete; no suspect identified,
73ebaeaf003e7a9adbc997cc0cffaced81b8137e323a1701811ac3811fd82438,2023-06,North Wales Police,North Wales Police,-4.262845,53.142238,On or near Glan Cadnant,W01000059,Gwynedd 006A,Burglary,Local resolution,
9873b139e2e0b2b27e7cc76513de52179f46bc15a4b519bcf5206477ebe73267,2023-06,North Wales Police,North Wales Police,-4.262845,53.142238,On or near Glan Cadnant,W01000059,Gwynedd 006A,Burglary,Local resolution,
4778e8a22830265a9f6319816d9688a4061f114bf42f0dde49cdc91ccfb4eec6,2023-06,North Wales Police,North Wales Police,-4.262845,53.142238,On or near Glan Cadnant,W01000059,Gwynedd 006A,Criminal damage and arson,Court result unavailable,
0be1d8cddb615c733a09ebe2cefa8cae7175a5c1369b2d92fc5172db41199e41,2023-06,North Wales Police,North Wales Police,-4.272352,53.139917,On or near Parking Area,W01000059,Gwynedd 006A,Criminal damage and arson,Investigation complete; no suspect identified,
151fc88b67e268e910b7760d7d4398e7da579d84ad714b08127ddabce6ddd881,2023-06,North Wales Police,North Wales Police,-4.262845,53.142238,On or near Glan Cadnant,W01000059,Gwynedd 006A,Criminal damage and arson,Unable to prosecute suspect,
824e4de6cad8c5a25ff02d7e34d303c7b042552823fce7e7ef2a72d0b3509b2c,2023-06,North Wales Police,North Wales Police,-4.272820,53.140564,On or near Penrallt Isaf,W01000059,Gwynedd 006A,Criminal damage and arson,Investigation complete; no suspect identified,
76e1e9602150f1c915ceb81071e2ab83da8f1378d86918a7de0e0ca5eb7da715,2023-06,North Wales Police,North Wales Police,-4.266071,53.142455,On or near Maes Cadnant,W01000059,Gwynedd 006A,Other theft,Investigation complete; no suspect identified,
9b97bd40861c9f5d22f72180029a6d3814e3230937110a582c4890cdbd0c4da0,2023-06,North Wales Police,North Wales Police,-4.262845,53.142238,On or near Glan Cadnant,W01000059,Gwynedd 006A,Possession of weapons,Status update unavailable,
3b5c90f5c1b43f23501be8d40d0f50f958b6ae3ab09e6250296a67265bffcc9f,2023-06,North Wales Police,North Wales Police,-4.272781,53.139819,On or near Penllyn,W01000059,Gwynedd 006A,Public order,Investigation complete; no suspect identified,
d2f33978b47f9370ecaaa5a52b620e64d74e0169352ef94a5dd8a466e748a2ab,2023-06,North Wales Police,North Wales Police,-4.269268,53.140119,On or near Stryd Mari,W01000059,Gwynedd 006A,Public order,Investigation complete; no suspect identified,
ca2a76b82ff811e59ed526d23d70904611ed887f969154dab6575c25908c9125,2023-06,North Wales Police,North Wales Police,-4.269268,53.140119,On or near Stryd Mari,W01000059,Gwynedd 006A,Public order,Investigation complete; no suspect identified,
e2db88dcf348c74bc90d9ce22e44a5c81db74a668f6daa58be18109b0b7eb6c2,2023-06,North Wales Police,North Wales Police,-4.268108,53.141095,On or near Tanrallt,W01000059,Gwynedd 006A,Violence and sexual offences,Unable to prosecute suspect,
f451263651d93751fc0165892b2d028b6f2c961cd33d9466211f5cd4f25606d1,2023-06,North Wales Police,North Wales Police,-4.262845,53.142238,On or near Glan Cadnant,W01000059,Gwynedd 006A,Violence and sexual offences,Court result unavailable,
3b4605f990ad6a7ef32e29a53b3bd0beaa381cbeb7087c75bf4e7072ad649fad,2023-06,North Wales Police,North Wales Police,-4.261847,53.146285,On or near Llwyn Ceirios,W01000059,Gwynedd 006A,Violence and sexual offences,Unable to prosecute suspect,
dae7671f9b91fb2aadb3289d045c96f9e637503e0767000da73b9e123aaa9473,2023-06,North Wales Police,North Wales Police,-4.262845,53.142238,On or near Glan Cadnant,W01000059,Gwynedd 006A,Violence and sexual offences,Unable to prosecute suspect,
0ffe2e80ba95193b06730cfb7a55f7431909de15a330d0ed8b59cf3b0b320b21,2023-06,North Wales Police,North Wales Police,-4.260654,53.143511,On or near Maes Hyfryd,W01000059,Gwynedd 006A,Violence and sexual offences,Unable to prosecute suspect,
73c484c36cb7beac2c4c4c3f25ebb37cec7578dea3c592464d64af22c7f7f500,2023-06,North Wales Police,North Wales Police,-4.262845,53.142238,On or near Glan Cadnant,W01000059,Gwynedd 006A,Violence and sexual offences,Court result unavailable,
573ce924955b09e290ae3edaa817edffcd7626b7a9e331635abbf9c5c83e847f,2023-06,North Wales Police,North Wales Police,-4.266071,53.142455,On or near Maes Cadnant,W01000059,Gwynedd 006A,Other crime,Investigation complete; no suspect identified,
,2023-06,North Wales Police,North Wales Police,-4.275813,53.142314,On or near Parking Area,W01000093,Gwynedd 006B,Anti-social behaviour,,
,2023-06,North Wales Police,North Wales Police,-4.274345,53.142540,On or near Rhes Pretoria,W01000093,Gwynedd 006B,Anti-social behaviour,,
,2023-06,North Wales Police,North Wales Police,-4.274345,53.142540,On or near Rhes Pretoria,W01000093,Gwynedd 006B,Anti-social behaviour,,
,2023-06,North Wales Police,North Wales Police,-4.275081,53.143461,On or near Theatre/Concert Hall,W01000093,Gwynedd 006B,Anti-social behaviour,,
34a278118fa7959973cae79c286ff676f8e107bd433bc420d09909b6e14ff129,2023-06,North Wales Police,North Wales Police,-4.272916,53.145220,On or near Parking Area,W01000093,Gwynedd 006B,Burglary,Unable to prosecute suspect,
ddd9cc547351a340f4c8eca0c38c56c837aef0a3f22011d1e736849327b5a044,2023-06,North Wales Police,North Wales Police,-4.273524,53.141153,On or near Allt Pafiliwn,W01000093,Gwynedd 006B,Burglary,Investigation complete; no suspect identified,
a31439d3693f07ac529599bdb1d289c8fca869194afe4346ed71110d7c7096ef,2023-06,North Wales Police,North Wales Police,-4.273524,53.141153,On or near Allt Pafiliwn,W01000093,Gwynedd 006B,Burglary,Investigation complete; no suspect identified,
29481dce1a88bad8e996fcdfbcc6e0613cfba449e4d25d38d34ac830bb6fda3d,2023-06,North Wales Police,North Wales Police,-4.274755,53.142388,On or near Rhes Priordy,W01000093,Gwynedd 006B,Criminal damage and arson,Investigation complete; no suspect identified,
9593bd9fcbbc997337634a46ba2272e2d757908639bb5c0a59f2f8b9a3ebc6cc,2023-06,North Wales Police,North Wales Police,-4.267297,53.143582,On or near Ael-Y-Garth,W01000093,Gwynedd 006B,Criminal damage and arson,Investigation complete; no suspect identified,
df65f4c52c5296f9304ba6e7b04b051b5d08bd024f032e97d0c827a2cb1202f7,2023-06,North Wales Police,North Wales Police,-4.274755,53.142388,On or near Rhes Priordy,W01000093,Gwynedd 006B,Criminal damage and arson,Investigation complete; no suspect identified,
373eb07c1d0e90adf3c8f9f546e16b4e151be5b58cd7aa402c4ecd60b04e495f,2023-06,North Wales Police,North Wales Police,-4.274345,53.142540,On or near Rhes Pretoria,W01000093,Gwynedd 006B,Criminal damage and arson,Court result unavailable,
7d4be0af471e67642c8e063c22732ad40b1568c06c7c3fc4feda46841b7415ce,2023-06,North Wales Police,North Wales Police,-4.275081,53.143461,On or near Theatre/Concert Hall,W01000093,Gwynedd 006B,Criminal damage and arson,Investigation complete; no suspect identified,
6b4ccd56facabf8c7762329fd96e95f665f7bb2dbca85de63c8e6ad336f01ea2,2023-06,North Wales Police,North Wales Police,-4.274345,53.142540,On or near Rhes Pretoria,W01000093,Gwynedd 006B,Drugs,Local resolution,
c180187d7d1c86911c8115c11bb91360411553ec7bd94a075c0d84a056d6ac5e,2023-06,North Wales Police,North Wales Police,-4.277511,53.141338,On or near Church Street,W01000093,Gwynedd 006B,Other theft,Investigation complete; no suspect identified,
b15dbaf6e55d6c767df06ee172b1ca84821c8518027cadd1f2797abaca8adece,2023-06,North Wales Police,North Wales Police,-4.272916,53.145220,On or near Parking Area,W01000093,Gwynedd 006B,Public order,Court result unavailable,
89caf11f65135b4a6534521c53c0a72e5163a47af6238f2f619ebcfc6573ac53,2023-06,North Wales Police,North Wales Police,-4.274345,53.142540,On or near Rhes Pretoria,W01000093,Gwynedd 006B,Shoplifting,Local resolution,
e92cd39923ee4586873bf153c782e7793b92f0f1439a25ff50e4ad167d6fc4a4,2023-06,North Wales Police,North Wales Police,-4.274345,53.142540,On or near Rhes Pretoria,W01000093,Gwynedd 006B,Shoplifting,Court result unavailable,
8c873ef5e10f631028198cb7acac73b032fa151f4d9ca76df3869d910ca2cf4e,2023-06,North Wales Police,North Wales Police,-4.264913,53.148294,On or near Llys Gwyn,W01000093,Gwynedd 006B,Vehicle crime,Court result unavailable,
3872af1cb8960efdb77b062d1b0add6f3f6162b00f2ceadc4e8010fdf827c392,2023-06,North Wales Police,North Wales Police,-4.262803,53.149116,On or near Wen Cae Gwyn,W01000093,Gwynedd 006B,Vehicle crime,Unable to prosecute suspect,
f0251dbe926e2bcd749daef0132a32831ababe8b10a6f00e4f2586ed199d8272,2023-06,North Wales Police,North Wales Police,-4.273993,53.141549,On or near B4419,W01000093,Gwynedd 006B,Violence and sexual offences,Court result unavailable,
bfdba70c50fd7fc869e0f9aec32494bd4069cc73753c967e31756d6d6a75d47f,2023-06,North Wales Police,North Wales Police,-4.274345,53.142540,On or near Rhes Pretoria,W01000093,Gwynedd 006B,Violence and sexual offences,Court result unavailable,
3b0234de80029a6f8c697c53e7967ad35205776554fae47e294454d65b6512bf,2023-06,North Wales Police,North Wales Police,-4.272916,53.145220,On or near Parking Area,W01000093,Gwynedd 006B,Violence and sexual offences,Unable to prosecute suspect,
bf922fe4873a60212f368f22b9cd61a695e3475f02dca1609cdec37f7f34d577,2023-06,North Wales Police,North Wales Police,-4.273993,53.141549,On or near B4419,W01000093,Gwynedd 006B,Violence and sexual offences,Court result unavailable,
947da6837b8686cca3eeba27fee604eed22f2d059165a592c273f42793e2a06f,2023-06,North Wales Police,North Wales Police,-4.274345,53.142540,On or near Rhes Pretoria,W01000093,Gwynedd 006B,Violence and sexual offences,Unable to prosecute suspect,
581860ba59592cb2fa921107e8dac0b98a60637d17d91c13542d771ba965ff6c,2023-06,North Wales Police,North Wales Police,-4.270026,53.145994,On or near Petrol Station,W01000093,Gwynedd 006B,Violence and sexual offences,Unable to prosecute suspect,
baca378c77c5561f519e55e0b224a6c9abfd0cd60d0c5ece74b7728bc8aa7bee,2023-06,North Wales Police,North Wales Police,-4.274345,53.142540,On or near Rhes Pretoria,W01000093,Gwynedd 006B,Violence and sexual offences,Court result unavailable,
e51a7e018fcef67772514fd9e2fc92463381434a95e43dfb8bcd17a051f51371,2023-06,North Wales Police,North Wales Police,-4.264411,53.146703,On or near Yr Hwylfa,W01000093,Gwynedd 006B,Violence and sexual offences,Unable to prosecute suspect,
650954b2a8f85092660e13b6e2f2d1d5547c79f7d2cd5008d8f1050c70300e25,2023-06,North Wales Police,North Wales Police,-4.273993,53.141549,On or near B4419,W01000093,Gwynedd 006B,Violence and sexual offences,Unable to prosecute suspect,
,2023-06,North Wales Police,North Wales Police,-4.263892,53.137129,On or near Hyfrydle,W01000098,Gwynedd 006C,Anti-social behaviour,,
,2023-06,North Wales Police,North Wales Police,-4.260894,53.136691,On or near Lon Cefn Du,W01000098,Gwynedd 006C,Anti-social behaviour,,
,2023-06,North Wales Police,North Wales Police,-4.260458,53.138066,On or near Lon Eilian,W01000098,Gwynedd 006C,Anti-social behaviour,,
,2023-06,North Wales Police,North Wales Police,-4.263892,53.137129,On or near Hyfrydle,W01000098,Gwynedd 006C,Anti-social behaviour,,
,2023-06,North Wales Police,North Wales Police,-4.263892,53.137129,On or near Hyfrydle,W01000098,Gwynedd 006C,Anti-social behaviour,,
,2023-06,North Wales Police,North Wales Police,-4.263069,53.135985,On or near A4085,W01000098,Gwynedd 006C,Anti-social behaviour,,
4e3ca8738568b460edc43231d3c6b8f8e1ae10360e0c72bdcb22f3ec4b04abb3,2023-06,North Wales Police,North Wales Police,-4.257395,53.138403,On or near Ffordd Coed Marion,W01000098,Gwynedd 006C,Burglary,Unable to prosecute suspect,
419136280d0297788b29a0a52f76daa44f4687f41b78ee483eb949dd3a4d01ad,2023-06,North Wales Police,North Wales Police,-4.262176,53.137197,On or near Lon Y Bryn,W01000098,Gwynedd 006C,Burglary,Unable to prosecute suspect,
3fefefd4b659217c1e6553fa7c79ef2a3c1ab3479cdf6c092339428240d7f748,2023-06,North Wales Police,North Wales Police,-4.263892,53.137129,On or near Hyfrydle,W01000098,Gwynedd 006C,Other theft,Unable to prosecute suspect,
021fb066f211bb92db818659faa210afba6fcad9f29447117bbe6770cbf19013,2023-06,North Wales Police,North Wales Police,-4.262176,53.137197,On or near Lon Y Bryn,W01000098,Gwynedd 006C,Other theft,Investigation complete; no suspect identified,
7a676a2af768460da3f6489bac5b84419f746d1ba371be80ed258f680113bd34,2023-06,North Wales Police,North Wales Police,-4.261422,53.139055,On or near Ffordd Maes Barcer,W01000098,Gwynedd 006C,Other theft,Unable to prosecute suspect,
5eabb2c06d2122f0a9ce273e55f58b791377e9d6fd2fd1c2d0a8b8e7c2e8c19b,2023-06,North Wales Police,North Wales Police,-4.261716,53.139535,On or near Lon Nant,W01000098,Gwynedd 006C,Shoplifting,Court result unavailable,
e464b0919fc7a7ffc0e4c2c7530581c41755b9b2c38ef8b1f35e098038474cef,2023-06,North Wales Police,North Wales Police,-4.247403,53.139455,On or near Lon Cae Darbi,W01000098,Gwynedd 006C,Vehicle crime,Investigation complete; no suspect identified,
4bb0bfc895fa634ac8339f3e0861b4f5dcb9c0fde834348044d58f91d386785c,2023-06,North Wales Police,North Wales Police,-4.255536,53.139436,On or near Ffordd Cibyn,W01000098,Gwynedd 006C,Violence and sexual offences,Investigation complete; no suspect identified,
1072108333144095138deafc3f933dad2bb2ec8454d4b156a4bef8cf59bc363a,2023-06,North Wales Police,North Wales Police,-4.263892,53.137129,On or near Hyfrydle,W01000098,Gwynedd 006C,Violence and sexual offences,Unable to prosecute suspect,
27bf302462b931797cf8109b27ef1b2e838c1dd72f0ae43bbf2010f043f9c313,2023-06,North Wales Police,North Wales Police,-4.269942,53.138731,On or near Uxbridge Square,W01000098,Gwynedd 006C,Violence and sexual offences,Formal action is not in the public interest,
f54e8b2da88abbc2fb99280df941ca0faff9189d367493031de9b1def7cc753a,2023-06,North Wales Police,North Wales Police,-4.266293,53.139574,On or near Cefn Talar,W01000098,Gwynedd 006C,Violence and sexual offences,Unable to prosecute suspect,
ae891c3244deb33b9a189527568edafb9e66d5fcf4c76601ef160ef4bb262ecd,2023-06,North Wales Police,North Wales Police,-4.265331,53.139754,On or near Ffordd Ysgubor Goch,W01000098,Gwynedd 006C,Violence and sexual offences,Unable to prosecute suspect,
442204c2a1ff1d8e537c626e4a3b874e628777a1f13509cc61fadd9768ad1618,2023-06,North Wales Police,North Wales Police,-4.271776,53.139478,On or near Pool Lane,W01000098,Gwynedd 006C,Violence and sexual offences,Local resolution,
e0d72f47ada60fa88e5f78cd2129831dfd780586f2efe58de22081ce058e730a,2023-06,North Wales Police,North Wales Police,-4.266293,53.139574,On or near Cefn Talar,W01000098,Gwynedd 006C,Violence and sexual offences,Unable to prosecute suspect,
,2023-06,North Wales Police,North Wales Police,-4.265525,53.135776,On or near Cefn Hendre,W01000110,Gwynedd 006D,Anti-social behaviour,,
,2023-06,North Wales Police,North Wales Police,-4.264042,53.134294,On or near Cae'R Ysgol,W01000110,Gwynedd 006D,Anti-social behaviour,,
,2023-06,North Wales Police,North Wales Police,-4.267826,53.132900,On or near Llys Y Garn,W01000110,Gwynedd 006D,Anti-social behaviour,,
e1b2e6ff6040203bf8dc878700e8930ed6b84b2b939f93abf3ae67b31ef6cd75,2023-06,North Wales Police,North Wales Police,-4.260208,53.135014,On or near Ffordd Llanbeblig,W01000110,Gwynedd 006D,Criminal damage and arson,Investigation complete; no suspect identified,
a860a81feef9ad906eac8774a0720927cb0a95a0d09172ca09a1242661b253cd,2023-06,North Wales Police,North Wales Police,-4.267826,53.132900,On or near Llys Y Garn,W01000110,Gwynedd 006D,Theft from the person,Unable to prosecute suspect,
37677c71fca0c172b24555fe013fca764f073959881c491f7fc9f48127a5f692,2023-06,North Wales Police,North Wales Police,-4.267826,53.132900,On or near Llys Y Garn,W01000110,Gwynedd 006D,Vehicle crime,Court result unavailable,
c922cda1dcb89d2fd54d399ed86120704175a8c80402b2898b8503e369210a0d,2023-06,North Wales Police,North Wales Police,-4.259655,53.134449,On or near Gallt Y Sil,W01000110,Gwynedd 006D,Violence and sexual offences,Action to be taken by another organisation,
28ef1dc67ddfa66943cc0a847d2b0f4587d4da9aaee298c6b9b4f1d856c6a883,2023-06,North Wales Police,North Wales Police,-4.264042,53.134294,On or near Cae'R Ysgol,W01000110,Gwynedd 006D,Violence and sexual offences,Unable to prosecute suspect,
dd79c532bc717b956390729039905ea56ff2a49ab35d1d6c0c66da781a44f3c9,2023-06,North Wales Police,North Wales Police,-4.265868,53.115028,On or near Lon Pandy,W01000054,Gwynedd 007A,Criminal damage and arson,Investigation complete; no suspect identified,
83520cfff466de3397cebda70e048cadb91f09344912e670b8d16353b39b6f1d,2023-06,North Wales Police,North Wales Police,-4.271370,53.117332,On or near Erw Deg,W01000054,Gwynedd 007A,Violence and sexual offences,Unable to prosecute suspect,
e8c27e3f9551d82f6982bee539448a8c906c1f45ae9e7c69f4e80e1c208667d6,2023-06,North Wales Police,North Wales Police,-4.271370,53.117332,On or near Erw Deg,W01000054,Gwynedd 007A,Violence and sexual offences,Unable to prosecute suspect,
ff17a54974d4874b9e3229de684e0311112a537a09db34592f403b19888d0e12,2023-06,North Wales Police,North Wales Police,-4.269271,53.115790,On or near Dol Beuno,W01000054,Gwynedd 007A,Other crime,Status update unavailable,
,2023-06,North Wales Police,North Wales Police,-4.231659,53.089268,On or near Y Dreflan,W01000088,Gwynedd 007B,Anti-social behaviour,,
87437db9c3ebf5c74708a8f83c26a6fbcc2dddcc2f53dada68e6de456124d4af,2023-06,North Wales Police,North Wales Police,-4.269104,53.133334,On or near Cae Corn Hir,W01000111,Gwynedd 007C,Burglary,Unable to prosecute suspect,
,2023-06,North Wales Police,North Wales Police,-4.276685,53.140706,On or near High Street,W01000111,Gwynedd 007C,Anti-social behaviour,,
,2023-06,North Wales Police,North Wales Police,-4.274688,53.140834,On or near Stryd Y Porth Mawr,W01000111,Gwynedd 007C,Anti-social behaviour,,
,2023-06,North Wales Police,North Wales Police,-4.272712,53.138516,On or near Stryd Newydd,W01000111,Gwynedd 007C,Anti-social behaviour,,
,2023-06,North Wales Police,North Wales Police,-4.275964,53.140351,On or near Palace Street,W01000111,Gwynedd 007C,Anti-social behaviour,,
,2023-06,North Wales Police,North Wales Police,-4.275047,53.139991,On or near Parking Area,W01000111,Gwynedd 007C,Anti-social behaviour,,
,2023-06,North Wales Police,North Wales Police,-4.286539,53.138467,On or near Ffordd Yr Aber,W01000111,Gwynedd 007C,Anti-social behaviour,,
,2023-06,North Wales Police,North Wales Police,-4.272712,53.138516,On or near Stryd Newydd,W01000111,Gwynedd 007C,Anti-social behaviour,,
,2023-06,North Wales Police,North Wales Police,-4.268535,53.136438,On or near Hendre Street,W01000111,Gwynedd 007C,Anti-social behaviour,,
,2023-06,North Wales Police,North Wales Police,-4.273594,53.138508,On or near Rhes Segontiwm,W01000111,Gwynedd 007C,Anti-social behaviour,,
b90eb8813fe56a7aaad5914886c9b16f52b6c33d379831d2ff9258b3a9689307,2023-06,North Wales Police,North Wales Police,-4.272125,53.138455,On or near Stryd Waterloo,W01000111,Gwynedd 007C,Burglary,Investigation complete; no suspect identified,
c93e717cae605c54d04de4bae16b05d54cc3f0ebdac29bccf69289d88ea9109a,2023-06,North Wales Police,North Wales Police,-4.275047,53.139991,On or near Parking Area,W01000111,Gwynedd 007C,Criminal damage and arson,Investigation complete; no suspect identified,
d7abe4c59381d331291afcee5959843f2d9694573c62c75b7d2f22a4e8a304dc,2023-06,North Wales Police,North Wales Police,-4.268956,53.135918,On or near Stryd Santes Helen,W01000111,Gwynedd 007C,Criminal damage and arson,Unable to prosecute suspect,
a003b7b0b8cb8d5e35aadbd43c82fb5c0ca8111d02b14ba0941415ad39cb4cd1,2023-06,North Wales Police,North Wales Police,-4.268956,53.135918,On or near Stryd Santes Helen,W01000111,Gwynedd 007C,Criminal damage and arson,Court result unavailable,
1eb41b7dcd151b5c02260a6392bf334e5a318adbfd9b370a41118ff37c738e5e,2023-06,North Wales Police,North Wales Police,-4.269264,53.134653,On or near Bro Helen,W01000111,Gwynedd 007C,Criminal damage and arson,Unable to prosecute suspect,
e69f54bd611180aa78e9420ddd61af98f8cb0163868fc4712f84de043ef85ed5,2023-06,North Wales Police,North Wales Police,-4.268956,53.135918,On or near Stryd Santes Helen,W01000111,Gwynedd 007C,Criminal damage and arson,Local resolution,
1d56250bc218175d1b528b6a1ee83297131345b79c0f0cd213f9131bed67f4a9,2023-06,North Wales Police,North Wales Police,-4.268956,53.135918,On or near Stryd Santes Helen,W01000111,Gwynedd 007C,Criminal damage and arson,Status update unavailable,
e5cb82c52392a63e33c0362c6aa87803c743046080be48e69318731968dc0d8b,2023-06,North Wales Police,North Wales Police,-4.277622,53.140328,On or near Shirehall Street,W01000111,Gwynedd 007C,Criminal damage and arson,Court result unavailable,
d09588975aec76e20ef18ec7986a670f61093a71d230b59f7f72c1ee3ab7e37a,2023-06,North Wales Police,North Wales Police,-4.267379,53.136901,On or near Ffordd Segontiwm,W01000111,Gwynedd 007C,Drugs,Formal action is not in the public interest,
4696d85fdbbe3bfb4d91fca0cfe373747e5b5b53d1f360da7db7b8a83e3ccb8e,2023-06,North Wales Police,North Wales Police,-4.275047,53.139991,On or near Parking Area,W01000111,Gwynedd 007C,Other theft,Investigation complete; no suspect identified,
3c24fc65a451bc3991b790288bfd8fce1bf29724b9546a89ee3d9e5b6d1ac26a,2023-06,North Wales Police,North Wales Police,-4.275047,53.139991,On or near Parking Area,W01000111,Gwynedd 007C,Other theft,Investigation complete; no suspect identified,
b7c4273e4127a4fe2b537d2ddfeab7836773af1fe92a59efe07b80e234b41892,2023-06,North Wales Police,North Wales Police,-4.277622,53.140328,On or near Shirehall Street,W01000111,Gwynedd 007C,Other theft,Investigation complete; no suspect identified,
8986ecc09b5d6a6c103a9f6d32398c824053b0958e257723e8f5d568cdf91e32,2023-06,North Wales Police,North Wales Police,-4.275047,53.139991,On or near Parking Area,W01000111,Gwynedd 007C,Other theft,Investigation complete; no suspect identified,
613c576898535395f8629b0a46bf589d025a99f04660302ca6ebc347f4b5eff1,2023-06,North Wales Police,North Wales Police,-4.275047,53.139991,On or near Parking Area,W01000111,Gwynedd 007C,Public order,Investigation complete; no suspect identified,
e2612c009ab603786ec7987605eeb900efb612d5b0774900f73097f4ef583abb,2023-06,North Wales Police,North Wales Police,-4.275689,53.140527,On or near Shopping Area,W01000111,Gwynedd 007C,Public order,Unable to prosecute suspect,
b78ddef84166dab4c83d7e93a3d8effd7fc90337226a1ea74360c345f5c4d55e,2023-06,North Wales Police,North Wales Police,-4.273594,53.138508,On or near Rhes Segontiwm,W01000111,Gwynedd 007C,Public order,Investigation complete; no suspect identified,
69b57eeb2e85fc0c1fd7910496bb7aadc7f499dd467aad4392c3f6c70d4865e2,2023-06,North Wales Police,North Wales Police,-4.268021,53.127250,On or near Muriau Park,W01000111,Gwynedd 007C,Public order,Unable to prosecute suspect,
600b8586f7225ef87348d992c3c33737cfb5b4eb7a13e81b3221c0ad7a64f029,2023-06,North Wales Police,North Wales Police,-4.270854,53.133607,On or near Supermarket,W01000111,Gwynedd 007C,Shoplifting,Investigation complete; no suspect identified,
0e7bac73ca4d5d669d3f829321d24a5223022897e51b864079d94c3ca051a177,2023-06,North Wales Police,North Wales Police,-4.273594,53.138508,On or near Rhes Segontiwm,W01000111,Gwynedd 007C,Shoplifting,Investigation complete; no suspect identified,
1e0148d0bf344ee0a246855475743fd2b56fccabd9f8311e433e9e26d5ee8c33,2023-06,North Wales Police,North Wales Police,-4.270854,53.133607,On or near Supermarket,W01000111,Gwynedd 007C,Shoplifting,Local resolution,
e0c9e24a00b719990077cbd08c9f8d0009f71c320141b587b6cb61377bcb9271,2023-06,North Wales Police,North Wales Police,-4.267379,53.136901,On or near Ffordd Segontiwm,W01000111,Gwynedd 007C,Violence and sexual offences,Court result unavailable,
c50e2fede0cfbf51fcb4ddb920746c0f4ba6ad560adf17606b2c217e5ad9e017,2023-06,North Wales Police,North Wales Police,-4.275047,53.139991,On or near Parking Area,W01000111,Gwynedd 007C,Violence and sexual offences,Status update unavailable,
87366b301a70b250fded4986ebb48ac4f3322a7d25660406b1112851bd230f85,2023-06,North Wales Police,North Wales Police,-4.268021,53.127250,On or near Muriau Park,W01000111,Gwynedd 007C,Violence and sexual offences,Investigation complete; no suspect identified,
28795fd08cb7bb32bb18507b72cbba50c079bef423206c92a881d8611c6127d9,2023-06,North Wales Police,North Wales Police,-4.265844,53.134448,On or near Llys Siabod,W01000111,Gwynedd 007C,Violence and sexual offences,Unable to prosecute suspect,
2a15190519f4aab377477c994aeab79532a16ffdd657a67f6d8f0f136f7747c7,2023-06,North Wales Police,North Wales Police,-4.272002,53.138098,On or near Garnon Street,W01000111,Gwynedd 007C,Violence and sexual offences,Court result unavailable,
3e4def03a7b12789e36532d1a8ca0e38a7385a622ff8f0ba190477a2050ed25f,2023-06,North Wales Police,North Wales Police,-4.272712,53.138516,On or near Stryd Newydd,W01000111,Gwynedd 007C,Violence and sexual offences,Court result unavailable,
d6a2b20adc9adcea2655adc3e23e4001286f538f070e2772fcfab81c6208cd10,2023-06,North Wales Police,North Wales Police,-4.269818,53.134678,On or near South Road,W01000111,Gwynedd 007C,Violence and sexual offences,Unable to prosecute suspect,
31afc475cbf9f42b864819ccec05ed181f32a1ca03b778c37f3f0a79506eadc7,2023-06,North Wales Police,North Wales Police,-4.268956,53.135918,On or near Stryd Santes Helen,W01000111,Gwynedd 007C,Violence and sexual offences,Unable to prosecute suspect,
20ae2693a13064ad9fd0c18a33e177c7c8addf47c65625220a374189d390b302,2023-06,North Wales Police,North Wales Police,-4.272002,53.138098,On or near Garnon Street,W01000111,Gwynedd 007C,Violence and sexual offences,Unable to prosecute suspect,
b10cdf141ea4cc3f700f5879f5c9f3b925babd281b9262488de2e879a61eed44,2023-06,North Wales Police,North Wales Police,-4.267379,53.136901,On or near Ffordd Segontiwm,W01000111,Gwynedd 007C,Violence and sexual offences,Court result unavailable,
e7768ffef3c08e6408b2032bc78fa7178574bab2ed411327bd5287154c23a4a4,2023-06,North Wales Police,North Wales Police,-4.274688,53.140834,On or near Stryd Y Porth Mawr,W01000111,Gwynedd 007C,Other crime,Unable to prosecute suspect,
,2023-06,North Wales Police,North Wales Police,-4.200658,53.111846,On or near Parking Area,W01000118,Gwynedd 007D,Anti-social behaviour,,
,2023-06,North Wales Police,North Wales Police,-4.208258,53.112334,On or near Parking Area,W01000118,Gwynedd 007D,Anti-social behaviour,,
bdb02d258c6bb4bb91910694409f81506302a31d3d5ba35f9335e3f7c5ce2b68,2023-06,North Wales Police,North Wales Police,-4.238785,53.129913,On or near Petrol Station,W01000118,Gwynedd 007D,Burglary,Status update unavailable,
a25e1be43715536f73a36270f568d70373458b3268c1b3123997069c4573105f,2023-06,North Wales Police,North Wales Police,-4.143342,53.073737,On or near Snowdon Ranger Halt,W01000118,Gwynedd 007D,Criminal damage and arson,Investigation complete; no suspect identified,
170bc6623a2675164269b28b00bd351510e2b97466c6bba8bfef4d421b3c3513,2023-06,North Wales Police,North Wales Police,-4.193189,53.098399,On or near Rhesdai Gwyrfai,W01000118,Gwynedd 007D,Criminal damage and arson,Investigation complete; no suspect identified,
5ea40d81de5ad190b77bc589f4fe045e30302170d0716799ebcfac7208d1057e,2023-06,North Wales Police,North Wales Police,-4.133267,53.051118,On or near Parking Area,W01000118,Gwynedd 007D,Other theft,Investigation complete; no suspect identified,
505d8e9f58e262de1cc60971935f25e6a19f70661d4d5560b3604d8a182a74b6,2023-06,North Wales Police,North Wales Police,-4.238785,53.129913,On or near Petrol Station,W01000118,Gwynedd 007D,Other theft,Investigation complete; no suspect identified,
906707d89b64c848e966a1360c88688173d1c8d89ccfad6f9125b8dfc71a0dd2,2023-06,North Wales Police,North Wales Police,-4.238785,53.129913,On or near Petrol Station,W01000118,Gwynedd 007D,Other theft,Investigation complete; no suspect identified,
350a814e03d78ee10b2ace92970b9ddc8808dfd9186559cbe32ba76e08ac7ac4,2023-06,North Wales Police,North Wales Police,-4.205335,53.111553,On or near Llys Yr Waun,W01000118,Gwynedd 007D,Public order,Unable to prosecute suspect,
7a5a4aafb59a7fabc9b293a21d0abbd3235cfa193df9a965208be35325a19c4d,2023-06,North Wales Police,North Wales Police,-4.214472,53.081173,On or near Park/Open Space,W01000118,Gwynedd 007D,Violence and sexual offences,Unable to prosecute suspect,
,2023-06,North Wales Police,North Wales Police,-4.292922,53.080038,On or near Lon Cefn Glyn,W01000073,Gwynedd 008A,Anti-social behaviour,,
,2023-06,North Wales Police,North Wales Police,-4.281020,53.078594,On or near Parking Area,W01000073,Gwynedd 008A,Anti-social behaviour,,
,2023-06,North Wales Police,North Wales Police,-4.292922,53.080038,On or near Lon Cefn Glyn,W01000073,Gwynedd 008A,Anti-social behaviour,,
e68c4977de20dbd75c224e8667c960b0e136d3ac5adbb6a5b281bab3ad95ee25,2023-06,North Wales Police,North Wales Police,-4.292922,53.080038,On or near Lon Cefn Glyn,W01000073,Gwynedd 008A,Criminal damage and arson,Unable to prosecute suspect,
325f7880d2f14107b20264dbdc7880e75b20e512f3f886c5e504009134254eaa,2023-06,North Wales Police,North Wales Police,-4.280113,53.076409,On or near Tre Wen,W01000073,Gwynedd 008A,Drugs,Court result unavailable,
0be9650a819436640ef3cad0e137ddbfbb20c2543b48d75b4518760cf25eb72c,2023-06,North Wales Police,North Wales Police,-4.280238,53.040649,On or near Lon Ty Gwyn,W01000086,Gwynedd 008B,Violence and sexual offences,Unable to prosecute suspect,
,2023-06,North Wales Police,North Wales Police,-4.280238,53.040649,On or near Lon Ty Gwyn,W01000086,Gwynedd 008B,Anti-social behaviour,,
,2023-06,North Wales Police,North Wales Police,-4.252498,53.046204,On or near Park/Open Space,W01000086,Gwynedd 008B,Anti-social behaviour,,
,2023-06,North Wales Police,North Wales Police,-4.285268,53.041541,On or near Bryn Rhedyw,W01000086,Gwynedd 008B,Anti-social behaviour,,
,2023-06,North Wales Police,North Wales Police,-4.252498,53.046204,On or near Park/Open Space,W01000086,Gwynedd 008B,Anti-social behaviour,,
,2023-06,North Wales Police,North Wales Police,-4.252498,53.046204,On or near Park/Open Space,W01000086,Gwynedd 008B,Anti-social behaviour,,
,2023-06,North Wales Police,North Wales Police,-4.252498,53.046204,On or near Park/Open Space,W01000086,Gwynedd 008B,Anti-social behaviour,,
,2023-06,North Wales Police,North Wales Police,-4.252498,53.046204,On or near Park/Open Space,W01000086,Gwynedd 008B,Anti-social behaviour,,
,2023-06,North Wales Police,North Wales Police,-4.285268,53.041541,On or near Bryn Rhedyw,W01000086,Gwynedd 008B,Anti-social behaviour,,
,2023-06,North Wales Police,North Wales Police,-4.280238,53.040649,On or near Lon Ty Gwyn,W01000086,Gwynedd 008B,Anti-social behaviour,,
,2023-06,North Wales Police,North Wales Police,-4.252498,53.046204,On or near Park/Open Space,W01000086,Gwynedd 008B,Anti-social behaviour,,
,2023-06,North Wales Police,North Wales Police,-4.280238,53.040649,On or near Lon Ty Gwyn,W01000086,Gwynedd 008B,Anti-social behaviour,,
,2023-06,North Wales Police,North Wales Police,-4.280238,53.040649,On or near Lon Ty Gwyn,W01000086,Gwynedd 008B,Anti-social behaviour,,
,2023-06,North Wales Police,North Wales Police,-4.285268,53.041541,On or near Bryn Rhedyw,W01000086,Gwynedd 008B,Anti-social behaviour,,
,2023-06,North Wales Police,North Wales Police,-4.280238,53.040649,On or near Lon Ty Gwyn,W01000086,Gwynedd 008B,Anti-social behaviour,,
,2023-06,North Wales Police,North Wales Police,-4.217472,53.054136,On or near Park/Open Space,W01000086,Gwynedd 008B,Anti-social behaviour,,
5890acc57ba296301269f21936645848d6699510d1ea08ff041be5a9ff428b83,2023-06,North Wales Police,North Wales Police,-4.285268,53.041541,On or near Bryn Rhedyw,W01000086,Gwynedd 008B,Criminal damage and arson,Investigation complete; no suspect identified,
2fcf6d06b678b6b1674d8ab18a46d832d77aca40aa9bffb8ada255f4b6c7d020,2023-06,North Wales Police,North Wales Police,-4.282019,53.044993,On or near Ger Y Llan,W01000086,Gwynedd 008B,Criminal damage and arson,Unable to prosecute suspect,
20a0e6406eeb9b217609b8e932aa396c959b64e938465a052ba743977076a376,2023-06,North Wales Police,North Wales Police,-4.285268,53.041541,On or near Bryn Rhedyw,W01000086,Gwynedd 008B,Criminal damage and arson,Investigation complete; no suspect identified,
39b1a58408232bc09ec46edb8ae0a9be4c394f00e5798137ca57ca3974bffea7,2023-06,North Wales Police,North Wales Police,-4.252498,53.046204,On or near Park/Open Space,W01000086,Gwynedd 008B,Criminal damage and arson,Unable to prosecute suspect,
29edb2a938865bf026636365039dfe6ff999dbe92c9a7fa6abc46295dacd836b,2023-06,North Wales Police,North Wales Police,-4.272022,53.028237,On or near Lon Pant Y Gog,W01000086,Gwynedd 008B,Other theft,Investigation complete; no suspect identified,
b8d4cf39b98f7048afb3c995f9f0e6fdc377abda016b875ffaadab8f5fa96d31,2023-06,North Wales Police,North Wales Police,-4.282019,53.044993,On or near Ger Y Llan,W01000086,Gwynedd 008B,Violence and sexual offences,Unable to prosecute suspect,
b0ce93019912ed9ac7ad5fb71d7108892dab7e5b885d8eb65e15b7de646ea65d,2023-06,North Wales Police,North Wales Police,-4.217472,53.054136,On or near Park/Open Space,W01000086,Gwynedd 008B,Violence and sexual offences,Investigation complete; no suspect identified,
6b9e6f25672d1871f03d0cb29a70320a6db3dd10bb5eb2adc613e356612b1416,2023-06,North Wales Police,North Wales Police,-4.285268,53.041541,On or near Bryn Rhedyw,W01000086,Gwynedd 008B,Violence and sexual offences,Unable to prosecute suspect,
8ba46b29cb38f6c9f405b80fe2fdd552b0a58ce1e75e7263f26bc1cd3b7dad4a,2023-06,North Wales Police,North Wales Police,-4.252498,53.046204,On or near Park/Open Space,W01000086,Gwynedd 008B,Violence and sexual offences,Unable to prosecute suspect,
ed71cc9fc078d2f5909e52bb59583bbb17c32fd8f650984ee99bef5b33718eb8,2023-06,North Wales Police,North Wales Police,-4.252498,53.046204,On or near Park/Open Space,W01000086,Gwynedd 008B,Violence and sexual offences,Investigation complete; no suspect identified,
d44f6e1496e2fca8502aff5ef31782dd3593df4a759f6ec38b4a89e27fb37f30,2023-06,North Wales Police,North Wales Police,-4.282019,53.044993,On or near Ger Y Llan,W01000086,Gwynedd 008B,Violence and sexual offences,Unable to prosecute suspect,
404e8464ff461d7cd629400f875802d2b3f8decc98accb0c62e9168cde18c603,2023-06,North Wales Police,North Wales Police,-4.282019,53.044993,On or near Ger Y Llan,W01000086,Gwynedd 008B,Violence and sexual offences,Local resolution,
b91ab1bb35e7d182d26151ca5d576d265e01f9b379f8710ea20e568bcb372e09,2023-06,North Wales Police,North Wales Police,-4.280238,53.040649,On or near Lon Ty Gwyn,W01000086,Gwynedd 008B,Violence and sexual offences,Status update unavailable,
a58e07defe10742434ce464da44f28b2f785bd0db3153ebd4fb142e294289ffd,2023-06,North Wales Police,North Wales Police,-4.360416,53.021704,On or near Bro Celyn,W01000086,Gwynedd 008B,Violence and sexual offences,Unable to prosecute suspect,
d01fb6c7b591363ee2e938c21a202b2dc4c75cf466479953ad2f6e7a1a50f58a,2023-06,North Wales Police,North Wales Police,-4.282019,53.044993,On or near Ger Y Llan,W01000086,Gwynedd 008B,Violence and sexual offences,Local resolution,
,2023-06,North Wales Police,North Wales Police,-4.275983,53.053030,On or near Sports/Recreation Area,W01000104,Gwynedd 008C,Anti-social behaviour,,
,2023-06,North Wales Police,North Wales Police,-4.282456,53.051836,On or near Parking Area,W01000104,Gwynedd 008C,Anti-social behaviour,,
,2023-06,North Wales Police,North Wales Police,-4.279999,53.053061,On or near Ffordd-Y-Sir,W01000104,Gwynedd 008C,Anti-social behaviour,,
,2023-06,North Wales Police,North Wales Police,-4.286121,53.052009,On or near Bryn Llwyd,W01000104,Gwynedd 008C,Anti-social behaviour,,
,2023-06,North Wales Police,North Wales Police,-4.279999,53.053061,On or near Ffordd-Y-Sir,W01000104,Gwynedd 008C,Anti-social behaviour,,
c38d2e81a2a26d19180a5d243a73fc4293326de78673493872dd8a5879ccda90,2023-06,North Wales Police,North Wales Police,-4.283733,53.052288,On or near Cae Catrin,W01000104,Gwynedd 008C,Criminal damage and arson,Investigation complete; no suspect identified,
2677cae69d52f75d3ae88d31f8acb14b147b30e567605cd43ab5a08d66ee5a93,2023-06,North Wales Police,North Wales Police,-4.282287,53.054860,On or near Penbryn,W01000104,Gwynedd 008C,Criminal damage and arson,Investigation complete; no suspect identified,
141648245a7fd6ad11e8e066f89f5bf0d85f5af4cdb76e55888d378ae6b1bf65,2023-06,North Wales Police,North Wales Police,-4.289211,53.051482,On or near Tal Y Bont,W01000104,Gwynedd 008C,Criminal damage and arson,Investigation complete; no suspect identified,
b724546abe76f38c3a007071d4d9f1669583a064f77b5368768125a192a2fe75,2023-06,North Wales Police,North Wales Police,-4.289211,53.051482,On or near Tal Y Bont,W01000104,Gwynedd 008C,Criminal damage and arson,Investigation complete; no suspect identified,
ae980b57ff993cf7442e31891c1ddaac656494e232ba5b51c96c98b3cd495628,2023-06,North Wales Police,North Wales Police,-4.281819,53.053053,On or near Victoria Road,W01000104,Gwynedd 008C,Criminal damage and arson,Investigation complete; no suspect identified,
436c36c597c87270e639fcd9960db1468f530b3cb44989d48200e46120d4663b,2023-06,North Wales Police,North Wales Police,-4.283389,53.053392,On or near Heol-Y-Dwr,W01000104,Gwynedd 008C,Drugs,Court result unavailable,
0437107a6816b15d680730935301b9ada6b4ddad0b5e856522d3409f8f05e10a,2023-06,North Wales Police,North Wales Police,-4.283069,53.054126,On or near Parking Area,W01000104,Gwynedd 008C,Public order,Investigation complete; no suspect identified,
796077b4e0c9d9bfb6e58466b1cb90033fefb0aa192b8813c8d35fa57ef90789,2023-06,North Wales Police,North Wales Police,-4.283389,53.053392,On or near Heol-Y-Dwr,W01000104,Gwynedd 008C,Shoplifting,Investigation complete; no suspect identified,
db44a94cfb1b1c58162bb143b468f2c06f42d8d0a3d4c674870eeb034d39e4a4,2023-06,North Wales Police,North Wales Police,-4.284167,53.052882,On or near Snowdon Street,W01000104,Gwynedd 008C,Violence and sexual offences,Unable to prosecute suspect,
5caa584839d030e59d485ef6814faddd7e9e0ef8418c076b51d209c47aae108d,2023-06,North Wales Police,North Wales Police,-4.286347,53.052903,On or near Market Place,W01000104,Gwynedd 008C,Violence and sexual offences,Unable to prosecute suspect,
2b281b94d81ea8da3bce1b85812389c8d17f32982cea2cde648dafab096db14c,2023-06,North Wales Police,North Wales Police,-4.279999,53.053061,On or near Ffordd-Y-Sir,W01000104,Gwynedd 008C,Violence and sexual offences,Unable to prosecute suspect,
4116b8d555a5211b696b3b6b9858c885489b7fe95dd7ae1247aec398a33f9cf5,2023-06,North Wales Police,North Wales Police,-4.283733,53.052288,On or near Cae Catrin,W01000104,Gwynedd 008C,Violence and sexual offences,Unable to prosecute suspect,
d432ac67fa87b89141a47e7f080ff9f64f51006bb75f1ddc297421c599736dc9,2023-06,North Wales Police,North Wales Police,-4.283389,53.053392,On or near Heol-Y-Dwr,W01000104,Gwynedd 008C,Violence and sexual offences,Local resolution,
c3a9830d8139fb047061781c8ab96a16b90b4e5a3242dc22373248887f2667ef,2023-06,North Wales Police,North Wales Police,-4.279999,53.053061,On or near Ffordd-Y-Sir,W01000104,Gwynedd 008C,Violence and sexual offences,Action to be taken by another organisation,
908f824abe350d83db0b2200bd189fc9e22ac5370f94e982d4c45aad04025ed7,2023-06,North Wales Police,North Wales Police,-4.284167,53.052882,On or near Snowdon Street,W01000104,Gwynedd 008C,Violence and sexual offences,Status update unavailable,
becf4d82dbdc60ebd3e45709f95fb0ff5ae995c49ab710bf821da16075d8af8b,2023-06,North Wales Police,North Wales Police,-4.284798,53.051540,On or near Trem-Yr-Wyddfa,W01000104,Gwynedd 008C,Violence and sexual offences,Local resolution,
,2023-06,North Wales Police,North Wales Police,-4.249511,53.071912,On or near Parking Area,W01000112,Gwynedd 008D,Anti-social behaviour,,
,2023-06,North Wales Police,North Wales Police,-4.236278,53.079282,On or near Glan Dwr,W01000112,Gwynedd 008D,Anti-social behaviour,,
,2023-06,North Wales Police,North Wales Police,-4.258810,53.051919,On or near Station Road,W01000112,Gwynedd 008D,Anti-social behaviour,,
,2023-06,North Wales Police,North Wales Police,-4.255000,53.054401,On or near Coedmadog Road,W01000112,Gwynedd 008D,Anti-social behaviour,,
,2023-06,North Wales Police,North Wales Police,-4.250859,53.054542,On or near Nantlle Road,W01000112,Gwynedd 008D,Anti-social behaviour,,
,2023-06,North Wales Police,North Wales Police,-4.231869,53.073134,On or near Tai Dolawen,W01000112,Gwynedd 008D,Anti-social behaviour,,
,2023-06,North Wales Police,North Wales Police,-4.257342,53.054959,On or near Weirglodd-Newydd,W01000112,Gwynedd 008D,Anti-social behaviour,,
,2023-06,North Wales Police,North Wales Police,-4.257342,53.054959,On or near Weirglodd-Newydd,W01000112,Gwynedd 008D,Anti-social behaviour,,
,2023-06,North Wales Police,North Wales Police,-4.249511,53.071912,On or near Parking Area,W01000112,Gwynedd 008D,Anti-social behaviour,,
a86bd28e7643aaebd522be4d6ab28836fb36e0955feffcea05a1edadc29ea986,2023-06,North Wales Police,North Wales Police,-4.231869,53.073134,On or near Tai Dolawen,W01000112,Gwynedd 008D,Criminal damage and arson,Investigation complete; no suspect identified,
c87bf041241d49ad5d211022b41e4778ac27e0ede6d86ad625063517711ee8c1,2023-06,North Wales Police,North Wales Police,-4.223992,53.073524,On or near Park/Open Space,W01000112,Gwynedd 008D,Criminal damage and arson,Court result unavailable,
8640473ab37d4940c9851611a542dbf2f06cfdd5b2c4b5684fa722bcab993d27,2023-06,North Wales Police,North Wales Police,-4.257342,53.054959,On or near Weirglodd-Newydd,W01000112,Gwynedd 008D,Public order,Unable to prosecute suspect,
7e1b5bc394224a32e55cba6f7a929c8e9b28f4a332c9dcf34bcfc88c1c4fa4c5,2023-06,North Wales Police,North Wales Police,-4.256463,53.052413,On or near Ystad Coed Madog,W01000112,Gwynedd 008D,Vehicle crime,Investigation complete; no suspect identified,
1c6448449bfb6f039a0b47570c563f9393581fb9c4cd98c5f844217779ab117a,2023-06,North Wales Police,North Wales Police,-4.251183,53.054464,On or near Nantlle Road,W01000112,Gwynedd 008D,Vehicle crime,Investigation complete; no suspect identified,
af963a424939f2ca45dcda25e0c0e07d32bf3b258fd8f29246c6f068547b4004,2023-06,North Wales Police,North Wales Police,-4.249511,53.071912,On or near Parking Area,W01000112,Gwynedd 008D,Violence and sexual offences,Unable to prosecute suspect,
a590c3ca7cccb804ae23d19496a09592a99c906e09bd05732f7b6f1369ee4d5a,2023-06,North Wales Police,North Wales Police,-4.223992,53.073524,On or near Park/Open Space,W01000112,Gwynedd 008D,Violence and sexual offences,Court result unavailable,
733f2f808649b87d9cd2b00427772da01020e2e40fce2b609eac3dfed18b1054,2023-06,North Wales Police,North Wales Police,-4.231990,53.073447,On or near Lon Y Buarth,W01000112,Gwynedd 008D,Violence and sexual offences,Unable to prosecute suspect,
a19d23cbce48f0a739ef5e5f396f1227f3f2f1ebc18e98e26bce71aca1f501e8,2023-06,North Wales Police,North Wales Police,-4.256463,53.052413,On or near Ystad Coed Madog,W01000112,Gwynedd 008D,Violence and sexual offences,Unable to prosecute suspect,
687390d918537289f859c9a9b7a0df703485dcb10a4a2df7afc7e2c13f1967cc,2023-06,North Wales Police,North Wales Police,-4.223992,53.073524,On or near Park/Open Space,W01000112,Gwynedd 008D,Violence and sexual offences,Court result unavailable,
fc5e8edc9eeb701e84a3417c280a242429f0e8dcc2c78ba391db43a7be3bae66,2023-06,North Wales Police,North Wales Police,-4.223992,53.073524,On or near Park/Open Space,W01000112,Gwynedd 008D,Violence and sexual offences,Court result unavailable,
f6533a1fe80cbe93bd8810d76e4e72906d814bd4ebbf379487a0ca755b1681d9,2023-06,North Wales Police,North Wales Police,-4.223992,53.073524,On or near Park/Open Space,W01000112,Gwynedd 008D,Violence and sexual offences,Court result unavailable,
2435c9c715f334e7e7b03946f241ffd323871b92b564f61e4718a79e830e424c,2023-06,North Wales Police,North Wales Police,-3.942492,52.992739,On or near Jones Street,W01000056,Gwynedd 009A,Violence and sexual offences,Unable to prosecute suspect,
,2023-06,North Wales Police,North Wales Police,-3.941631,52.993131,On or near Dorvil Road,W01000056,Gwynedd 009A,Anti-social behaviour,,
,2023-06,North Wales Police,North Wales Police,-3.943937,52.999350,On or near Baltic Road,W01000056,Gwynedd 009A,Anti-social behaviour,,
,2023-06,North Wales Police,North Wales Police,-3.949246,52.978116,On or near Parking Area,W01000056,Gwynedd 009A,Anti-social behaviour,,
,2023-06,North Wales Police,North Wales Police,-3.940306,52.993494,On or near The Square,W01000056,Gwynedd 009A,Anti-social behaviour,,
,2023-06,North Wales Police,North Wales Police,-3.946936,52.996128,On or near Glanypwll Road,W01000056,Gwynedd 009A,Anti-social behaviour,,
,2023-06,North Wales Police,North Wales Police,-3.939565,52.995250,On or near Bowydd Street,W01000056,Gwynedd 009A,Anti-social behaviour,,
,2023-06,North Wales Police,North Wales Police,-3.938334,52.995054,On or near Cromwell Street,W01000056,Gwynedd 009A,Anti-social behaviour,,
,2023-06,North Wales Police,North Wales Police,-3.942492,52.992739,On or near Jones Street,W01000056,Gwynedd 009A,Anti-social behaviour,,
60c0b4f2df20a225f4457540cafb304f32ea7b9ce3258f72cc7bc07d7e1533d4,2023-06,North Wales Police,North Wales Police,-3.941372,52.995338,On or near Market Place,W01000056,Gwynedd 009A,Other theft,Investigation complete; no suspect identified,
026efd9cc2f96d81b4f730363048750ab224fd87c602ff273fa043f8d8bcd1a9,2023-06,North Wales Police,North Wales Police,-3.946137,52.996458,On or near Bus/Coach Station,W01000056,Gwynedd 009A,Other theft,Investigation complete; no suspect identified,
42c8a07e25797b2532a2d2996ada5a6d278854769a0a75124aee655397586420,2023-06,North Wales Police,North Wales Police,-3.942492,52.992739,On or near Jones Street,W01000056,Gwynedd 009A,Public order,Unable to prosecute suspect,
b926573a01901a79364c6c809e3930eee84c33fa757bbb5517f9f305dfee247b,2023-06,North Wales Police,North Wales Police,-3.949766,52.992869,On or near Sports/Recreation Area,W01000056,Gwynedd 009A,Violence and sexual offences,Unable to prosecute suspect,
138f8b008c60e400e28e4cffda62f9c2ffee6a1050688a97db19ca814ef1cb86,2023-06,North Wales Police,North Wales Police,-3.942492,52.992739,On or near Jones Street,W01000056,Gwynedd 009A,Violence and sexual offences,Unable to prosecute suspect,
8206019e48b2be13e8aa578e346e8d81449bec89f95277610e2efb64e90e5cb4,2023-06,North Wales Police,North Wales Police,-3.941631,52.993131,On or near Dorvil Road,W01000056,Gwynedd 009A,Violence and sexual offences,Formal action is not in the public interest,
c3980b4e324b9d58ef914d8d1331f7bfd01d7a4600531887fcc5eda4dfac9c14,2023-06,North Wales Police,North Wales Police,-3.945778,52.998538,On or near Dinas Road,W01000056,Gwynedd 009A,Violence and sexual offences,Unable to prosecute suspect,
ba6b5ca6f1e8c09705dcaf571473e1748875190f14c0a88f8ff4403edbad7c10,2023-06,North Wales Police,North Wales Police,-3.942492,52.992739,On or near Jones Street,W01000056,Gwynedd 009A,Violence and sexual offences,Status update unavailable,
df42cfb253c9e34a6a4e985902e0e2de1da19ce85adc30a64c2d0630a4e4367a,2023-06,North Wales Police,North Wales Police,-3.946066,52.998327,On or near Back Dinas Road,W01000056,Gwynedd 009A,Violence and sexual offences,Unable to prosecute suspect,
20c8b45287a19a9815f424adffd47abbcd99096312e84cf09c2704bc83992dcc,2023-06,North Wales Police,North Wales Police,-3.973137,52.989024,On or near Park/Open Space,W01000056,Gwynedd 009A,Violence and sexual offences,Unable to prosecute suspect,
359864e84b4c3e632d1df407afc7fcba46a63aeb0c8b81bab2b3d29f514a93a7,2023-06,North Wales Police,North Wales Police,-3.943026,52.994331,On or near Benar Road,W01000056,Gwynedd 009A,Violence and sexual offences,Unable to prosecute suspect,
3808c5969176f3150bc4187db57db11b3f54449320219f9175ec7c33c60d1310,2023-06,North Wales Police,North Wales Police,-3.943937,52.999350,On or near Baltic Road,W01000056,Gwynedd 009A,Violence and sexual offences,Investigation complete; no suspect identified,
49e51463672b2e03ff9597ec6af2b9149c05687f4b11468c1e4e1f279e8483d3,2023-06,North Wales Police,North Wales Police,-3.953577,52.988754,On or near Hafan Deg,W01000056,Gwynedd 009A,Violence and sexual offences,Unable to prosecute suspect,
,2023-06,North Wales Police,North Wales Police,-3.934470,52.993949,On or near Newborough Street,W01000065,Gwynedd 009B,Anti-social behaviour,,
,2023-06,North Wales Police,North Wales Police,-3.938340,52.992861,On or near Sports/Recreation Area,W01000065,Gwynedd 009B,Anti-social behaviour,,
,2023-06,North Wales Police,North Wales Police,-3.934701,52.992434,On or near Wynne Avenue,W01000065,Gwynedd 009B,Anti-social behaviour,,
,2023-06,North Wales Police,North Wales Police,-3.929019,52.991322,On or near High Street,W01000065,Gwynedd 009B,Anti-social behaviour,,
7f313930cb6acbbd83a5242e78e17fd8e89b841f3d4bfea1aae5c35e99922ebc,2023-06,North Wales Police,North Wales Police,-3.934701,52.992434,On or near Wynne Avenue,W01000065,Gwynedd 009B,Criminal damage and arson,Investigation complete; no suspect identified,
e0aad59b1b32948e16db3a02feca9fbf65ac1055278e1fdf8d28b47483d1d3f8,2023-06,North Wales Police,North Wales Police,-3.933558,52.994539,On or near Park Square,W01000065,Gwynedd 009B,Criminal damage and arson,Investigation complete; no suspect identified,
d921fa867d0c75f9e5887b15693e0177f7bddac97f4e37b4de81576383db9780,2023-06,North Wales Police,North Wales Police,-3.932282,52.994668,On or near Lord Street,W01000065,Gwynedd 009B,Public order,Investigation complete; no suspect identified,
4236b939aae612d9b508d7b1642508037c37e391f059c3e27c6dea7feb36f0c8,2023-06,North Wales Police,North Wales Police,-3.931945,52.995464,On or near New Street,W01000065,Gwynedd 009B,Violence and sexual offences,Unable to prosecute suspect,
,2023-06,North Wales Police,North Wales Police,-3.929150,52.987589,On or near Penygwndwn,W01000113,Gwynedd 009C,Anti-social behaviour,,
,2023-06,North Wales Police,North Wales Police,-3.932997,52.961301,On or near Bryn Coed,W01000113,Gwynedd 009C,Anti-social behaviour,,
,2023-06,North Wales Police,North Wales Police,-3.932997,52.961301,On or near Bryn Coed,W01000113,Gwynedd 009C,Anti-social behaviour,,
,2023-06,North Wales Police,North Wales Police,-3.928041,52.988443,On or near Maes Y Plas,W01000113,Gwynedd 009C,Anti-social behaviour,,
0bd4f36d25767b70bd92391f8bc41962f70a7ceb4e946aef06a17a3118a5f25c,2023-06,North Wales Police,North Wales Police,-3.928949,52.987080,On or near A470,W01000113,Gwynedd 009C,Criminal damage and arson,Unable to prosecute suspect,
72536244b17b5d9ff6b43acfa10c2511fa9d10ea5577701c640aeb59cdbc946a,2023-06,North Wales Police,North Wales Police,-3.928949,52.987080,On or near A470,W01000113,Gwynedd 009C,Criminal damage and arson,Investigation complete; no suspect identified,
3243eb6a4de0e1403516855fd16bc11bd698def41e2014dcce22d70497082343,2023-06,North Wales Police,North Wales Police,-3.929836,52.960525,On or near Maes Y Coed,W01000113,Gwynedd 009C,Public order,Unable to prosecute suspect,
96f090575bf90786bf8a3196254f9dbfa6b270a9e38c8101e56895194b9b87c3,2023-06,North Wales Police,North Wales Police,-3.932997,52.961301,On or near Bryn Coed,W01000113,Gwynedd 009C,Violence and sexual offences,Status update unavailable,
a3baa62c579f80d81aade3732781538a30531ed6831f1e8840ff8a493b16c6d9,2023-06,North Wales Police,North Wales Police,-3.932997,52.961301,On or near Bryn Coed,W01000113,Gwynedd 009C,Violence and sexual offences,Unable to prosecute suspect,
a99a937e17e03904fe385ab3ec04ffa577de73ab6593f9bdc3e2f5e19b702b27,2023-06,North Wales Police,North Wales Police,-3.928949,52.987080,On or near A470,W01000113,Gwynedd 009C,Violence and sexual offences,Court result unavailable,
735fb1492bf7c6003a695ff0dd0e95f6d6b7464a3e24c7ab66e1ca632bcb9f4b,2023-06,North Wales Police,North Wales Police,-3.928949,52.987080,On or near A470,W01000113,Gwynedd 009C,Violence and sexual offences,Unable to prosecute suspect,
93d801247eb841152d6b9e7374fa1492546b3cd7c6bd75bfa75a12e3a352914e,2023-06,North Wales Police,North Wales Police,-3.928949,52.987080,On or near A470,W01000113,Gwynedd 009C,Violence and sexual offences,Unable to prosecute suspect,
46456a5eec6cae54336a9cf30b4853139504c2f6f66c1d801d926fba52b0f36c,2023-06,North Wales Police,North Wales Police,-3.928949,52.987080,On or near A470,W01000113,Gwynedd 009C,Violence and sexual offences,Status update unavailable,
1660b1ba2c7d729a9730116353b8ae1867bbcdf301d2e4ad0b0e7f1208490fe6,2023-06,North Wales Police,North Wales Police,-3.929150,52.987589,On or near Penygwndwn,W01000113,Gwynedd 009C,Violence and sexual offences,Unable to prosecute suspect,
2c2b7cf1881caeaeb6ad7895b33c02a3ef0e353062d35e77b2683f1e182f7316,2023-06,North Wales Police,North Wales Police,-3.929150,52.987589,On or near Penygwndwn,W01000113,Gwynedd 009C,Violence and sexual offences,Unable to prosecute suspect,
d330f835fea25231efef40c65991c0be4df402f1f316bac8e8e9f8ffeebf64b1,2023-06,North Wales Police,North Wales Police,-3.929150,52.987589,On or near Penygwndwn,W01000113,Gwynedd 009C,Violence and sexual offences,Unable to prosecute suspect,
fb5779be9fbffe232dcacc9a95a5ce3a1bda084159ddc860ddae9d177a0ea670,2023-06,North Wales Police,North Wales Police,-3.928949,52.987080,On or near A470,W01000113,Gwynedd 009C,Violence and sexual offences,Court result unavailable,
,2023-06,North Wales Police,North Wales Police,-4.003858,52.937524,On or near Parking Area,W01000114,Gwynedd 009D,Anti-social behaviour,,
5a3bffdf6b639cfe26c765247eff72f9d4a6c77c0ef6b53bdc719429a3c0d0b7,2023-06,North Wales Police,North Wales Police,-3.958779,52.939076,On or near Parking Area,W01000114,Gwynedd 009D,Other theft,Investigation complete; no suspect identified,
0e7a4d73fae13f4e99ffdbc70ad0226a54abd1a02068694d399ff3605a07fb41,2023-06,North Wales Police,North Wales Police,-3.912729,52.858924,On or near Parking Area,W01000114,Gwynedd 009D,Violence and sexual offences,Unable to prosecute suspect,
bd46356ea1f3804e707a8ed93db94e6fa590dc492a2ab7f911fed0a8202b2cf1,2023-06,North Wales Police,North Wales Police,-3.922715,52.902372,On or near Parking Area,W01000114,Gwynedd 009D,Violence and sexual offences,Unable to prosecute suspect,
b76dbc09fbd655b00af0c477064412f72045373043b34ed095b72949e1540e48,2023-06,North Wales Police,North Wales Police,-3.922715,52.902372,On or near Parking Area,W01000114,Gwynedd 009D,Violence and sexual offences,Court result unavailable,
107ba7fa296321f6fd2c508f8c6e9fc87ff537239fb5a4c957280230df813d45,2023-06,North Wales Police,North Wales Police,-4.240342,52.972905,On or near Bro Gwgan,W01000066,Gwynedd 010A,Drugs,Court result unavailable,
40b7882729fe51c441cc97c26ba5ef3bff59a13ea1e754b8f2b3c36ec630fe4a,2023-06,North Wales Police,North Wales Police,-4.193309,52.934716,On or near Stad Hendregadredd,W01000066,Gwynedd 010A,Violence and sexual offences,Unable to prosecute suspect,
b77671db93e1969ed2cdd8b3a065cd038861106dd72e381e0de16b2f3d1e2073,2023-06,North Wales Police,North Wales Police,-4.240342,52.972905,On or near Bro Gwgan,W01000066,Gwynedd 010A,Violence and sexual offences,Unable to prosecute suspect,
e087a8dbd6f73c56e71abfcf3571ff5d5c9241fab6f21f56befd6c9c104783de,2023-06,North Wales Police,North Wales Police,-4.193309,52.934716,On or near Stad Hendregadredd,W01000066,Gwynedd 010A,Violence and sexual offences,Unable to prosecute suspect,
771c404b2b0a8595457e0770b3ec8bc3c288d95df684efd986ec0778ec264372,2023-06,North Wales Police,North Wales Police,-4.240342,52.972905,On or near Bro Gwgan,W01000066,Gwynedd 010A,Violence and sexual offences,Unable to prosecute suspect,
b812b738b049ce48c68dbd83e2852d7489b6fd68f7c1a70fd3282cce60dc28c2,2023-06,North Wales Police,North Wales Police,-4.193309,52.934716,On or near Stad Hendregadredd,W01000066,Gwynedd 010A,Violence and sexual offences,Unable to prosecute suspect,
,2023-06,North Wales Police,North Wales Police,-4.073038,52.931203,On or near Cae Mawr,W01000100,Gwynedd 010B,Anti-social behaviour,,
f2101f685ddd4fc9712c60b7c3344f6732e9a33712b3262b5539e67449602aae,2023-06,North Wales Police,North Wales Police,-4.062481,52.955132,On or near Garreg Frech,W01000100,Gwynedd 010B,Violence and sexual offences,Unable to prosecute suspect,
dfd472bdc250a96947dfc039f4e79252541ab32ba81e01ac7c2561a724412369,2023-06,North Wales Police,North Wales Police,-4.064739,52.934099,On or near Pant Heulog,W01000100,Gwynedd 010B,Violence and sexual offences,Court result unavailable,
2d50acbb8af0a31a2e7be43eaf893059c80d58c53161f4b9fc55675f69cfae61,2023-06,North Wales Police,North Wales Police,-4.132526,52.929691,On or near East Avenue,W01000105,Gwynedd 010C,Drugs,Unable to prosecute suspect,
,2023-06,North Wales Police,North Wales Police,-4.129753,52.926252,On or near Smith Street,W01000105,Gwynedd 010C,Anti-social behaviour,,
,2023-06,North Wales Police,North Wales Police,-4.129753,52.926252,On or near Smith Street,W01000105,Gwynedd 010C,Anti-social behaviour,,
,2023-06,North Wales Police,North Wales Police,-4.129753,52.926252,On or near Smith Street,W01000105,Gwynedd 010C,Anti-social behaviour,,
,2023-06,North Wales Police,North Wales Police,-4.131140,52.928125,On or near Chapel Street,W01000105,Gwynedd 010C,Anti-social behaviour,,
,2023-06,North Wales Police,North Wales Police,-4.131140,52.928125,On or near Chapel Street,W01000105,Gwynedd 010C,Anti-social behaviour,,
,2023-06,North Wales Police,North Wales Police,-4.131411,52.927284,On or near Bakers Lane,W01000105,Gwynedd 010C,Anti-social behaviour,,
7455ef6dcadad1f0d0a116049ac109b66b66dadc9202b6288e3427202087a0fb,2023-06,North Wales Police,North Wales Police,-4.136417,52.931051,On or near Parking Area,W01000105,Gwynedd 010C,Drugs,Formal action is not in the public interest,
2d50f1aba463619aac3a89ea02617360fe43c30e8c3c03402265bec215205c31,2023-06,North Wales Police,North Wales Police,-4.131140,52.928125,On or near Chapel Street,W01000105,Gwynedd 010C,Public order,Unable to prosecute suspect,
2fb9aee10fb6c53503769fe934b545eabc0bbc4a5024b53bc9874fec877912b3,2023-06,North Wales Police,North Wales Police,-4.131411,52.927284,On or near Bakers Lane,W01000105,Gwynedd 010C,Violence and sexual offences,Unable to prosecute suspect,
8110bbb61512dc1cbe78a0e5db75b00309c6494a9b5eac9a7aa5f82b0cb92c5d,2023-06,North Wales Police,North Wales Police,-4.131411,52.927284,On or near Bakers Lane,W01000105,Gwynedd 010C,Violence and sexual offences,Unable to prosecute suspect,
d52cb678e44e83a0a9f3a2ba158e48eb31a43d12dc31c160078ed02bffdae3e5,2023-06,North Wales Police,North Wales Police,-4.136848,52.931942,On or near Pensyflog,W01000105,Gwynedd 010C,Violence and sexual offences,Unable to prosecute suspect,
9b43e3e0ab8ce2915b52a9f868a536b65c6f716c3f1610d40363de8ed4849b03,2023-06,North Wales Police,North Wales Police,-4.131411,52.927284,On or near Bakers Lane,W01000105,Gwynedd 010C,Violence and sexual offences,Unable to prosecute suspect,
,2023-06,North Wales Police,North Wales Police,-4.165521,52.910474,On or near Beach Road,W01000106,Gwynedd 010D,Anti-social behaviour,,
,2023-06,North Wales Police,North Wales Police,-4.135495,52.930465,On or near Stryd Y Llan,W01000106,Gwynedd 010D,Anti-social behaviour,,
,2023-06,North Wales Police,North Wales Police,-4.172659,52.913724,On or near Main Road,W01000106,Gwynedd 010D,Anti-social behaviour,,
,2023-06,North Wales Police,North Wales Police,-4.136844,52.930296,On or near Sports/Recreation Area,W01000106,Gwynedd 010D,Anti-social behaviour,,
354447ed9ddb34cb33ca3f1a890068c5847c2dd2e93838b29982bf945a0c460f,2023-06,North Wales Police,North Wales Police,-4.136525,52.916340,On or near Seaview Terrace,W01000106,Gwynedd 010D,Other theft,Status update unavailable,
686efb7ac6ec7d4a8b16a1ddf8d92b8d5540a7567ab4387f383f9f20f0a49cc5,2023-06,North Wales Police,North Wales Police,-4.165521,52.910474,On or near Beach Road,W01000106,Gwynedd 010D,Other theft,Investigation complete; no suspect identified,
69b25f05b8b3179520370288cbb6ee7f1afc89fc0820f5e9ae2279fc8f1ba410,2023-06,North Wales Police,North Wales Police,-4.130753,52.923888,On or near Parking Area,W01000106,Gwynedd 010D,Public order,Unable to prosecute suspect,
5b46556913f0c1c4790d6e695b419c72a53134d9ef45719f5420c5bf5743e7d4,2023-06,North Wales Police,North Wales Police,-4.133976,52.928622,On or near Police Station,W01000106,Gwynedd 010D,Public order,Unable to prosecute suspect,
8dab568395d6875ecd8680d3e80a1fe931cba0ac2835aef437583ed1f15ee066,2023-06,North Wales Police,North Wales Police,-4.166003,52.914187,On or near Cae Eithen,W01000106,Gwynedd 010D,Public order,Investigation complete; no suspect identified,
aba891ff6fd17505dbfb3a23d248af578151a107308ac3485caa460d89d43013,2023-06,North Wales Police,North Wales Police,-4.165521,52.910474,On or near Beach Road,W01000106,Gwynedd 010D,Public order,Unable to prosecute suspect,
e39ca3f953b37cff3ca35a1bbd1b333bfdc3cc87b3b2466783827b8748beb5bd,2023-06,North Wales Police,North Wales Police,-4.135213,52.928969,On or near Supermarket,W01000106,Gwynedd 010D,Shoplifting,Investigation complete; no suspect identified,
c84d7f36312adc8f3e7557aebd7db113ba23ffc8a2d67fcda34d1b8739197d89,2023-06,North Wales Police,North Wales Police,-4.138237,52.928123,On or near Awel Y Grug,W01000106,Gwynedd 010D,Shoplifting,Investigation complete; no suspect identified,
dd47f52539b86f69e097e11fbd9cf7d3ef1f0b83fa3cd39106630039e455af55,2023-06,North Wales Police,North Wales Police,-4.132295,52.924382,On or near Hill Street,W01000106,Gwynedd 010D,Vehicle crime,Investigation complete; no suspect identified,
7a57047777746f2bd1d7dd76ee67f22ea625619ab5d2c9f7573d0c9eb0c96386,2023-06,North Wales Police,North Wales Police,-4.172659,52.913724,On or near Main Road,W01000106,Gwynedd 010D,Violence and sexual offences,Investigation complete; no suspect identified,
fbe78b18203fb21cac79a9115c1806939cccf4d735042874c7d3cce22f010050,2023-06,North Wales Police,North Wales Police,-4.131312,52.926485,On or near Shopping Area,W01000106,Gwynedd 010D,Violence and sexual offences,Investigation complete; no suspect identified,
db65b23360175eb054815937a1492b05c37111ee12ef9d92546c3b967c19822d,2023-06,North Wales Police,North Wales Police,-4.047874,53.035672,On or near Parking Area,W01000107,Gwynedd 010E,Burglary,Investigation complete; no suspect identified,
a30caccfad95b6b185b0417880e63943c29b01deae4a357edf03e4a5d5b24f22,2023-06,North Wales Police,North Wales Police,-4.140624,52.938213,On or near Church Street,W01000107,Gwynedd 010E,Criminal damage and arson,Investigation complete; no suspect identified,
6681430ad1c1a7cc9130c6a507dba9f838bb3c3bd081d8306bf5abaacac88e19,2023-06,North Wales Police,North Wales Police,-4.141563,52.939446,On or near Market Square,W01000107,Gwynedd 010E,Violence and sexual offences,Investigation complete; no suspect identified,
3d06f02cda51198e8dc5a32427879b81bd3069205ae9d1f0310f894d84d38387,2023-06,North Wales Police,North Wales Police,-4.144604,52.939247,On or near Dublin Street,W01000107,Gwynedd 010E,Violence and sexual offences,Unable to prosecute suspect,
f3f39a23f7bce931063211c33245f629a78e663ccc97a48e5f3c53491503766f,2023-06,North Wales Police,North Wales Police,-4.107063,52.952254,On or near Parking Area,W01000107,Gwynedd 010E,Violence and sexual offences,Unable to prosecute suspect,
f949f1baee5a185be13b6ad35852cc21108163d154a3d0ab0825ec7f6c35890c,2023-06,North Wales Police,North Wales Police,-4.101751,53.011823,On or near Stryd Smith,W01000107,Gwynedd 010E,Violence and sexual offences,Unable to prosecute suspect,
08c00a4695850d70252d824b8f7073c7db600b1e064c32d9d6c443acc6f7d8ce,2023-06,North Wales Police,North Wales Police,-4.140155,52.937745,On or near Church Street,W01000107,Gwynedd 010E,Violence and sexual offences,Unable to prosecute suspect,
884238c6f379496fce98d2635eda7e61e821084ec1f0a051c6fd65171b04d077,2023-06,North Wales Police,North Wales Police,-4.382665,52.925116,On or near Treflan,W01000047,Gwynedd 011A,Public order,Unable to prosecute suspect,
bc6f1002e962426c2f2f59938663b383d6a8e99bcac28b656aef8e1ca00ca0fe,2023-06,North Wales Police,North Wales Police,-4.383266,52.903839,On or near Glan Erch,W01000047,Gwynedd 011A,Public order,Unable to prosecute suspect,
599083f7f0f2618bd4004736b15a707300e5f2320eed60ab5d7cc3aa5b42c773,2023-06,North Wales Police,North Wales Police,-4.383823,52.925075,On or near Madog Street,W01000047,Gwynedd 011A,Public order,Investigation complete; no suspect identified,
75a4b7d30ee84048ed95c5fd35c0eae047d687efb26017417cc09b42e909a2e9,2023-06,North Wales Police,North Wales Police,-4.383823,52.925075,On or near Madog Street,W01000047,Gwynedd 011A,Public order,Local resolution,
4d96746c1799a83d3eae215f77ecd027068a42344a94513ca070cfe52d873b1c,2023-06,North Wales Police,North Wales Police,-4.402860,52.926022,On or near B4354,W01000047,Gwynedd 011A,Violence and sexual offences,Unable to prosecute suspect,
e7c5af04b3bddf1a097c8090053f4d140551e5c233ff4a762a633a5d3ef872f2,2023-06,North Wales Police,North Wales Police,-4.383823,52.925075,On or near Madog Street,W01000047,Gwynedd 011A,Violence and sexual offences,Unable to prosecute suspect,
3bca0e98ef1a25f311176f12c11422a7b51e44b38e04af91d3222f851e268b84,2023-06,North Wales Police,North Wales Police,-4.402860,52.926022,On or near B4354,W01000047,Gwynedd 011A,Violence and sexual offences,Unable to prosecute suspect,
baf1f44d0d2e60f915296a57d1463481c528693c5effea9f70287ab03e30925a,2023-06,North Wales Police,North Wales Police,-4.383429,52.903000,On or near Tan Yr Eglwys,W01000047,Gwynedd 011A,Violence and sexual offences,Status update unavailable,
,2023-06,North Wales Police,North Wales Police,-4.223762,52.920348,On or near Lon Merllyn,W01000061,Gwynedd 011B,Anti-social behaviour,,
b82e28d78301d31a88d865c5ea708ff248854c2015abfc45e22cc0f1eb028985,2023-06,North Wales Police,North Wales Police,-4.237888,52.926269,On or near Waen Helyg,W01000061,Gwynedd 011B,Criminal damage and arson,Unable to prosecute suspect,
0ff1d02f9285b52892e9690309f025314e882417b1a0c5e7fc754e1329045305,2023-06,North Wales Police,North Wales Police,-4.233023,52.918188,On or near Henbont Road,W01000061,Gwynedd 011B,Other theft,Investigation complete; no suspect identified,
af53cc65dda7f10ab69ee4e5145981c6ce9683cd460ddba3d1339ed94f85561e,2023-06,North Wales Police,North Wales Police,-4.232021,52.918656,On or near Wellington Terrace,W01000061,Gwynedd 011B,Violence and sexual offences,Further investigation is not in the public interest,
,2023-06,North Wales Police,North Wales Police,-4.423727,52.994274,On or near Croes-Higol Road,W01000078,Gwynedd 011C,Anti-social behaviour,,
,2023-06,North Wales Police,North Wales Police,-4.423727,52.994274,On or near Croes-Higol Road,W01000078,Gwynedd 011C,Anti-social behaviour,,
,2023-06,North Wales Police,North Wales Police,-4.491550,52.951097,On or near Nature'S Point,W01000078,Gwynedd 011C,Anti-social behaviour,,
,2023-06,North Wales Police,North Wales Police,-4.404931,52.976493,On or near Caellyn,W01000078,Gwynedd 011C,Anti-social behaviour,,
603a126fe29a1cfb73cfcc39c9cd2ebbf7610d91323379565bc0d7e05e4786ec,2023-06,North Wales Police,North Wales Police,-4.426602,52.993181,On or near Eifl Road,W01000078,Gwynedd 011C,Possession of weapons,Court result unavailable,
6b7bfc505d04f8c0809ab9f6b0724b3ac2a0533ae62e93ced0c727ae1a31adca,2023-06,North Wales Police,North Wales Police,-4.424218,52.992394,On or near Parking Area,W01000078,Gwynedd 011C,Public order,Investigation complete; no suspect identified,
3b5e046b34e08025ecf6916230d644bf5d01b2e13f5d0250a500955cd8306ae5,2023-06,North Wales Police,North Wales Police,-4.428203,52.993293,On or near Lime Street,W01000078,Gwynedd 011C,Violence and sexual offences,Unable to prosecute suspect,
1425649d5cc942cfa080f6c9d496f5a9d440d0bc664c8877b9ae10449cd6e8fd,2023-06,North Wales Police,North Wales Police,-4.428203,52.993293,On or near Lime Street,W01000078,Gwynedd 011C,Violence and sexual offences,Unable to prosecute suspect,
21bd488cd128682c11789ab0723b3e5bc7133f2ae7a2a484fd63c602517d1b17,2023-06,North Wales Police,North Wales Police,-4.421412,52.995238,On or near Llys Yr Eifl,W01000078,Gwynedd 011C,Violence and sexual offences,Investigation complete; no suspect identified,
5e9aad6f8267a8e49d0781e6f506eb9b8aedf02d93e7f9473962a56015d147af,2023-06,North Wales Police,North Wales Police,-4.426602,52.993181,On or near Eifl Road,W01000078,Gwynedd 011C,Violence and sexual offences,Status update unavailable,
78f7ec7450eebce794d41420431f93fc9ab58b80ce0bb62065a243f05e74d087,2023-06,North Wales Police,North Wales Police,-4.426602,52.993181,On or near Eifl Road,W01000078,Gwynedd 011C,Violence and sexual offences,Unable to prosecute suspect,
e981d986a5a92bd012b49d94457c581eda9ab634e7f7133c854597a3ca69a44d,2023-06,North Wales Police,North Wales Police,-4.404064,52.975909,On or near Maes Hyfryd,W01000078,Gwynedd 011C,Violence and sexual offences,Formal action is not in the public interest,
355291a787133a83a65b4df6ac024e91647307c22b3b1866a153983278bf275e,2023-06,North Wales Police,North Wales Police,-4.426602,52.993181,On or near Eifl Road,W01000078,Gwynedd 011C,Violence and sexual offences,Unable to prosecute suspect,
,2023-06,North Wales Police,North Wales Police,-4.329181,52.918804,On or near Bro Sion Wyn,W01000089,Gwynedd 011D,Anti-social behaviour,,
,2023-06,North Wales Police,North Wales Police,-4.379158,52.953122,On or near Park/Open Space,W01000089,Gwynedd 011D,Anti-social behaviour,,
,2023-06,North Wales Police,North Wales Police,-4.268763,52.920927,On or near Maesllwyd,W01000089,Gwynedd 011D,Anti-social behaviour,,
e56015ec05c0e124f4dfb9d820ed3358101b259f75d3dd460bf5124acca37fa5,2023-06,North Wales Police,North Wales Police,-4.336296,52.921910,On or near Ty'N-Rhos,W01000089,Gwynedd 011D,Public order,Unable to prosecute suspect,
17ff61be07a67cc68e552bc7b63f1cc1119c68b71724373a0a10c0dca0ff61a6,2023-06,North Wales Police,North Wales Police,-4.268763,52.920927,On or near Maesllwyd,W01000089,Gwynedd 011D,Public order,Investigation complete; no suspect identified,
3e1efb34b14c2bf5ef1de481eba6020aab324d2b1cdce851b4f417f860cbf11a,2023-06,North Wales Police,North Wales Police,-4.338243,52.905486,On or near Parking Area,W01000089,Gwynedd 011D,Violence and sexual offences,Unable to prosecute suspect,
,2023-06,North Wales Police,North Wales Police,-4.453022,52.896133,On or near Lon Boduan,W01000070,Gwynedd 012A,Anti-social behaviour,,
,2023-06,North Wales Police,North Wales Police,-4.452029,52.895129,On or near Parc Yr Efail,W01000070,Gwynedd 012A,Anti-social behaviour,,
92c2566922cfe4a64e17234ab30732ed22445272a48756a6811adcdd634e4ebd,2023-06,North Wales Police,North Wales Police,-4.453022,52.896133,On or near Lon Boduan,W01000070,Gwynedd 012A,Criminal damage and arson,Unable to prosecute suspect,
27bac4b1c0ead67674fa8a6e6b380d226e80068429bf72ac158b979da63fd765,2023-06,North Wales Police,North Wales Police,-4.453022,52.896133,On or near Lon Boduan,W01000070,Gwynedd 012A,Criminal damage and arson,Investigation complete; no suspect identified,
011411d4543de4a2adb53d0b5802db868f5b83176536be9818606c6c36efd0c6,2023-06,North Wales Police,North Wales Police,-4.453022,52.896133,On or near Lon Boduan,W01000070,Gwynedd 012A,Public order,Formal action is not in the public interest,
76932fa38425aa5f9d1d3a372851b87053cd0bdfa863747b7487ec79d904ae2a,2023-06,North Wales Police,North Wales Police,-4.453022,52.896133,On or near Lon Boduan,W01000070,Gwynedd 012A,Public order,Unable to prosecute suspect,
1eed6f50cb004ca01baf21863faf18de8497d45d0b000685bd836cf826c30303,2023-06,North Wales Police,North Wales Police,-4.453022,52.896133,On or near Lon Boduan,W01000070,Gwynedd 012A,Violence and sexual offences,Unable to prosecute suspect,
676927685bfd13fd7ed64ff3c91e6b790ea1523f4ee3d765177c6b191ca61caf,2023-06,North Wales Police,North Wales Police,-4.453022,52.896133,On or near Lon Boduan,W01000070,Gwynedd 012A,Violence and sexual offences,Unable to prosecute suspect,
256607ecbd74a6f9aaf74dec7f79f3b672c1bf55d0a35fe262fea06bf8277604,2023-06,North Wales Police,North Wales Police,-4.453022,52.896133,On or near Lon Boduan,W01000070,Gwynedd 012A,Violence and sexual offences,Unable to prosecute suspect,
2d1498d446ef428607e18879a6a561f0e11d193f475a37dfcd4f8aa6ed7d33db,2023-06,North Wales Police,North Wales Police,-4.453022,52.896133,On or near Lon Boduan,W01000070,Gwynedd 012A,Violence and sexual offences,Status update unavailable,
343cbff8aa1fc3d6c0e39e69430d8914531d6e10a490709d2710125f820d3ae7,2023-06,North Wales Police,North Wales Police,-4.453022,52.896133,On or near Lon Boduan,W01000070,Gwynedd 012A,Violence and sexual offences,Formal action is not in the public interest,
,2023-06,North Wales Police,North Wales Police,-4.540100,52.932346,On or near B4417,W01000094,Gwynedd 012B,Anti-social behaviour,,
4bcfc26ace794e88f19ce69ddd0a2ce139542913031cdeddb2f9882d349cc6b8,2023-06,North Wales Police,North Wales Police,-4.560358,52.925113,On or near Lon Pwll Clai,W01000094,Gwynedd 012B,Criminal damage and arson,Unable to prosecute suspect,
08a61f710e7254c54c80da6d765e0f08aff5a7788b132c58379332ddcb9291f5,2023-06,North Wales Police,North Wales Police,-4.568443,52.943803,On or near Parking Area,W01000094,Gwynedd 012B,Other theft,Investigation complete; no suspect identified,
f585b8d9d3daef0533be161ecb4e64ac58a2f078b8766fbf4f0dfe1c8b71273d,2023-06,North Wales Police,North Wales Police,-4.542008,52.929598,On or near Pen'Rorsedd,W01000094,Gwynedd 012B,Violence and sexual offences,Investigation complete; no suspect identified,
1a398575f9e8772578c5e687e895abd2409c7fdd0fbe9cb9e8ed1f1885478fea,2023-06,North Wales Police,North Wales Police,-4.560358,52.925113,On or near Lon Pwll Clai,W01000094,Gwynedd 012B,Violence and sexual offences,Unable to prosecute suspect,
84c1d1fb1c36c4fe6b828ca0c3a3c75cdd3a6e329c787f6159db5f830c9205e9,2023-06,North Wales Police,North Wales Police,-4.542008,52.929598,On or near Pen'Rorsedd,W01000094,Gwynedd 012B,Violence and sexual offences,Unable to prosecute suspect,
87b53679af0f629156de9a772f8e702f4fd48470b594fd2e87cd230d38ff3cbb,2023-06,North Wales Police,North Wales Police,-4.560358,52.925113,On or near Lon Pwll Clai,W01000094,Gwynedd 012B,Violence and sexual offences,Unable to prosecute suspect,
37834cfd14eda99c64fe334557807c4ac4dc712112a101ce7511c6764db3c5c8,2023-06,North Wales Police,North Wales Police,-4.560358,52.925113,On or near Lon Pwll Clai,W01000094,Gwynedd 012B,Violence and sexual offences,Action to be taken by another organisation,
,2023-06,North Wales Police,North Wales Police,-4.521525,52.936113,On or near Cefn Y Twr,W01000095,Gwynedd 012C,Anti-social behaviour,,
,2023-06,North Wales Police,North Wales Police,-4.521525,52.936113,On or near Cefn Y Twr,W01000095,Gwynedd 012C,Anti-social behaviour,,
,2023-06,North Wales Police,North Wales Police,-4.519694,52.936359,On or near Stryd Y Ffynnon,W01000095,Gwynedd 012C,Anti-social behaviour,,
,2023-06,North Wales Police,North Wales Police,-4.521525,52.936113,On or near Cefn Y Twr,W01000095,Gwynedd 012C,Anti-social behaviour,,
1c03b20125eb1317a6677ac648e4a45a3f2cef213835e23ef5f0f172d8325932,2023-06,North Wales Police,North Wales Police,-4.522159,52.933456,On or near Ffordd Gwenllian,W01000095,Gwynedd 012C,Other theft,Status update unavailable,
9293d6dc7c15c81369847526a47309d5f8c501bad377f6aa878cb531cb4fdd14,2023-06,North Wales Police,North Wales Police,-4.522159,52.933456,On or near Ffordd Gwenllian,W01000095,Gwynedd 012C,Other theft,Status update unavailable,
31abff5042225748def417b8566df64360669df631b236a3fa058720f39bc593,2023-06,North Wales Police,North Wales Police,-4.519692,52.934291,On or near Y Maes,W01000095,Gwynedd 012C,Robbery,Status update unavailable,
009b95e9459693d9ae51f28a100bb11e055314a32204973f80c639cb8f05469b,2023-06,North Wales Police,North Wales Police,-4.515350,52.939212,On or near Tai Lon,W01000095,Gwynedd 012C,Violence and sexual offences,Formal action is not in the public interest,
880903d72a516f96a3d7883025a23b607a3707ac983a31a854797bbd34b94a25,2023-06,North Wales Police,North Wales Police,-4.522157,52.934697,On or near Ffordd Cae Rhyg,W01000095,Gwynedd 012C,Violence and sexual offences,Unable to prosecute suspect,
80fa7af40292b20a68631cef132a735d785fb2e873a832efc705883144dbeb32,2023-06,North Wales Police,North Wales Police,-4.520173,52.934632,On or near Stryd Moreia,W01000095,Gwynedd 012C,Violence and sexual offences,Investigation complete; no suspect identified,
98f124961ee4b8abdf23c33597342d6f55b746bb62bea456228fb3555ad3530b,2023-06,North Wales Police,North Wales Police,-4.418458,52.887941,On or near Maes Square,W01000108,Gwynedd 012D,Violence and sexual offences,Unable to prosecute suspect,
,2023-06,North Wales Police,North Wales Police,-4.415828,52.888507,On or near Lon Dywod,W01000108,Gwynedd 012D,Anti-social behaviour,,
,2023-06,North Wales Police,North Wales Police,-4.413813,52.890769,On or near A497,W01000108,Gwynedd 012D,Anti-social behaviour,,
,2023-06,North Wales Police,North Wales Police,-4.416556,52.889841,On or near High Street,W01000108,Gwynedd 012D,Anti-social behaviour,,
,2023-06,North Wales Police,North Wales Police,-4.416556,52.889841,On or near High Street,W01000108,Gwynedd 012D,Anti-social behaviour,,
,2023-06,North Wales Police,North Wales Police,-4.416909,52.890301,On or near Stryd Kingshead,W01000108,Gwynedd 012D,Anti-social behaviour,,
,2023-06,North Wales Police,North Wales Police,-4.410595,52.890636,On or near Tir Tywod,W01000108,Gwynedd 012D,Anti-social behaviour,,
,2023-06,North Wales Police,North Wales Police,-4.413813,52.890769,On or near A497,W01000108,Gwynedd 012D,Anti-social behaviour,,
,2023-06,North Wales Police,North Wales Police,-4.418458,52.887941,On or near Maes Square,W01000108,Gwynedd 012D,Anti-social behaviour,,
,2023-06,North Wales Police,North Wales Police,-4.413813,52.890769,On or near A497,W01000108,Gwynedd 012D,Anti-social behaviour,,
,2023-06,North Wales Police,North Wales Police,-4.418310,52.890902,On or near Troedyrallt,W01000108,Gwynedd 012D,Anti-social behaviour,,
,2023-06,North Wales Police,North Wales Police,-4.413813,52.890769,On or near A497,W01000108,Gwynedd 012D,Anti-social behaviour,,
2bdb6cf509285b45fa7e479ed909bbc9b006e88115bb916ce925e6410cc86ee0,2023-06,North Wales Police,North Wales Police,-4.418020,52.889703,On or near Stryd-Y-Llan,W01000108,Gwynedd 012D,Burglary,Investigation complete; no suspect identified,
72da722a832c6620ad689f6ee9863741081e49afef6af7a20021ecd1a6543f17,2023-06,North Wales Police,North Wales Police,-4.416890,52.889429,On or near Market Square,W01000108,Gwynedd 012D,Criminal damage and arson,Status update unavailable,
dc8bb01ee530580d08d95308a6996e7e00096010300e572f438931efb7213d4b,2023-06,North Wales Police,North Wales Police,-4.410595,52.890636,On or near Tir Tywod,W01000108,Gwynedd 012D,Criminal damage and arson,Investigation complete; no suspect identified,
fde7d88c519ccc8847dd3d5322c73034f5d8160ec3e0e607df6cbfaeb33c93bc,2023-06,North Wales Police,North Wales Police,-4.413076,52.890073,On or near Cefn Traeth,W01000108,Gwynedd 012D,Criminal damage and arson,Status update unavailable,
c85ae001f4a16b7c3696eaec2e8de490880a57ea4499b4bdd568b96f63e11c63,2023-06,North Wales Police,North Wales Police,-4.413813,52.890769,On or near A497,W01000108,Gwynedd 012D,Other theft,Unable to prosecute suspect,
582ad649b45de789addcfc4fab2aee38a5d98e657426c3c2cd5f5eae267775a0,2023-06,North Wales Police,North Wales Police,-4.416511,52.890633,On or near Llawrgors,W01000108,Gwynedd 012D,Shoplifting,Court result unavailable,
a0d9aac69a04a6479452d823ecc5fd20ac80545784075eba86edff3aff3bae4d,2023-06,North Wales Police,North Wales Police,-4.415828,52.888507,On or near Lon Dywod,W01000108,Gwynedd 012D,Shoplifting,Investigation complete; no suspect identified,
ee30283b7962e09544c268f503985baef70995d5aa58958e25d33d6c6172aa86,2023-06,North Wales Police,North Wales Police,-4.415828,52.888507,On or near Lon Dywod,W01000108,Gwynedd 012D,Shoplifting,Investigation complete; no suspect identified,
37c8d9014665fa1927417c37f29c89a06502b2ed8e629ef3dbe471fc4366d26f,2023-06,North Wales Police,North Wales Police,-4.417218,52.888910,On or near Stryd Penlan,W01000108,Gwynedd 012D,Shoplifting,Investigation complete; no suspect identified,
786fef97769dba9d1b5913b40cf201a625a77bd64566e247de1c1e594e03775f,2023-06,North Wales Police,North Wales Police,-4.414617,52.889179,On or near Penmount Place,W01000108,Gwynedd 012D,Violence and sexual offences,Status update unavailable,
5c94909c7c55e22dfefcc913fd3d9183708f1070217c1ad2644ff0301d53b1dd,2023-06,North Wales Police,North Wales Police,-4.413813,52.890769,On or near A497,W01000108,Gwynedd 012D,Violence and sexual offences,Unable to prosecute suspect,
818d6483831de4b9444e9b98bb15e20ce29c5a348c147f7ec963349700cdcc34,2023-06,North Wales Police,North Wales Police,-4.414617,52.889179,On or near Penmount Place,W01000108,Gwynedd 012D,Violence and sexual offences,Unable to prosecute suspect,
f1c05175ef210d4139dcbb1d36631dd5e183cdc41797adab05f3a646b57bbb80,2023-06,North Wales Police,North Wales Police,-4.418458,52.887941,On or near Maes Square,W01000108,Gwynedd 012D,Violence and sexual offences,Court result unavailable,
74a0745a6170b4f9bcf434a1044c524050530c86feec48f3e1010d3c2479597b,2023-06,North Wales Police,North Wales Police,-4.410595,52.890636,On or near Tir Tywod,W01000108,Gwynedd 012D,Violence and sexual offences,Investigation complete; no suspect identified,
fa195477e5b44194338490456962ead9c5e344eb69826d5b45ca9ce7f7b8ce68,2023-06,North Wales Police,North Wales Police,-4.412848,52.891867,On or near Caernarvon Road,W01000108,Gwynedd 012D,Violence and sexual offences,Unable to prosecute suspect,
31b44ee601b2765d1a4cf993aa53e1b3c9efb4706ff7f8e9bc6a6a564c8d2c9e,2023-06,North Wales Police,North Wales Police,-4.406250,52.887883,On or near Parking Area,W01000108,Gwynedd 012D,Violence and sexual offences,Unable to prosecute suspect,
c9e304a9a6cea23e5a7b1ddc73f24e0f9997e522b916b3fb942c82527e124905,2023-06,North Wales Police,North Wales Police,-4.418458,52.887941,On or near Maes Square,W01000108,Gwynedd 012D,Violence and sexual offences,Unable to prosecute suspect,
565c0b25f227541173ca9ca08fe287564ed557d02e72e83f6384f3a4a30ca7da,2023-06,North Wales Police,North Wales Police,-4.420515,52.888321,On or near Police Station,W01000108,Gwynedd 012D,Violence and sexual offences,Status update unavailable,
51be78d0b84e580a7e1ec6fb92be1a44f748ff0c8f6a02b1e7bf738d2c8874d9,2023-06,North Wales Police,North Wales Police,-4.413813,52.890769,On or near A497,W01000108,Gwynedd 012D,Violence and sexual offences,Unable to prosecute suspect,
87a9434d781b4cae567da21839c90794a1677c35e3730b9d0fcfc596328eafbb,2023-06,North Wales Police,North Wales Police,-4.413813,52.890769,On or near A497,W01000108,Gwynedd 012D,Violence and sexual offences,Unable to prosecute suspect,
,2023-06,North Wales Police,North Wales Police,-4.413611,52.881242,On or near Parking Area,W01000109,Gwynedd 012E,Anti-social behaviour,,
,2023-06,North Wales Police,North Wales Police,-4.422248,52.880481,On or near Awel-Y-Mor,W01000109,Gwynedd 012E,Anti-social behaviour,,
,2023-06,North Wales Police,North Wales Police,-4.414328,52.882657,On or near Edward Street,W01000109,Gwynedd 012E,Anti-social behaviour,,
,2023-06,North Wales Police,North Wales Police,-4.413038,52.882162,On or near Parking Area,W01000109,Gwynedd 012E,Anti-social behaviour,,
,2023-06,North Wales Police,North Wales Police,-4.422248,52.880481,On or near Awel-Y-Mor,W01000109,Gwynedd 012E,Anti-social behaviour,,
e77f5bfb2b93ac2884911fcc44908019565f4e345327517d3eb22bdfa185bdb0,2023-06,North Wales Police,North Wales Police,-4.427856,52.879755,On or near Bro Cymerau,W01000109,Gwynedd 012E,Criminal damage and arson,Local resolution,
fd4aec6be6ea61703ff98ab77f5dc3492792ebb2f18a2c6f1535e282671c637c,2023-06,North Wales Police,North Wales Police,-4.413038,52.882162,On or near Parking Area,W01000109,Gwynedd 012E,Criminal damage and arson,Investigation complete; no suspect identified,
dc8a6b53b0410542bc8fce27b502b2bcb8e1499f224fc683f078b08a89174bde,2023-06,North Wales Police,North Wales Police,-4.413038,52.882162,On or near Parking Area,W01000109,Gwynedd 012E,Criminal damage and arson,Investigation complete; no suspect identified,
d3a4268c4db0c8b23caac472943e1fec5a0e9b3dba293aeb23c5a5fbb9f0aaf1,2023-06,North Wales Police,North Wales Police,-4.424218,52.881682,On or near Cae Solomon,W01000109,Gwynedd 012E,Other theft,Unable to prosecute suspect,
bf303fec3945f824148aac544b69212959395e3f9789468298050c8ef976b297,2023-06,North Wales Police,North Wales Police,-4.414095,52.882194,On or near Churton Street,W01000109,Gwynedd 012E,Possession of weapons,Court result unavailable,
254d73cec14e621fd999da0b399ee8b4ab007c7220709177520691a89c26285d,2023-06,North Wales Police,North Wales Police,-4.413038,52.882162,On or near Parking Area,W01000109,Gwynedd 012E,Public order,Investigation complete; no suspect identified,
3499e7de1de289ca3c2eb49576ffa306e900e29ac55041aaf3e972aca4584a12,2023-06,North Wales Police,North Wales Police,-4.422248,52.880481,On or near Awel-Y-Mor,W01000109,Gwynedd 012E,Violence and sexual offences,Unable to prosecute suspect,
8d31e3536ba917e21333db9238f959691753f148b63d4c4b82fb53aec9bce273,2023-06,North Wales Police,North Wales Police,-4.422248,52.880481,On or near Awel-Y-Mor,W01000109,Gwynedd 012E,Violence and sexual offences,Investigation complete; no suspect identified,
,2023-06,North Wales Police,North Wales Police,-4.102674,52.795358,On or near Glanrhog,W01000069,Gwynedd 013A,Anti-social behaviour,,
,2023-06,North Wales Police,North Wales Police,-4.110303,52.865587,On or near Glan Gors,W01000074,Gwynedd 013B,Anti-social behaviour,,
,2023-06,North Wales Police,North Wales Police,-4.114984,52.862249,On or near Ffordd Glan Mor,W01000074,Gwynedd 013B,Anti-social behaviour,,
cd80c79d0773edd8eb5f478782a20ed3b93d61c3f29e3b4b3244c66f41e803e1,2023-06,North Wales Police,North Wales Police,-4.110303,52.865587,On or near Glan Gors,W01000074,Gwynedd 013B,Other theft,Investigation complete; no suspect identified,
1156a430054f190ec658c7bf82d10f198693212b8157bb0eed6e8793e01200f4,2023-06,North Wales Police,North Wales Police,-4.110303,52.865587,On or near Glan Gors,W01000074,Gwynedd 013B,Violence and sexual offences,Unable to prosecute suspect,
,2023-06,North Wales Police,North Wales Police,-4.100457,52.817677,On or near Coed Artro,W01000079,Gwynedd 013C,Anti-social behaviour,,
,2023-06,North Wales Police,North Wales Police,-4.114703,52.840576,On or near Parking Area,W01000079,Gwynedd 013C,Anti-social behaviour,,
,2023-06,North Wales Police,North Wales Police,-4.100457,52.817677,On or near Coed Artro,W01000079,Gwynedd 013C,Anti-social behaviour,,
,2023-06,North Wales Police,North Wales Police,-4.064844,52.928792,On or near Parking Area,W01000101,Gwynedd 013D,Anti-social behaviour,,
,2023-06,North Wales Police,North Wales Police,-4.067930,52.931427,On or near Parking Area,W01000101,Gwynedd 013D,Anti-social behaviour,,
,2023-06,North Wales Police,North Wales Police,-4.067977,52.929907,On or near Stryd Yr Ysgol,W01000101,Gwynedd 013D,Anti-social behaviour,,
86377d69c544867e3cc11a791eeb82c41ef3563e140b87a6077b7368855291f9,2023-06,North Wales Police,North Wales Police,-4.084419,52.925906,On or near Minffordd,W01000101,Gwynedd 013D,Violence and sexual offences,Court result unavailable,
7b2de078a54a431339976130d6e7d36cab5d7542680934a0cffa50b22138de82,2023-06,North Wales Police,North Wales Police,-4.067977,52.929907,On or near Stryd Yr Ysgol,W01000101,Gwynedd 013D,Violence and sexual offences,Investigation complete; no suspect identified,
624f4fecc47c617d1332207ef91a199b32a91ba81c473d734af85127f9a55388,2023-06,North Wales Police,North Wales Police,-4.069191,52.928860,On or near Petrol Station,W01000101,Gwynedd 013D,Violence and sexual offences,Investigation complete; no suspect identified,
9eeec7cb56580c19fae49af7883eba232b9162c0a070a4b60d79c36207e0f255,2023-06,North Wales Police,North Wales Police,-4.087483,52.924647,On or near Maes-Y-Garth,W01000101,Gwynedd 013D,Violence and sexual offences,Unable to prosecute suspect,
c78dabdcc63bd7f01a29a567b5912793f115ca5ba861f6799983cc10dcc5ecc6,2023-06,North Wales Police,North Wales Police,-4.095471,52.785002,On or near Bro Arthur,W01002003,Gwynedd 013E,Criminal damage and arson,Investigation complete; no suspect identified,
ab0b3bbae731046a51f34fe7de299d5f56cdf1653cb710afa71cc93b9f29e6e0,2023-06,North Wales Police,North Wales Police,-4.111570,52.830490,On or near Parking Area,W01002003,Gwynedd 013E,Other theft,Court result unavailable,
2b230a5e5afb43e1b956c056ce50a5d06e991227e96af2d4150999f6e161b6c9,2023-06,North Wales Police,North Wales Police,-4.098773,52.820076,On or near Sports/Recreation Area,W01002003,Gwynedd 013E,Other theft,Investigation complete; no suspect identified,
abc4fac117198e6ea1a16e8266f71e6aa07ca8a84b855be8d54ed5c708c90e6e,2023-06,North Wales Police,North Wales Police,-4.096450,52.780993,On or near Y Brif Heol,W01002003,Gwynedd 013E,Public order,Investigation complete; no suspect identified,
359fccd56e1957cee295bc75c2f0b96df777b913b42475eab0bad2560f596392,2023-06,North Wales Police,North Wales Police,-4.095471,52.785002,On or near Bro Arthur,W01002003,Gwynedd 013E,Violence and sexual offences,Unable to prosecute suspect,
e7e1749bc9d95387920c215399def1576a86f28f59f3dbb3df1e13129b81348e,2023-06,North Wales Police,North Wales Police,-4.100457,52.817677,On or near Coed Artro,W01002003,Gwynedd 013E,Violence and sexual offences,Unable to prosecute suspect,
b336a79b832f7f839d31ed224851e05428b89a917f825460cf2c3ba65ad1aa33,2023-06,North Wales Police,North Wales Police,-4.088924,52.768745,On or near Parking Area,W01002003,Gwynedd 013E,Violence and sexual offences,Unable to prosecute suspect,
,2023-06,North Wales Police,North Wales Police,-4.495535,52.840308,On or near Parking Area,W01000080,Gwynedd 014C,Anti-social behaviour,,
,2023-06,North Wales Police,North Wales Police,-4.498891,52.824547,On or near Parking Area,W01000080,Gwynedd 014C,Anti-social behaviour,,
641d6c0693cf6cd851a6bd2a0d8df50b071ced110454f894f8ff8f91ae8aaf9a,2023-06,North Wales Police,North Wales Police,-4.498891,52.824547,On or near Parking Area,W01000080,Gwynedd 014C,Criminal damage and arson,Investigation complete; no suspect identified,
0a9c16a24d3aaa13e11dcda56d78bed06bb78fe0e6813054e8750ca22981b3d3,2023-06,North Wales Police,North Wales Police,-4.505965,52.823651,On or near Parking Area,W01000080,Gwynedd 014C,Public order,Unable to prosecute suspect,
2c76c03b405567f52485602ca93e756d5d54eeaa97b696eaad42aa193d79dc7b,2023-06,North Wales Police,North Wales Police,-4.504150,52.824364,On or near Petrol Station,W01000080,Gwynedd 014C,Theft from the person,Investigation complete; no suspect identified,
8c95972ebad6dc782d77d2885bba51d7f52809bd139df6991841b462ec2af911,2023-06,North Wales Police,North Wales Police,-4.498891,52.824547,On or near Parking Area,W01000080,Gwynedd 014C,Violence and sexual offences,Investigation complete; no suspect identified,
ab90a64280443b8cada0179248099350ece4d84751e11875d0611532754641a9,2023-06,North Wales Police,North Wales Police,-4.478719,52.858698,On or near Cysgod Y Cwmwd,W01000080,Gwynedd 014C,Violence and sexual offences,Unable to prosecute suspect,
b27650c52205fdcb69992e83133abe11359268fa5127c18467c2ad7c3517bbc4,2023-06,North Wales Police,North Wales Police,-4.498891,52.824547,On or near Parking Area,W01000080,Gwynedd 014C,Violence and sexual offences,Investigation complete; no suspect identified,
,2023-06,North Wales Police,North Wales Police,-4.521000,52.814395,On or near Lon Pentre Bach,W01000084,Gwynedd 014D,Anti-social behaviour,,
37b9f5607400b27704376c8e0932bf54843a34988e067a13e688d10a6453247d,2023-06,North Wales Police,North Wales Police,-4.513581,52.851436,On or near Cae Arfryn,W01000084,Gwynedd 014D,Criminal damage and arson,Investigation complete; no suspect identified,
c133e51ee7ec31d99451bb952e7edd4511d917f433f77b6bfefe63ba950e3aa7,2023-06,North Wales Police,North Wales Police,-4.504610,52.806290,On or near Lon Cernyw,W01000084,Gwynedd 014D,Vehicle crime,Investigation complete; no suspect identified,
7a369bfc0a7feb57f6b478e233438c4f8cef32c1a49588cbc51891fb748d1930,2023-06,North Wales Police,North Wales Police,-4.524005,52.846261,On or near Parciau,W01000084,Gwynedd 014D,Violence and sexual offences,Court result unavailable,
47b8e5f02410d8f747cd5f133fdd7660152a0875d99d850e07338159644897a3,2023-06,North Wales Police,North Wales Police,-4.521000,52.814395,On or near Lon Pentre Bach,W01000084,Gwynedd 014D,Violence and sexual offences,Status update unavailable,
bb40d3c63f5d6bde1080443d6fcecc5d7ca9d5deec4522593ca64cb67331b606,2023-06,North Wales Police,North Wales Police,-4.757467,52.796184,On or near Parking Area,W01001932,Gwynedd 014E,Violence and sexual offences,Unable to prosecute suspect,
,2023-06,North Wales Police,North Wales Police,-4.667344,52.874408,On or near Parking Area,W01001932,Gwynedd 014E,Anti-social behaviour,,
,2023-06,North Wales Police,North Wales Police,-4.618123,52.821382,On or near Parking Area,W01001932,Gwynedd 014E,Anti-social behaviour,,
43c41e69b197ba203b314b0bdc7c9fd96f319a781923f53ad1dbfad8bb92c0d9,2023-06,North Wales Police,North Wales Police,-4.757467,52.796184,On or near Parking Area,W01001932,Gwynedd 014E,Violence and sexual offences,Unable to prosecute suspect,
9ae101fe16a8fc6f7bc9574cd18e4b3b76982ec343fb70c53b33cf89e546cc98,2023-06,North Wales Police,North Wales Police,-4.577144,52.893854,On or near Lôn Fudur,W01001932,Gwynedd 014E,Violence and sexual offences,Investigation complete; no suspect identified,
,2023-06,North Wales Police,North Wales Police,-3.598413,52.914921,On or near Cysgod Y Coleg,W01000051,Gwynedd 015A,Anti-social behaviour,,
,2023-06,North Wales Police,North Wales Police,-3.598182,52.910662,On or near High Street,W01000051,Gwynedd 015A,Anti-social behaviour,,
bae4a634b122745e2f7c0757892b6f22d1596fcdae04244f8dfb6b81990f91ae,2023-06,North Wales Police,North Wales Police,-3.597774,52.911297,On or near Stryd Yr Eglwys,W01000051,Gwynedd 015A,Drugs,Local resolution,
7064bf1b51c24ac6d5e00ebdade4a049b2156e0b6f522dbb9b4c5fc41fb9ebfd,2023-06,North Wales Police,North Wales Police,-3.603665,52.908530,On or near Mawnog Fach,W01000051,Gwynedd 015A,Other theft,Local resolution,
b9a24cef27800f89a7bb8371900ab9b66145a5fa14b8bf6e1c1ed6a34bf3df52,2023-06,North Wales Police,North Wales Police,-3.599295,52.909802,On or near Supermarket,W01000051,Gwynedd 015A,Shoplifting,Investigation complete; no suspect identified,
74566b51bf0c613bacf4305d7c65da7686ab5c685223fd1617d5058fc1007a21,2023-06,North Wales Police,North Wales Police,-3.597017,52.910939,On or near Heol Berwyn,W01000051,Gwynedd 015A,Violence and sexual offences,Status update unavailable,
425992ab4ee1bec3ec6ca60362441eb81c981adea08f38e23b73ba760b258222,2023-06,North Wales Police,North Wales Police,-3.598182,52.910662,On or near High Street,W01000051,Gwynedd 015A,Violence and sexual offences,Unable to prosecute suspect,
01b34dd0f4fed97abf858a52068c70e83ae45005299c6c0fddae72e82bfb521f,2023-06,North Wales Police,North Wales Police,-3.598413,52.914921,On or near Cysgod Y Coleg,W01000051,Gwynedd 015A,Violence and sexual offences,Unable to prosecute suspect,
,2023-06,North Wales Police,North Wales Police,-3.692306,52.719416,On or near Wylecop Street,W01000060,Gwynedd 015B,Anti-social behaviour,,
b2d0a5ab970f82338e5fe2bb5d19d6ffb1ca06cbb9dc4c0d9e505d5b61d90f70,2023-06,North Wales Police,North Wales Police,-3.682052,52.700271,On or near Parking Area,W01000060,Gwynedd 015B,Violence and sexual offences,Unable to prosecute suspect,
,2023-06,North Wales Police,North Wales Police,-3.516824,52.921816,On or near Maes Y Priordy,W01000082,Gwynedd 015C,Anti-social behaviour,,
48b708106a10eead3a9c40e6e69860361f81e75c396924011748bee75be208c9,2023-06,North Wales Police,North Wales Police,-3.549539,52.924442,On or near Forest Road,W01000082,Gwynedd 015C,Criminal damage and arson,Investigation complete; no suspect identified,
80956a545258cc77d8a262b96d450dfae4f5fe159a64b18da031a4a8866e64dd,2023-06,North Wales Police,North Wales Police,-3.514550,52.919337,On or near Sports/Recreation Area,W01000082,Gwynedd 015C,Violence and sexual offences,Status update unavailable,
f034ccc99753ef50b24a6b97b000330fea52da9588b1425f8edce575e0fd8c43,2023-06,North Wales Police,North Wales Police,-3.637277,52.927175,On or near Cae Gwyn,W01000083,Gwynedd 015D,Other theft,Investigation complete; no suspect identified,
,2023-06,North Wales Police,North Wales Police,-4.066783,52.730066,On or near Tai'R Heli,W01000048,Gwynedd 016A,Anti-social behaviour,,
6e5355f21ae40e60ae9088fa729da7c8ded9bf808c03f229391c4c217d7efb22,2023-06,North Wales Police,North Wales Police,-4.057259,52.723138,On or near Supermarket,W01000048,Gwynedd 016A,Shoplifting,Status update unavailable,
,2023-06,North Wales Police,North Wales Police,-4.054554,52.722619,On or near Water Street,W01000049,Gwynedd 016B,Anti-social behaviour,,
,2023-06,North Wales Police,North Wales Police,-4.054753,52.722130,On or near Shopping Area,W01000049,Gwynedd 016B,Anti-social behaviour,,
,2023-06,North Wales Police,North Wales Police,-4.060766,52.723707,On or near North Avenue,W01000049,Gwynedd 016B,Anti-social behaviour,,
,2023-06,North Wales Police,North Wales Police,-4.056021,52.722009,On or near Beach Road,W01000049,Gwynedd 016B,Anti-social behaviour,,
,2023-06,North Wales Police,North Wales Police,-4.059884,52.723533,On or near South Avenue,W01000049,Gwynedd 016B,Anti-social behaviour,,
,2023-06,North Wales Police,North Wales Police,-4.065899,52.728293,On or near Heol Llewelyn,W01000049,Gwynedd 016B,Anti-social behaviour,,
,2023-06,North Wales Police,North Wales Police,-4.060766,52.723707,On or near North Avenue,W01000049,Gwynedd 016B,Anti-social behaviour,,
,2023-06,North Wales Police,North Wales Police,-4.056021,52.722009,On or near Beach Road,W01000049,Gwynedd 016B,Anti-social behaviour,,
,2023-06,North Wales Police,North Wales Police,-4.060766,52.723707,On or near North Avenue,W01000049,Gwynedd 016B,Anti-social behaviour,,
bbc5515751835b0575bc0e79dc0082e6db4309788ea87ac8622b039edad6d670,2023-06,North Wales Police,North Wales Police,-4.056331,52.722606,On or near Police Station,W01000049,Gwynedd 016B,Violence and sexual offences,Status update unavailable,
,2023-06,North Wales Police,North Wales Police,-3.849536,52.785514,On or near Dalarlas,W01000057,Gwynedd 016C,Anti-social behaviour,,
,2023-06,North Wales Police,North Wales Police,-3.984082,52.749021,On or near Parking Area,W01000057,Gwynedd 016C,Anti-social behaviour,,
3e87cc575f03614617b84609ba31bf8950277727f9dbf8c488d0b7b479fcfe2e,2023-06,North Wales Police,North Wales Police,-3.981318,52.748842,On or near Parking Area,W01000057,Gwynedd 016C,Violence and sexual offences,Unable to prosecute suspect,
59cf5e468af34fcfd5e1f1dd11ea1695a6b5fdd265af46b1c6fc7ed1d277a3b8,2023-06,North Wales Police,North Wales Police,-3.890034,52.803648,On or near Derwen Deg,W01000057,Gwynedd 016C,Violence and sexual offences,Status update unavailable,
,2023-06,North Wales Police,North Wales Police,-3.887301,52.742923,On or near Baker Street,W01000067,Gwynedd 016D,Anti-social behaviour,,
,2023-06,North Wales Police,North Wales Police,-3.887301,52.742923,On or near Baker Street,W01000067,Gwynedd 016D,Anti-social behaviour,,
,2023-06,North Wales Police,North Wales Police,-3.887301,52.742923,On or near Baker Street,W01000067,Gwynedd 016D,Anti-social behaviour,,
,2023-06,North Wales Police,North Wales Police,-3.891526,52.748790,On or near Pen Y Cefn,W01000067,Gwynedd 016D,Anti-social behaviour,,
,2023-06,North Wales Police,North Wales Police,-3.891526,52.748790,On or near Pen Y Cefn,W01000067,Gwynedd 016D,Anti-social behaviour,,
,2023-06,North Wales Police,North Wales Police,-3.885489,52.743509,On or near Bridge Street,W01000067,Gwynedd 016D,Anti-social behaviour,,
629eeaa70fe5b17591f8153ee46f863535c61e40fd59267ffaaf3318b6ad54b2,2023-06,North Wales Police,North Wales Police,-3.861191,52.746240,On or near Petrol Station,W01000067,Gwynedd 016D,Drugs,Further action is not in the public interest,
fb62bdf1524a1d0e0b94db62f50c87d55908fbf17d66e02fa8d78cde8bfd7c85,2023-06,North Wales Police,North Wales Police,-3.887301,52.742923,On or near Baker Street,W01000067,Gwynedd 016D,Drugs,Court result unavailable,
46fe7ffa2c520f437a10d3f74f0708872978e51c3f166b21ecc7cfd4ed20fb61,2023-06,North Wales Police,North Wales Police,-3.883352,52.743076,On or near English Terrace,W01000067,Gwynedd 016D,Public order,Unable to prosecute suspect,
055ee2ab27592a8cad83ab0819165d899ea33a50d8367cbcfb96e44ebd2a0196,2023-06,North Wales Police,North Wales Police,-3.853022,52.748971,On or near Parking Area,W01000067,Gwynedd 016D,Violence and sexual offences,Unable to prosecute suspect,
25dad21410685e695775f68619c282e5a5340bcec87002ff86835e256a0d7e4b,2023-06,North Wales Police,North Wales Police,-3.885150,52.743533,On or near Heol Y Dwr,W01000067,Gwynedd 016D,Violence and sexual offences,Unable to prosecute suspect,
fbce2f0f1d06116bc6d80004905262fe9b8366ca045607c42237c63037387461,2023-06,North Wales Police,North Wales Police,-3.887301,52.742923,On or near Baker Street,W01000067,Gwynedd 016D,Violence and sexual offences,Formal action is not in the public interest,
17c61a515c6110e4ed024743c92a8481f7ebc256d4732c47d7d0a3c7890bd0e9,2023-06,North Wales Police,North Wales Police,-3.885677,52.743057,On or near Queen'S Square,W01000067,Gwynedd 016D,Violence and sexual offences,Court result unavailable,
81416e2f32489111c7db942c830152b28d8302be901425bb4df76c350970e9e4,2023-06,North Wales Police,North Wales Police,-3.861191,52.746240,On or near Petrol Station,W01000067,Gwynedd 016D,Violence and sexual offences,Unable to prosecute suspect,
,2023-06,North Wales Police,North Wales Police,-3.886953,52.741040,On or near Bryn Teg,W01000068,Gwynedd 016E,Anti-social behaviour,,
,2023-06,North Wales Police,North Wales Police,-3.884798,52.742243,On or near Unicorn Lane,W01000068,Gwynedd 016E,Anti-social behaviour,,
8612e3296ca113adde5b8018a3fc900d85de2eb3951324eb60c1164269e37ce4,2023-06,North Wales Police,North Wales Police,-3.884635,52.740520,On or near Y Domen Fawr,W01000068,Gwynedd 016E,Violence and sexual offences,Investigation complete; no suspect identified,
1720a6b71055d666b7a4a1539dd72b336ba3a616faf6b2f7d4aa38e3990e2a5a,2023-06,North Wales Police,North Wales Police,-3.880573,52.738409,On or near Wenallt Uchaf,W01000068,Gwynedd 016E,Violence and sexual offences,Unable to prosecute suspect,
6d537c1270c2663343fca09e24be1396dc611aa1b97f2cd1a1de60864009385a,2023-06,North Wales Police,North Wales Police,-3.886953,52.741040,On or near Bryn Teg,W01000068,Gwynedd 016E,Violence and sexual offences,Formal action is not in the public interest,
0af828eb29979aada78e98c0c393f9d41b9390dd5bbf43ee0ac989136b1e7f6d,2023-06,North Wales Police,North Wales Police,-3.884635,52.740520,On or near Y Domen Fawr,W01000068,Gwynedd 016E,Violence and sexual offences,Unable to prosecute suspect,
57e48ff54b7221ab66445c7e845ba329e02336a130fe23969cd1e3c5b6f69853,2023-06,North Wales Police,North Wales Police,-3.886953,52.741040,On or near Bryn Teg,W01000068,Gwynedd 016E,Violence and sexual offences,Unable to prosecute suspect,
a9b31aa197470012814d27a0a4f5bdaa3731ab40016d27c5a41ad5091255918c,2023-06,North Wales Police,North Wales Police,-4.056331,52.722606,On or near Police Station,W01002004,Gwynedd 016F,Burglary,Court result unavailable,
70f8598fa446ecf95106c89ce399e1b58a0c38a179b8c0273beddf2132375076,2023-06,North Wales Police,North Wales Police,-4.056331,52.722606,On or near Police Station,W01002004,Gwynedd 016F,Violence and sexual offences,Court result unavailable,
c6ce9c67d06c194d9565ce7624822d594daeaa626a3a4dc68165894d155b0a18,2023-06,North Wales Police,North Wales Police,-4.056021,52.722009,On or near Beach Road,W01002004,Gwynedd 016F,Burglary,Unable to prosecute suspect,
436158ff1ef975fbe67557e3480727705465178a91917d1cf627d3ef6a50ffa5,2023-06,North Wales Police,North Wales Police,-4.056021,52.722009,On or near Beach Road,W01002004,Gwynedd 016F,Other theft,Investigation complete; no suspect identified,
6b399d7158b18cddd71e93b3740df122f617cd39488914916810d0d8021c59ad,2023-06,North Wales Police,North Wales Police,-4.053604,52.721934,On or near Cambrian Street,W01002004,Gwynedd 016F,Other theft,Investigation complete; no suspect identified,
c3da9b6f14e31fe9da2781cd8676b3131bd21f377099fc0cbf494ccdd977cf23,2023-06,North Wales Police,North Wales Police,-4.063057,52.731156,On or near Ffordd Llwyn Mynach,W01002004,Gwynedd 016F,Other theft,Unable to prosecute suspect,
c9e68b02e094c168c5eb139f67ef8e2d725c7e49fc3b0c0f82a291718da1f279,2023-06,North Wales Police,North Wales Police,-4.056021,52.722009,On or near Beach Road,W01002004,Gwynedd 016F,Public order,Unable to prosecute suspect,
0e9a929ec5e4670782e4eedc20ccc084e1ecda9a2e99e5e6a5b7679eee19ed06,2023-06,North Wales Police,North Wales Police,-4.057259,52.723138,On or near Supermarket,W01002004,Gwynedd 016F,Shoplifting,Unable to prosecute suspect,
e5b35b450db237977a3c2aa84b13c0ee11f4f392a580facf0561ce5288a3c385,2023-06,North Wales Police,North Wales Police,-4.056021,52.722009,On or near Beach Road,W01002004,Gwynedd 016F,Vehicle crime,Investigation complete; no suspect identified,
6c45d5c979dfe80434995f3737529919d4019c500e52d887b12f1c8f7a070117,2023-06,North Wales Police,North Wales Police,-4.057259,52.723138,On or near Supermarket,W01002004,Gwynedd 016F,Violence and sexual offences,Unable to prosecute suspect,
df4980d4284c9ab7de0b6100f020af0145e4ea05accac3f59b97d2b3aa73a560,2023-06,North Wales Police,North Wales Police,-4.056021,52.722009,On or near Beach Road,W01002004,Gwynedd 016F,Violence and sexual offences,Unable to prosecute suspect,
a88756d1b6e4feb197df84f38dc5a33899b7dcec2bc59396e273aae1e932374c,2023-06,North Wales Police,North Wales Police,-4.056153,52.721350,On or near Sports/Recreation Area,W01002004,Gwynedd 016F,Violence and sexual offences,Investigation complete; no suspect identified,
b8ab986f7b00a56e045ab553097e8af13c28b11034989f5884817f610d89dd68,2023-06,North Wales Police,North Wales Police,-4.061027,52.725168,On or near Marine Place,W01002004,Gwynedd 016F,Violence and sexual offences,Unable to prosecute suspect,
e01320a176c83cb44601a9148d11f8b38b58aa271c38af41a05926a720ba18da,2023-06,North Wales Police,North Wales Police,-4.051949,52.721369,On or near Dinas Oleu Lane,W01002004,Gwynedd 016F,Violence and sexual offences,Unable to prosecute suspect,
8b7cd66d2aee5d5d2581389740c159108262d20460e46517e97184af9afebed8,2023-06,North Wales Police,North Wales Police,-4.056021,52.722009,On or near Beach Road,W01002004,Gwynedd 016F,Violence and sexual offences,Unable to prosecute suspect,
,2023-06,North Wales Police,North Wales Police,-4.049016,52.696712,On or near Marina Avenue,W01000085,Gwynedd 017C,Anti-social behaviour,,
,2023-06,North Wales Police,North Wales Police,-4.049016,52.696712,On or near Marina Avenue,W01000085,Gwynedd 017C,Anti-social behaviour,,
,2023-06,North Wales Police,North Wales Police,-4.085196,52.665879,On or near Parking Area,W01000085,Gwynedd 017C,Anti-social behaviour,,
34e48679d4478b540e06bac03dce3c108bc2ce810ee6cc7cc424a283c5552e65,2023-06,North Wales Police,North Wales Police,-4.056100,52.699449,On or near Alyn Road,W01000085,Gwynedd 017C,Criminal damage and arson,Investigation complete; no suspect identified,
d9313b5ce804321fc7b0d0d8a579aed1a345dd76e9a24d93927df44295514b7f,2023-06,North Wales Police,North Wales Police,-4.014515,52.713353,On or near Parking Area,W01000085,Gwynedd 017C,Other theft,Investigation complete; no suspect identified,
f98b08edc82745eb187a4be11a1369724ebdcf5bd237307de2acbfc8052854ba,2023-06,North Wales Police,North Wales Police,-4.049016,52.696712,On or near Marina Avenue,W01000085,Gwynedd 017C,Violence and sexual offences,Unable to prosecute suspect,
1cacb1bba35fd513041cad645521c1cfd9e3cdb05d43f60ecac3952ca307ba97,2023-06,North Wales Police,North Wales Police,-4.071161,52.590806,On or near Hendy,W01000116,Gwynedd 017D,Criminal damage and arson,Investigation complete; no suspect identified,
eb517fbe5fa7c3b68784caba7d85a9260c0dd442a55899779513e4e61e4b502b,2023-06,North Wales Police,North Wales Police,-4.078221,52.582752,On or near Garreg Lwyd,W01000116,Gwynedd 017D,Other theft,Investigation complete; no suspect identified,
d8ca65948054374e2dd4c155c36f430f2b46c1a7da357e1430cb26af9c83a74e,2023-06,North Wales Police,North Wales Police,-4.085652,52.583817,On or near Brynhyfryd Road,W01000116,Gwynedd 017D,Public order,Unable to prosecute suspect,
813d06e8bf9e463701470b00aa4da07a31e4f5767397d2cc7b96391a0140d36e,2023-06,North Wales Police,North Wales Police,-4.081943,52.588090,On or near Pendre Gardens,W01000116,Gwynedd 017D,Violence and sexual offences,Unable to prosecute suspect,
fd08745c3d3eee68796f1340213ed80199e26ab576bd6791fc27acbf3825596a,2023-06,North Wales Police,North Wales Police,-4.081943,52.588090,On or near Pendre Gardens,W01000116,Gwynedd 017D,Violence and sexual offences,Unable to prosecute suspect,
618c3f9c129e2345e9c57518b003e1b7b6e86e0813eaa43e385473eabd25a3d4,2023-06,North Wales Police,North Wales Police,-4.081943,52.588090,On or near Pendre Gardens,W01000116,Gwynedd 017D,Violence and sexual offences,Unable to prosecute suspect,
24cab772d8e580fda4a4f5efc4140ce3533a644696ef8aef8df0a5786667219b,2023-06,North Wales Police,North Wales Police,-4.081943,52.588090,On or near Pendre Gardens,W01000116,Gwynedd 017D,Violence and sexual offences,Unable to prosecute suspect,
b22bf8fb783f8cc911590d994d9889c9862165480d7ddf7898e12fbc2b55fa12,2023-06,North Wales Police,North Wales Police,-4.085652,52.583817,On or near Brynhyfryd Road,W01000116,Gwynedd 017D,Violence and sexual offences,Status update unavailable,
cfe2cbcb9e1a2ff6f0e31e76a9d9ee7b4e1bbf8d57ffae416b75b8ddcbd96b15,2023-06,North Wales Police,North Wales Police,-4.078221,52.582752,On or near Garreg Lwyd,W01000116,Gwynedd 017D,Other crime,Investigation complete; no suspect identified,
,2023-06,North Wales Police,North Wales Police,-4.102985,52.588500,On or near Bryn Y Mor,W01000117,Gwynedd 017E,Anti-social behaviour,,
,2023-06,North Wales Police,North Wales Police,-4.093050,52.585727,On or near Bryn Awel Square,W01000117,Gwynedd 017E,Anti-social behaviour,,
,2023-06,North Wales Police,North Wales Police,-4.099106,52.588578,On or near Maes Idris,W01000117,Gwynedd 017E,Anti-social behaviour,,
42becb94c91d5dd8bff46a08a621f801b87428c3e39048e1c304a6b32085bd64,2023-06,North Wales Police,North Wales Police,-4.092025,52.584972,On or near Supermarket,W01000117,Gwynedd 017E,Criminal damage and arson,Unable to prosecute suspect,
c51f1bb67c2bdb6600dab21b1de236fe17f9b32f895445e542d79296aa7d2580,2023-06,North Wales Police,North Wales Police,-4.087088,52.593223,On or near Ffordd Gwalia Road,W01000117,Gwynedd 017E,Other theft,Investigation complete; no suspect identified,
0870d1cf6f9473e742d36d91639bfe834da43ea534f8b5d6f943c69382cd1805,2023-06,North Wales Police,North Wales Police,-4.099106,52.588578,On or near Maes Idris,W01000117,Gwynedd 017E,Public order,Unable to prosecute suspect,
2547704ca04ee68bf7127f244be405ea155eda6072e6cc49f25a2d08d3cea560,2023-06,North Wales Police,North Wales Police,-4.103490,52.591647,On or near Morfa Crescent,W01000117,Gwynedd 017E,Public order,Investigation complete; no suspect identified,
fb5c03e972eaf0f44ae528f86e3e649d5aa6e33576678ee4024952dd6560b769,2023-06,North Wales Police,North Wales Police,-4.087405,52.586861,On or near Cambrian Square,W01000117,Gwynedd 017E,Violence and sexual offences,Unable to prosecute suspect,
f5091c384e2a373d8c3ab88c91690734be7c38234b0ae846cf36621e6e9464ab,2023-06,North Wales Police,North Wales Police,-4.087405,52.586861,On or near Cambrian Square,W01000117,Gwynedd 017E,Violence and sexual offences,Local resolution,
887da3155f15dedeeb8ed18545b92dc6be6467ded003b76a6e540d1c0f5a1945,2023-06,North Wales Police,North Wales Police,-4.092532,52.582302,On or near Cader Walk,W01000117,Gwynedd 017E,Other crime,Unable to prosecute suspect,
,2023-06,North Wales Police,North Wales Police,-4.056502,52.607533,On or near Ffordd-Y-Felin,W01001933,Gwynedd 017F,Anti-social behaviour,,
,2023-06,North Wales Police,North Wales Police,-4.054989,52.609924,On or near Parking Area,W01001933,Gwynedd 017F,Anti-social behaviour,,
,2023-06,North Wales Police,North Wales Police,-4.055829,52.609874,On or near A493,W01001933,Gwynedd 017F,Anti-social behaviour,,
,2023-06,North Wales Police,North Wales Police,-4.048450,52.547036,On or near Maesnewydd,W01001933,Gwynedd 017F,Anti-social behaviour,,
,2023-06,North Wales Police,North Wales Police,-4.052536,52.609904,On or near Dol Fathew,W01001933,Gwynedd 017F,Anti-social behaviour,,
,2023-06,North Wales Police,North Wales Police,-4.055829,52.609874,On or near A493,W01001933,Gwynedd 017F,Anti-social behaviour,,
5244ce5ed7756209046cffa688c35b899555007e81e02dc75f576f2f6af73380,2023-06,North Wales Police,North Wales Police,-4.063315,52.545411,On or near Melin Ardudwy,W01001933,Gwynedd 017F,Burglary,Status update unavailable,
2db573f34595bc041fff74e3ac2875cb40c4f11acd657dd394b7d98184454bfa,2023-06,North Wales Police,North Wales Police,-4.046522,52.544911,On or near Copperhill Street,W01001933,Gwynedd 017F,Criminal damage and arson,Unable to prosecute suspect,
ceb43c89c1cd0e4e3cd8db75e165d9d840888fd83f2341ff7b0bdee0ebd2b729,2023-06,North Wales Police,North Wales Police,-4.044923,52.544453,On or near Chapel Square,W01001933,Gwynedd 017F,Criminal damage and arson,Investigation complete; no suspect identified,
8e33fea059301b6878831acc849fbff731467c06fa61d5b512ce6504e77e8a0e,2023-06,North Wales Police,North Wales Police,-4.047128,52.543669,On or near Parking Area,W01001933,Gwynedd 017F,Criminal damage and arson,Formal action is not in the public interest,
635b5f1ae4d39661c3ce5645faf3b4b9054569acb73b054e9f12b5419035ae1b,2023-06,North Wales Police,North Wales Police,-4.047128,52.543669,On or near Parking Area,W01001933,Gwynedd 017F,Criminal damage and arson,Local resolution,
78eb9ffa30058efdae69120d696e1653ce4bca2555afeb4cc53b0974b4aa605d,2023-06,North Wales Police,North Wales Police,-4.047128,52.543669,On or near Parking Area,W01001933,Gwynedd 017F,Violence and sexual offences,Unable to prosecute suspect,
7c259d652069efe96413542f39fe7b891e57ca58ce2637086e06fda50732214d,2023-06,North Wales Police,North Wales Police,-4.044433,52.544381,On or near New Street,W01001933,Gwynedd 017F,Violence and sexual offences,Unable to prosecute suspect,
16cef70e3e078fc59b6ff159435019c71eab6f890dbd9df498e4c694e98990db,2023-06,North Wales Police,North Wales Police,-4.055274,52.605595,On or near Groesffordd,W01001933,Gwynedd 017F,Violence and sexual offences,Unable to prosecute suspect,
2af6b785965078c8410de54d778c2270a8b9454edb1bafcc859f57c71c372059,2023-06,North Wales Police,North Wales Police,-4.044433,52.544381,On or near New Street,W01001933,Gwynedd 017F,Violence and sexual offences,Unable to prosecute suspect,
6d329a3027bd90c200e357ea42ae7381deb100606520f6cd19baa8b5e07058a0,2023-06,North Wales Police,North Wales Police,-4.055829,52.609874,On or near A493,W01001933,Gwynedd 017F,Violence and sexual offences,Investigation complete; no suspect identified,
50a2e20aecdf18f17a222ae0f15799734da817e84b17c32a00c0c8ddc03b4d91,2023-06,North Wales Police,North Wales Police,-4.052536,52.609904,On or near Dol Fathew,W01001933,Gwynedd 017F,Violence and sexual offences,Unable to prosecute suspect,
452e0fc77c4d6ee64f171f45788f36d459c0fa11badc65448b8db45a4d4cb0b5,2023-06,North Wales Police,North Wales Police,-4.044433,52.544381,On or near New Street,W01001933,Gwynedd 017F,Violence and sexual offences,Unable to prosecute suspect,
17293013dd391a470b358e3bad2cd257d65b4b17d0e6068aa6e005f3ee6a56b0,2023-06,North Wales Police,North Wales Police,-4.052536,52.609904,On or near Dol Fathew,W01001933,Gwynedd 017F,Violence and sexual offences,Unable to prosecute suspect,
59c2f9307d4f387934f4b3194c78e1537b8b18cbc485a5f5221436355d5a1abb,2023-06,North Wales Police,North Wales Police,-4.046263,52.545356,On or near Copperhill Walk,W01001933,Gwynedd 017F,Violence and sexual offences,Unable to prosecute suspect,
f93efe3886a5743432ff86a4b230167522d1023e26d1742ccd762cc61d64d8c6,2023-06,North Wales Police,North Wales Police,-4.047128,52.543669,On or near Parking Area,W01001933,Gwynedd 017F,Violence and sexual offences,Investigation complete; no suspect identified,
12523cefd7a7a66f477efd60b77c68e79b58e97f9df4a5586bf59e859f4928d0,2023-06,North Wales Police,North Wales Police,-4.054386,52.608712,On or near Dolithel,W01001933,Gwynedd 017F,Violence and sexual offences,Unable to prosecute suspect,
,2023-06,North Wales Police,North Wales Police,-4.334355,53.412246,On or near Parking Area,W01000003,Isle of Anglesey 001A,Anti-social behaviour,,
,2023-06,North Wales Police,North Wales Police,-4.352813,53.408053,On or near Bethesda Street,W01000003,Isle of Anglesey 001A,Anti-social behaviour,,
,2023-06,North Wales Police,North Wales Police,-4.352813,53.408053,On or near Bethesda Street,W01000003,Isle of Anglesey 001A,Anti-social behaviour,,
c51c0e6f639a179045a94b43d642eb303a8a3b571f31a5194ac8f948ebd5d41c,2023-06,North Wales Police,North Wales Police,-4.331653,53.412631,On or near Stryd Bryngwynt,W01000003,Isle of Anglesey 001A,Criminal damage and arson,Court result unavailable,
1dbd7c7dcf8d3f9415f014895ade678a0edace57c135457ef1c6749c6b32023b,2023-06,North Wales Police,North Wales Police,-4.339215,53.409211,On or near Madyn Dysw,W01000003,Isle of Anglesey 001A,Criminal damage and arson,Investigation complete; no suspect identified,
ef6e97b510c76b9b10b72e683cacc356b5215007ab6003e2dfe169b434ce0490,2023-06,North Wales Police,North Wales Police,-4.336973,53.411412,On or near Ystad Glorian,W01000003,Isle of Anglesey 001A,Other theft,Investigation complete; no suspect identified,
8d4c48ec795253c16dd6c6d9c4324c2f99469a28081038fd9f3eb2a8b4cf42f8,2023-06,North Wales Police,North Wales Police,-4.343378,53.409947,On or near Tai Copr,W01000003,Isle of Anglesey 001A,Other theft,Investigation complete; no suspect identified,
b0d49f857103cab944fb483e1391ebcba6e6de5f93455f9475e22184df4dabd3,2023-06,North Wales Police,North Wales Police,-4.343378,53.409947,On or near Tai Copr,W01000003,Isle of Anglesey 001A,Shoplifting,Investigation complete; no suspect identified,
18430cea6c098816f355b2681daff181150b6b4644e367fe2f4b03de8ef911e7,2023-06,North Wales Police,North Wales Police,-4.337267,53.412926,On or near Craig Y Don,W01000003,Isle of Anglesey 001A,Violence and sexual offences,Unable to prosecute suspect,
299f7b9ef43d8abc3cfffa328719d26ce1d8c54fc14979e9948e0829530917ef,2023-06,North Wales Police,North Wales Police,-4.345423,53.409377,On or near Glan-Yr-Afon,W01000003,Isle of Anglesey 001A,Violence and sexual offences,Unable to prosecute suspect,
5572c2fc176a41146e316ef017b676424e99c1ffaa765ddc3875147ca20dc485,2023-06,North Wales Police,North Wales Police,-4.337267,53.412926,On or near Craig Y Don,W01000003,Isle of Anglesey 001A,Violence and sexual offences,Unable to prosecute suspect,
570e7af65af701fb7a5b323b24c9fd5d807fa8c7dac7a96f4e960a98006e4038,2023-06,North Wales Police,North Wales Police,-4.337267,53.412926,On or near Craig Y Don,W01000003,Isle of Anglesey 001A,Violence and sexual offences,Unable to prosecute suspect,
406190be1b30e10b12de17de27109eac50b7b23653e23214cf23d3594cecf2b3,2023-06,North Wales Police,North Wales Police,-4.343829,53.409938,On or near Parking Area,W01000003,Isle of Anglesey 001A,Violence and sexual offences,Unable to prosecute suspect,
994964c75a5bc73e08089f1c8acf3c881b58d2fa547b6f9fa704d453cedeec50,2023-06,North Wales Police,North Wales Police,-4.332692,53.413186,On or near Sgwar Peniel,W01000003,Isle of Anglesey 001A,Violence and sexual offences,Unable to prosecute suspect,
1cb20a68a4c799e86d03f275cacdc6cd287dfd00fb96997659f27159caa483fc,2023-06,North Wales Police,North Wales Police,-4.337267,53.412926,On or near Craig Y Don,W01000003,Isle of Anglesey 001A,Violence and sexual offences,Unable to prosecute suspect,
1415c2fae6e31ae7ba92219d074f42ce9941b40b27bc50618c8342037acaff3d,2023-06,North Wales Police,North Wales Police,-4.332692,53.413186,On or near Sgwar Peniel,W01000003,Isle of Anglesey 001A,Violence and sexual offences,Unable to prosecute suspect,
b32986702d67b8da68ab90a95ec65759a36f3ee76394ff48f2086ca105fd6f3d,2023-06,North Wales Police,North Wales Police,-4.349412,53.403131,On or near Sports/Recreation Area,W01000003,Isle of Anglesey 001A,Violence and sexual offences,Unable to prosecute suspect,
a68615026ee8e4da75a2f22c0b07b0d2ad68f86776405ca7666156b1b299b13e,2023-06,North Wales Police,North Wales Police,-4.343829,53.409938,On or near Parking Area,W01000003,Isle of Anglesey 001A,Violence and sexual offences,Investigation complete; no suspect identified,
64f3d0b5f3836dc381b80acd9307b052b778449f250fee9df0be0ca8aa21a173,2023-06,North Wales Police,North Wales Police,-4.344894,53.410691,On or near Stryd Y Farchnad,W01000003,Isle of Anglesey 001A,Violence and sexual offences,Investigation complete; no suspect identified,
949ad1245b7455e852ab4be41d64f146f832b99d16b31f17b6f7a004509844fc,2023-06,North Wales Police,North Wales Police,-4.331270,53.414437,On or near Llyn Brics,W01000003,Isle of Anglesey 001A,Violence and sexual offences,Unable to prosecute suspect,
,2023-06,North Wales Police,North Wales Police,-4.352445,53.404383,On or near Maesllwyn,W01000004,Isle of Anglesey 001B,Anti-social behaviour,,
96e86c153a1c577ac7da5c1d6e1af6ec4ee5dd15f2d6c6c9290d4540e4d51667,2023-06,North Wales Police,North Wales Police,-4.352445,53.404383,On or near Maesllwyn,W01000004,Isle of Anglesey 001B,Other theft,Investigation complete; no suspect identified,
17bdaba0e1990bcd84b526727e81ce45964f0fa363fe1157192bbf967633658b,2023-06,North Wales Police,North Wales Police,-4.352445,53.404383,On or near Maesllwyn,W01000004,Isle of Anglesey 001B,Public order,Investigation complete; no suspect identified,
9a2832bd7fa4f06e14beb484dde99455d08ef273a5d2ff2f71cd1d030b8c315a,2023-06,North Wales Police,North Wales Police,-4.347848,53.411325,On or near Gwylfa Estate,W01000004,Isle of Anglesey 001B,Violence and sexual offences,Unable to prosecute suspect,
8245eb6023dabaf61bae1da3a78c7ca60c0b999d6a10102aa84f7dd95999dbf5,2023-06,North Wales Police,North Wales Police,-4.385471,53.401993,On or near Pig Y Rhos,W01000004,Isle of Anglesey 001B,Violence and sexual offences,Further investigation is not in the public interest,
ff4ed388527b34be9aeefe255299743761940e2b98c802f31d002eb34bc1e917,2023-06,North Wales Police,North Wales Police,-4.373355,53.411360,On or near Ffordd Burwen,W01000004,Isle of Anglesey 001B,Violence and sexual offences,Unable to prosecute suspect,
ed6c8c261b38c6102df702b6573d4af5848c2fc278d548135cb762b1a12add72,2023-06,North Wales Police,North Wales Police,-4.357931,53.407278,On or near Ffordd Burwen,W01000004,Isle of Anglesey 001B,Other crime,Unable to prosecute suspect,
,2023-06,North Wales Police,North Wales Police,-4.454944,53.411903,On or near Maes Cynfor,W01000018,Isle of Anglesey 001C,Anti-social behaviour,,
,2023-06,North Wales Police,North Wales Police,-4.473288,53.404134,On or near Garnedd Maes,W01000018,Isle of Anglesey 001C,Anti-social behaviour,,
,2023-06,North Wales Police,North Wales Police,-4.454944,53.411903,On or near Maes Cynfor,W01000018,Isle of Anglesey 001C,Anti-social behaviour,,
64351ed7382d8fcb30f4a9c4e9b837dc3dae3d4143b1e96ee23def97ffeb9e83,2023-06,North Wales Police,North Wales Police,-4.475194,53.404301,On or near Petrol Station,W01000018,Isle of Anglesey 001C,Burglary,Investigation complete; no suspect identified,
db5ffc7f0e5304cdeb786fd72e02f6e356227da05551374870f6445412e29619,2023-06,North Wales Police,North Wales Police,-4.450957,53.412686,On or near Bridge Street,W01000018,Isle of Anglesey 001C,Violence and sexual offences,Unable to prosecute suspect,
6bc3135fbfde00f97c9aff2b6ea616c75abfe89bf91c9c895ab57398c550d1ba,2023-06,North Wales Police,North Wales Police,-4.454944,53.411903,On or near Maes Cynfor,W01000018,Isle of Anglesey 001C,Violence and sexual offences,Investigation complete; no suspect identified,
2d3bbb7ee12cce3464ecc3044a6ee2e2b5cc81f6e4e692e686fc22df056d678d,2023-06,North Wales Police,North Wales Police,-4.457185,53.408225,On or near Stad Cae Rhun,W01000018,Isle of Anglesey 001C,Violence and sexual offences,Unable to prosecute suspect,
,2023-06,North Wales Police,North Wales Police,-4.378750,53.330865,On or near Glan Aber,W01000028,Isle of Anglesey 001D,Anti-social behaviour,,
98aac5ad50a24527aa3d73e41627f7f92e00e4c9e22358e57fad4c7cd61991b2,2023-06,North Wales Police,North Wales Police,-4.373509,53.329271,On or near Lon Cilgwyn,W01000028,Isle of Anglesey 001D,Criminal damage and arson,Unable to prosecute suspect,
feca6320c9a7248d6f068d0518319e40af2f2dcbbe9fc538e3f6a3f747e6cec3,2023-06,North Wales Police,North Wales Police,-4.376566,53.331835,On or near Twr Cuhelyn Street,W01000028,Isle of Anglesey 001D,Violence and sexual offences,Court result unavailable,
4782dc64da1a7bb5d46cc096818d79cf526d159862f55ba400b47a4ee2876e02,2023-06,North Wales Police,North Wales Police,-4.485843,53.337681,On or near Stad Yr Hen Ysgol,W01000028,Isle of Anglesey 001D,Violence and sexual offences,Unable to prosecute suspect,
79d3730748ed71e11daf1b6c71c3d9534df6b0df01aa99639f8b73a7bd6e2821,2023-06,North Wales Police,North Wales Police,-4.431034,53.373930,On or near Maes Merddyn,W01000031,Isle of Anglesey 001E,Other theft,Investigation complete; no suspect identified,
6304ac9183f37e4c24760ca03906802d5941a0883e0acd051e48e1aef64c3498,2023-06,North Wales Police,North Wales Police,-4.463605,53.376129,On or near Park/Open Space,W01000031,Isle of Anglesey 001E,Public order,Unable to prosecute suspect,
b651f173136a986cbd5a4d764c91ef3980a6d89685e7843e95e1819e7fc2a1c2,2023-06,North Wales Police,North Wales Police,-4.438494,53.380296,On or near Bus/Coach Station,W01000031,Isle of Anglesey 001E,Public order,Unable to prosecute suspect,
96ae48b577854eeeac09927da8fb420b49660277cbcfef81fd02ebae2b862b7a,2023-06,North Wales Police,North Wales Police,-4.453724,53.392544,On or near Crown Terrace,W01000031,Isle of Anglesey 001E,Violence and sexual offences,Unable to prosecute suspect,
b44e89ef1d6896e84e330c08ba2fc5aa1439e16421517c93de35257756707df0,2023-06,North Wales Police,North Wales Police,-4.458069,53.391205,On or near Stad Y Canon,W01000031,Isle of Anglesey 001E,Violence and sexual offences,Local resolution,
2c88e4ea49e88f428ebca51de1c2dac3efcbbc46393690784f65c5c3cd98c2fd,2023-06,North Wales Police,North Wales Police,-4.512645,53.408949,On or near Park/Open Space,W01000031,Isle of Anglesey 001E,Violence and sexual offences,Unable to prosecute suspect,
167f3d874e9b8e259687d6dc3f3e3ee943e007c0a63e696a6e59dde78bac1968,2023-06,North Wales Police,North Wales Police,-4.458069,53.391205,On or near Stad Y Canon,W01000031,Isle of Anglesey 001E,Violence and sexual offences,Investigation complete; no suspect identified,
af8fbf435b9ad4f537ccb0636ac11469141b7daab827e1a38f8ac8349b9a4f9d,2023-06,North Wales Police,North Wales Police,-4.266813,53.322086,On or near Lon Las,W01000010,Isle of Anglesey 002A,Other theft,Investigation complete; no suspect identified,
59a231aa04bf96431e4259a0982db59ad880b415a8b171d51a0abfa09245a202,2023-06,North Wales Police,North Wales Police,-4.226986,53.314475,On or near Garreglwyd,W01000010,Isle of Anglesey 002A,Violence and sexual offences,Unable to prosecute suspect,
501cd559f96da2f55df08e288e6de81a4c41ca3afd030d2b3b23797ef2f5d815,2023-06,North Wales Police,North Wales Police,-4.318979,53.389062,On or near Lôn Yr Hald,W01000021,Isle of Anglesey 002C,Burglary,Investigation complete; no suspect identified,
5417c8a4d0119aec4860c7f68309ff2b5b3cda06241b950bb4998fdf86951ed1,2023-06,North Wales Police,North Wales Police,-4.304880,53.364719,On or near A5025,W01000021,Isle of Anglesey 002C,Other theft,Unable to prosecute suspect,
fb8f28a583dff0e80f68832011a4d3eee4a92b7a2beae3a3b108240b9a261613,2023-06,North Wales Police,North Wales Police,-4.314662,53.390440,On or near Lon-Yr-Ysgol,W01000021,Isle of Anglesey 002C,Violence and sexual offences,Unable to prosecute suspect,
c4f592bfa5b0716d3d92a3443258269f7624b67ec02e7ada60c732df75bbbcad,2023-06,North Wales Police,North Wales Police,-4.371067,53.368348,On or near Tai Lon Newydd,W01000021,Isle of Anglesey 002C,Violence and sexual offences,Unable to prosecute suspect,
08b017492c1cc2a93969fcb89db3a4ae7d959fc973e35e6baeb68ae02573ca2f,2023-06,North Wales Police,North Wales Police,-4.337729,53.337125,On or near Lon Leidr,W01000021,Isle of Anglesey 002C,Violence and sexual offences,Local resolution,
,2023-06,North Wales Police,North Wales Police,-4.301784,53.363601,On or near Petrol Station,W01000032,Isle of Anglesey 002D,Anti-social behaviour,,
3adab4ef4ef02ec177230d9ab26606cbc7a682bb8c244923c3afcf1a1da1d6b2,2023-06,North Wales Police,North Wales Police,-4.273553,53.268670,On or near Maes-Y-Coed,W01002005,Isle of Anglesey 002E,Criminal damage and arson,Investigation complete; no suspect identified,
89e7eccb6988622a07b7fce1dbd63f34520651778e81abc1d6adbc3a804f7052,2023-06,North Wales Police,North Wales Police,-4.265330,53.269150,On or near Maes Gwyn,W01002005,Isle of Anglesey 002E,Criminal damage and arson,Investigation complete; no suspect identified,
,2023-06,North Wales Police,North Wales Police,-4.635798,53.307558,On or near Gwynfa Hill,W01000016,Isle of Anglesey 003A,Anti-social behaviour,,
,2023-06,North Wales Police,North Wales Police,-4.632964,53.311020,On or near Market Square,W01000016,Isle of Anglesey 003A,Anti-social behaviour,,
,2023-06,North Wales Police,North Wales Police,-4.635798,53.307558,On or near Gwynfa Hill,W01000016,Isle of Anglesey 003A,Anti-social behaviour,,
,2023-06,North Wales Police,North Wales Police,-4.631565,53.311941,On or near Swift Square,W01000016,Isle of Anglesey 003A,Anti-social behaviour,,
,2023-06,North Wales Police,North Wales Police,-4.635798,53.307558,On or near Gwynfa Hill,W01000016,Isle of Anglesey 003A,Anti-social behaviour,,
,2023-06,North Wales Police,North Wales Police,-4.633345,53.309159,On or near Victoria Terrace,W01000016,Isle of Anglesey 003A,Anti-social behaviour,,
,2023-06,North Wales Police,North Wales Police,-4.636558,53.308198,On or near Roberts Street,W01000016,Isle of Anglesey 003A,Anti-social behaviour,,
,2023-06,North Wales Police,North Wales Police,-4.632964,53.311020,On or near Market Square,W01000016,Isle of Anglesey 003A,Anti-social behaviour,,
,2023-06,North Wales Police,North Wales Police,-4.633782,53.311631,On or near Parking Area,W01000016,Isle of Anglesey 003A,Anti-social behaviour,,
15f16e79b7958a0dc477a1ef16c48d6ae4271d9b4aa9e2325b93b0a76fcc9202,2023-06,North Wales Police,North Wales Police,-4.634682,53.310640,On or near Parking Area,W01000016,Isle of Anglesey 003A,Criminal damage and arson,Investigation complete; no suspect identified,
0301d99c84164a83661666126482fd6f559ea88667cc53ef3988230fa8058674,2023-06,North Wales Police,North Wales Police,-4.633985,53.307607,On or near Station Street,W01000016,Isle of Anglesey 003A,Criminal damage and arson,Investigation complete; no suspect identified,
46e9189db1bcce04df0eab8f9394351b63cb414a44db0711659df5f967221d0a,2023-06,North Wales Police,North Wales Police,-4.633782,53.311631,On or near Parking Area,W01000016,Isle of Anglesey 003A,Criminal damage and arson,Investigation complete; no suspect identified,
16c3854e86d93f35fccc5d2717cbd2b9875ac399444e3ad074718199989b4b06,2023-06,North Wales Police,North Wales Police,-4.634271,53.309561,On or near Parking Area,W01000016,Isle of Anglesey 003A,Criminal damage and arson,Court result unavailable,
72dfbde36a5118a23b3f1cd37dbfaf83765dfb0a7d3d2fad94c0aee43537f598,2023-06,North Wales Police,North Wales Police,-4.633345,53.309159,On or near Victoria Terrace,W01000016,Isle of Anglesey 003A,Criminal damage and arson,Local resolution,
da3fe851aa2ebd222ba0f1509d9edf61efa6823f4cef9423a75bbe6d6835a2c3,2023-06,North Wales Police,North Wales Police,-4.631565,53.311941,On or near Swift Square,W01000016,Isle of Anglesey 003A,Criminal damage and arson,Unable to prosecute suspect,
9dc0c52476285d06db8cfb55cd11f6cae913ed72006ac6ab43b37193f8e02344,2023-06,North Wales Police,North Wales Police,-4.632964,53.311020,On or near Market Square,W01000016,Isle of Anglesey 003A,Criminal damage and arson,Unable to prosecute suspect,
3421e737f5385adf5db34cc934a5aa98479176dc665a8008884d76ed7a778ff8,2023-06,North Wales Police,North Wales Police,-4.632964,53.311020,On or near Market Square,W01000016,Isle of Anglesey 003A,Other theft,Unable to prosecute suspect,
9516a7bb34a92db6b2b8257027704a6e6f5d1eb049a6a78f23901458d771a0ef,2023-06,North Wales Police,North Wales Police,-4.637124,53.310559,On or near British Terrace,W01000016,Isle of Anglesey 003A,Possession of weapons,Unable to prosecute suspect,
d463f690f67d854f97a2645a641e22ab7d45a0dd3dea04a55ca0e450448f54cf,2023-06,North Wales Police,North Wales Police,-4.633266,53.310321,On or near Market Street,W01000016,Isle of Anglesey 003A,Public order,Unable to prosecute suspect,
7e22e40d3f5d066e3508f9f4ce9a4531551a63c3662cf710c1b04b07860d35d0,2023-06,North Wales Police,North Wales Police,-4.633308,53.307092,On or near Holborn Close,W01000016,Isle of Anglesey 003A,Vehicle crime,Investigation complete; no suspect identified,
ec2b0e84405916c66172043f645711d656ff993f5360ab01f87a537381b945ad,2023-06,North Wales Police,North Wales Police,-4.633308,53.307092,On or near Holborn Close,W01000016,Isle of Anglesey 003A,Violence and sexual offences,Investigation complete; no suspect identified,
7b94de9dbdbcf7d24f1d3bdea4c382aec5ae0f10651e39338a80e46a7de2a198,2023-06,North Wales Police,North Wales Police,-4.632964,53.311020,On or near Market Square,W01000016,Isle of Anglesey 003A,Violence and sexual offences,Unable to prosecute suspect,
aa6fd078f74c00772c796df460f2f9629ddb22f25e45c9e95c78389c11b0aaf3,2023-06,North Wales Police,North Wales Police,-4.633345,53.309159,On or near Victoria Terrace,W01000016,Isle of Anglesey 003A,Violence and sexual offences,Unable to prosecute suspect,
2b6219a12d93369191968bb88c1677724e566685088a105679c59b84a72291e1,2023-06,North Wales Police,North Wales Police,-4.632964,53.311020,On or near Market Square,W01000016,Isle of Anglesey 003A,Violence and sexual offences,Unable to prosecute suspect,
9b8452d69e3d195f2641cdb603840519d8a56239d72c650cc336aa25fbfff998,2023-06,North Wales Police,North Wales Police,-4.637546,53.307663,On or near Ffordd Wynfa,W01000016,Isle of Anglesey 003A,Violence and sexual offences,Unable to prosecute suspect,
d26b9740a45a4a35781c5bd320269fa94b1d4b9502732b9fa8d5b945f538e765,2023-06,North Wales Police,North Wales Police,-4.632964,53.311020,On or near Market Square,W01000016,Isle of Anglesey 003A,Violence and sexual offences,Unable to prosecute suspect,
c1779800328ed55e63e30700b0bd70e5eac48967643119b7ca639edd4dd178c9,2023-06,North Wales Police,North Wales Police,-4.634271,53.309561,On or near Parking Area,W01000016,Isle of Anglesey 003A,Violence and sexual offences,Unable to prosecute suspect,
6cfb576846bf4e2270308070dd4c7a72ca57694597cd387f19ae0037fad5787d,2023-06,North Wales Police,North Wales Police,-4.635798,53.307558,On or near Gwynfa Hill,W01000016,Isle of Anglesey 003A,Violence and sexual offences,Unable to prosecute suspect,
74e1e3de6f74aa9c4c2702824a4a04d172b06b8deb578e50776bb65e013edd54,2023-06,North Wales Police,North Wales Police,-4.637124,53.310559,On or near British Terrace,W01000016,Isle of Anglesey 003A,Violence and sexual offences,Investigation complete; no suspect identified,
a1e2129a506469e674049ca0c635d9fb31305de6757d90bec01a73bacacc1250,2023-06,North Wales Police,North Wales Police,-4.633266,53.310321,On or near Market Street,W01000016,Isle of Anglesey 003A,Violence and sexual offences,Unable to prosecute suspect,
f4b737c5ffa5526ae3906c4dc08aa1b051bbfa767b4e6a0ca4d6f1e2f64f56de,2023-06,North Wales Police,North Wales Police,-4.633266,53.310321,On or near Market Street,W01000016,Isle of Anglesey 003A,Violence and sexual offences,Unable to prosecute suspect,
4e3c4e675d4936ef958c118a5d496d8659e9bc7f9fa283d3a6460e7eef9789c6,2023-06,North Wales Police,North Wales Police,-4.632964,53.311020,On or near Market Square,W01000016,Isle of Anglesey 003A,Violence and sexual offences,Court result unavailable,
4e27edd89b2cc5c9c5be56ff36064a12e313d7ff3463f9ae1d16410a4bba7a4b,2023-06,North Wales Police,North Wales Police,-4.633602,53.309432,On or near Further/Higher Educational Building,W01000016,Isle of Anglesey 003A,Violence and sexual offences,Investigation complete; no suspect identified,
99e2fa79411357ff31d60862fcf4496d8176babf272132724530ce3b09b8d5c7,2023-06,North Wales Police,North Wales Police,-4.634271,53.309561,On or near Parking Area,W01000016,Isle of Anglesey 003A,Violence and sexual offences,Investigation complete; no suspect identified,
4bdb0e09d60e352154fbe364e54bd17cbc64de1efb7ac4177a22f195f44a94a2,2023-06,North Wales Police,North Wales Police,-4.633602,53.309432,On or near Further/Higher Educational Building,W01000016,Isle of Anglesey 003A,Violence and sexual offences,Unable to prosecute suspect,
8146740edb7b2271cf7098bff1757883d77ac2d2d04b2f1e6f27046ea998a75b,2023-06,North Wales Police,North Wales Police,-4.635798,53.307558,On or near Gwynfa Hill,W01000016,Isle of Anglesey 003A,Violence and sexual offences,Unable to prosecute suspect,
5b3ca4caa0781708a447961f818d201e28ad18f6b2e4699d4b1d097d20f9fdcd,2023-06,North Wales Police,North Wales Police,-4.635798,53.307558,On or near Gwynfa Hill,W01000016,Isle of Anglesey 003A,Violence and sexual offences,Unable to prosecute suspect,
71d100dc81c2921f6b2bbbbdb27ddbdd8b501702d3323192350b7331375b4fad,2023-06,North Wales Police,North Wales Police,-4.633607,53.304882,On or near Cleveland Avenue,W01000017,Isle of Anglesey 003B,Bicycle theft,Unable to prosecute suspect,
bc4c91f18a72ac77b67d2a5ec9d70c4df06862ce8c11fa20f034de235d039ce5,2023-06,North Wales Police,North Wales Police,-4.633607,53.304882,On or near Cleveland Avenue,W01000017,Isle of Anglesey 003B,Bicycle theft,Unable to prosecute suspect,
d51d3a6c1c02fef5a9c381f128eebb51fa8ac111f89bfcfcce09416d1ea16264,2023-06,North Wales Police,North Wales Police,-4.636506,53.298344,On or near Cae Rhos,W01000017,Isle of Anglesey 003B,Criminal damage and arson,Investigation complete; no suspect identified,
a7f490ab0150c6f3f99d2ef7a133a5ad2228e51cf45a2ebf49fdfb32344accaa,2023-06,North Wales Police,North Wales Police,-4.629408,53.303482,On or near Parking Area,W01000017,Isle of Anglesey 003B,Public order,Unable to prosecute suspect,
2c9cc3c59eabb6610d7fe173a88f1a4d38f7de818c521624bf067015e8039123,2023-06,North Wales Police,North Wales Police,-4.629408,53.303482,On or near Parking Area,W01000017,Isle of Anglesey 003B,Shoplifting,Investigation complete; no suspect identified,
821ef206db3b37c04a11689c879c7dea86072dc05dd4e878041b7713ce5ad03c,2023-06,North Wales Police,North Wales Police,-4.629408,53.303482,On or near Parking Area,W01000017,Isle of Anglesey 003B,Shoplifting,Investigation complete; no suspect identified,
c292bfab37ff67bf26f2681250e41fabab8db5b37294b498e394d7e4c6acfe4b,2023-06,North Wales Police,North Wales Police,-4.629408,53.303482,On or near Parking Area,W01000017,Isle of Anglesey 003B,Shoplifting,Court result unavailable,
e00ef162d6927a7499d6d08e8d33e741377704246cbda4eddf2105f035cf1e46,2023-06,North Wales Police,North Wales Police,-4.634729,53.304579,On or near Cleveland Crescent,W01000017,Isle of Anglesey 003B,Violence and sexual offences,Unable to prosecute suspect,
7a1144ee55b2c0b9e9df2549855b8ae30a0dfbc528c76e443b2a72195d42373e,2023-06,North Wales Police,North Wales Police,-4.631170,53.303084,On or near Maes Y Brenin,W01000017,Isle of Anglesey 003B,Violence and sexual offences,Court result unavailable,
65461c77e8a03cae193bbd058bf1af7953208c02278adc1a11130a12a9c8b375,2023-06,North Wales Police,North Wales Police,-4.631420,53.297387,On or near Mill Road,W01000017,Isle of Anglesey 003B,Violence and sexual offences,Further investigation is not in the public interest,
ae0888869a21a9551548094cc552ffcb5b8d32c02eb6d25399d6a4078834db89,2023-06,North Wales Police,North Wales Police,-4.630546,53.299528,On or near Nant Y Felin,W01000017,Isle of Anglesey 003B,Violence and sexual offences,Unable to prosecute suspect,
d864554eb5d4b5383b0203013dd241f6116c6d977ec0a0c445ee70c5470e1f1a,2023-06,North Wales Police,North Wales Police,-4.635112,53.295930,On or near Mill Road,W01000017,Isle of Anglesey 003B,Violence and sexual offences,Status update unavailable,
,2023-06,North Wales Police,North Wales Police,-4.626124,53.304508,On or near Garden Place,W01000029,Isle of Anglesey 003C,Anti-social behaviour,,
,2023-06,North Wales Police,North Wales Police,-4.625768,53.302870,On or near Gerddi Canada,W01000029,Isle of Anglesey 003C,Anti-social behaviour,,
,2023-06,North Wales Police,North Wales Police,-4.630805,53.306185,On or near Holyhead,W01000029,Isle of Anglesey 003C,Anti-social behaviour,,
,2023-06,North Wales Police,North Wales Police,-4.627880,53.305737,On or near Cecil Street,W01000029,Isle of Anglesey 003C,Anti-social behaviour,,
2889090d6f0f8a4650991408577fd579a4d0a68fd641eeaf31a108fe61d4c5e0,2023-06,North Wales Police,North Wales Police,-4.619528,53.300742,On or near A5153,W01000029,Isle of Anglesey 003C,Other theft,Investigation complete; no suspect identified,
9d65f286f2d9469e2fd9ae40eb09de3318dfadb97e9ad899dc164f76399349cf,2023-06,North Wales Police,North Wales Police,-4.628022,53.306822,On or near Priory Close,W01000029,Isle of Anglesey 003C,Shoplifting,Unable to prosecute suspect,
c9e4cf68bc8de4eaa0a08a16dbe151c9a4c89ce1aa81e86100b32877c5f4abff,2023-06,North Wales Police,North Wales Police,-4.619528,53.300742,On or near A5153,W01000029,Isle of Anglesey 003C,Vehicle crime,Investigation complete; no suspect identified,
a1f5b6aad439f56049f0f2edc3ab90865fd6a13b944f0d1fcfc79c0746e71c33,2023-06,North Wales Police,North Wales Police,-4.629211,53.306130,On or near Hedsor Street,W01000029,Isle of Anglesey 003C,Violence and sexual offences,Investigation complete; no suspect identified,
e00de8c409e3be61689e5c19694d5b004846f4fe7d7cb0e231f72ba262c699a2,2023-06,North Wales Police,North Wales Police,-4.627210,53.305581,On or near Gilbert Street,W01000029,Isle of Anglesey 003C,Violence and sexual offences,Unable to prosecute suspect,
21ca059ec5e044b875a629b402ca93cc25c3c149946154536135594bd1b8aff4,2023-06,North Wales Police,North Wales Police,-4.626124,53.304508,On or near Garden Place,W01000029,Isle of Anglesey 003C,Violence and sexual offences,Investigation complete; no suspect identified,
4d4b17dbaca84dcca41466ab7eab9a1fc5893323089082d32f4263b54e51a732,2023-06,North Wales Police,North Wales Police,-4.617554,53.301828,On or near Petrol Station,W01000029,Isle of Anglesey 003C,Other crime,Unable to prosecute suspect,
,2023-06,North Wales Police,North Wales Police,-4.633295,53.306400,On or near Rhos-Y-Gaer Avenue,W01000030,Isle of Anglesey 003D,Anti-social behaviour,,
,2023-06,North Wales Police,North Wales Police,-4.638861,53.309990,On or near Vulcan Street,W01000030,Isle of Anglesey 003D,Anti-social behaviour,,
,2023-06,North Wales Police,North Wales Police,-4.639116,53.310227,On or near Seiriol Street,W01000030,Isle of Anglesey 003D,Anti-social behaviour,,
,2023-06,North Wales Police,North Wales Police,-4.638307,53.308312,On or near Mill Bank,W01000030,Isle of Anglesey 003D,Anti-social behaviour,,
,2023-06,North Wales Police,North Wales Police,-4.641918,53.310147,On or near Maes Cybi,W01000030,Isle of Anglesey 003D,Anti-social behaviour,,
,2023-06,North Wales Police,North Wales Police,-4.633295,53.306400,On or near Rhos-Y-Gaer Avenue,W01000030,Isle of Anglesey 003D,Anti-social behaviour,,
,2023-06,North Wales Police,North Wales Police,-4.633875,53.305335,On or near King'S Road,W01000030,Isle of Anglesey 003D,Anti-social behaviour,,
,2023-06,North Wales Police,North Wales Police,-4.633295,53.306400,On or near Rhos-Y-Gaer Avenue,W01000030,Isle of Anglesey 003D,Anti-social behaviour,,
d55669cb5690fff5420ed066dab2424ebeeeed19dbfee23b916348a520bf0e37,2023-06,North Wales Police,North Wales Police,-4.635459,53.301569,On or near Treseifion Estate,W01000030,Isle of Anglesey 003D,Burglary,Investigation complete; no suspect identified,
f9094391e4cc339ef85ee909701712f3f27af8ebba9a3f7f18fec00238729b84,2023-06,North Wales Police,North Wales Police,-4.633654,53.306859,On or near Herbert Street,W01000030,Isle of Anglesey 003D,Criminal damage and arson,Investigation complete; no suspect identified,
d03325506804262744fa6a049663c8de783d27a75ea9b9e4a4de1ded5b72cb7d,2023-06,North Wales Police,North Wales Police,-4.637279,53.309657,On or near Ty'N Parc,W01000030,Isle of Anglesey 003D,Criminal damage and arson,Investigation complete; no suspect identified,
55e04b6b2127c52d08d018db1c5ade973230da65b6b42890efc9eaa6074ec8b7,2023-06,North Wales Police,North Wales Police,-4.633654,53.306859,On or near Herbert Street,W01000030,Isle of Anglesey 003D,Criminal damage and arson,Investigation complete; no suspect identified,
164518579a2be1c70abdc25977b4273da524d47e90f3c5ef392d96a7ffd86f0c,2023-06,North Wales Police,North Wales Police,-4.638861,53.309990,On or near Vulcan Street,W01000030,Isle of Anglesey 003D,Criminal damage and arson,Formal action is not in the public interest,
e112d9c2636d1cb697eb8d7529ad9ef8f2ce435e5b6685a5e4ca0bc0d4e21e9d,2023-06,North Wales Police,North Wales Police,-4.634925,53.306301,On or near Roland Street,W01000030,Isle of Anglesey 003D,Criminal damage and arson,Unable to prosecute suspect,
faff99db30d401f6225ef2651495dd704b53dbe3683d5fff5ba93dc8d2ad2242,2023-06,North Wales Police,North Wales Police,-4.633654,53.306859,On or near Herbert Street,W01000030,Isle of Anglesey 003D,Drugs,Court result unavailable,
62ecbe0128eb6a83a051f8ecae0061d76afdf874c3a7e2fc8aa106274c8e91dd,2023-06,North Wales Police,North Wales Police,-4.638861,53.309990,On or near Vulcan Street,W01000030,Isle of Anglesey 003D,Public order,Unable to prosecute suspect,
7db1cf49d1d9694cabe76afd1a9bbfcc1a7a29c79d1efdb09ca06a44ed51ed50,2023-06,North Wales Police,North Wales Police,-4.634925,53.306301,On or near Roland Street,W01000030,Isle of Anglesey 003D,Vehicle crime,Investigation complete; no suspect identified,
bc3dcc711bae0bc722f8e9a484c152587fb75d921ff8ff83c89f98b6025f8dce,2023-06,North Wales Police,North Wales Police,-4.638861,53.309990,On or near Vulcan Street,W01000030,Isle of Anglesey 003D,Violence and sexual offences,Status update unavailable,
aed2c3ac42c3633910bba5b0eb65a5c8ab002a3540156bf29568d6859c8deecd,2023-06,North Wales Police,North Wales Police,-4.637522,53.304841,On or near Tara Street,W01000030,Isle of Anglesey 003D,Violence and sexual offences,Unable to prosecute suspect,
cea023e73d229df69adbe9b3c3732c59bf205313eebedeeb29f6790ba5e1da22,2023-06,North Wales Police,North Wales Police,-4.635870,53.302638,On or near Treseifion Road,W01000030,Isle of Anglesey 003D,Violence and sexual offences,Unable to prosecute suspect,
304e78345c28b3a3c8dc9a7a83ef5d85c791cf7ca28b7b66d0cff45677928c05,2023-06,North Wales Police,North Wales Police,-4.638307,53.308312,On or near Mill Bank,W01000030,Isle of Anglesey 003D,Violence and sexual offences,Unable to prosecute suspect,
0a56bab7d7247cc5ce1ce4b3371cf8fa1cbbfbfbc48b5862c776a528c99427a6,2023-06,North Wales Police,North Wales Police,-4.641918,53.310147,On or near Maes Cybi,W01000030,Isle of Anglesey 003D,Violence and sexual offences,Unable to prosecute suspect,
922dc28292cfbcb146034e813dc7cbf96e58c6ff7092535f077f3cc7f97598a2,2023-06,North Wales Police,North Wales Police,-4.638861,53.309990,On or near Vulcan Street,W01000030,Isle of Anglesey 003D,Violence and sexual offences,Status update unavailable,
dd0755c577fc7612f08bf781157ebbaae8a597dae9cc43beaa6c0bb0a48f9ce8,2023-06,North Wales Police,North Wales Police,-4.633654,53.306859,On or near Herbert Street,W01000030,Isle of Anglesey 003D,Violence and sexual offences,Unable to prosecute suspect,
8d8123601eaec16f6e5a5f734e77ce053cda945ead368cc15c12fa1a1668095f,2023-06,North Wales Police,North Wales Police,-4.637522,53.304841,On or near Tara Street,W01000030,Isle of Anglesey 003D,Violence and sexual offences,Unable to prosecute suspect,
27182497ec3c52c5e3c3f2e19c1287b42aad28063bf72c3edf0b2622a3831bae,2023-06,North Wales Police,North Wales Police,-4.637522,53.304841,On or near Tara Street,W01000030,Isle of Anglesey 003D,Violence and sexual offences,Unable to prosecute suspect,
a528e399f08dd746b4f4f03d0a77ac938664a67ceb4c8a15331f08e01aeb63c6,2023-06,North Wales Police,North Wales Police,-4.635459,53.301569,On or near Treseifion Estate,W01000030,Isle of Anglesey 003D,Violence and sexual offences,Further investigation is not in the public interest,
51dd56714256a8781e78decddb917b44c96771a60258b173e598c3a82c2c53a7,2023-06,North Wales Police,North Wales Police,-4.633654,53.306859,On or near Herbert Street,W01000030,Isle of Anglesey 003D,Violence and sexual offences,Unable to prosecute suspect,
859a16c7e9f8af8c08bca81022fb51f476d0f83f761d5944e28013702d41f105,2023-06,North Wales Police,North Wales Police,-4.638861,53.309990,On or near Vulcan Street,W01000030,Isle of Anglesey 003D,Violence and sexual offences,Unable to prosecute suspect,
f16c4c511e746481215dd40a139ced1cfb9b6c2daf050ae16c9bb60b3beda524,2023-06,North Wales Police,North Wales Police,-4.644880,53.309488,On or near Garreglwyd Park,W01000030,Isle of Anglesey 003D,Violence and sexual offences,Unable to prosecute suspect,
622ad6ed8c7630ca223b72dd5390c6a69695c812281a59881558136d09d36432,2023-06,North Wales Police,North Wales Police,-4.635870,53.302638,On or near Treseifion Road,W01000030,Isle of Anglesey 003D,Violence and sexual offences,Unable to prosecute suspect,
d0c483a9e94843e940884971ce98db72db0f30f178ecec20d745d4947d788cdd,2023-06,North Wales Police,North Wales Police,-4.641918,53.310147,On or near Maes Cybi,W01000030,Isle of Anglesey 003D,Violence and sexual offences,Unable to prosecute suspect,
b9ba941a91c88b8282e2b07acceb712d1417568d16ae8364bea2418783d75e2b,2023-06,North Wales Police,North Wales Police,-4.639971,53.307052,On or near Felin Wen,W01000030,Isle of Anglesey 003D,Other crime,Investigation complete; no suspect identified,
a007f48399272bafd8db90f976f01a63d16457acc8cb1190c20f5e2e7c89c390,2023-06,North Wales Police,North Wales Police,-4.633654,53.306859,On or near Herbert Street,W01000030,Isle of Anglesey 003D,Other crime,Unable to prosecute suspect,
faa01f653cd789f56094c24cf0e8468f2b8feccf8095de19011be9774b65ad11,2023-06,North Wales Police,North Wales Police,-4.641918,53.310147,On or near Maes Cybi,W01000030,Isle of Anglesey 003D,Other crime,Unable to prosecute suspect,
a90aeb894883b70c60e19b05db131f55cb6ae68678e1c1c645d25c026e5bfe64,2023-06,North Wales Police,North Wales Police,-4.621150,53.307117,On or near Bryn Glas Close,W01000033,Isle of Anglesey 003E,Violence and sexual offences,Court result unavailable,
0e87acb7f226698dbd0eeb66a6bce5994692abbad31ea261a70cc0e94ae336b7,2023-06,North Wales Police,North Wales Police,-4.621002,53.307885,On or near Morawelon Road,W01000033,Isle of Anglesey 003E,Violence and sexual offences,Unable to prosecute suspect,
,2023-06,North Wales Police,North Wales Police,-4.625602,53.307999,On or near Harbour View,W01000033,Isle of Anglesey 003E,Anti-social behaviour,,
,2023-06,North Wales Police,North Wales Police,-4.618696,53.308475,On or near Peibio Close,W01000033,Isle of Anglesey 003E,Anti-social behaviour,,
a8cd60fd7ddb0b098051219d00fc3165368a182f4f99958abed6ed38f733c1f1,2023-06,North Wales Police,North Wales Police,-4.628972,53.309336,On or near Ferry Terminal,W01000033,Isle of Anglesey 003E,Criminal damage and arson,Investigation complete; no suspect identified,
f30e9c5bf8cb61308f551d6bcb494299ac6da9518b2870a3977559c626454a93,2023-06,North Wales Police,North Wales Police,-4.628793,53.308855,On or near Parking Area,W01000033,Isle of Anglesey 003E,Criminal damage and arson,Investigation complete; no suspect identified,
311c9aafc5944ebd927179dc169ce5e19e18815c3fdadc490d1197d412ec6096,2023-06,North Wales Police,North Wales Police,-4.618947,53.307426,On or near Nimrod Walk,W01000033,Isle of Anglesey 003E,Other theft,Investigation complete; no suspect identified,
ad1142cfd5323e3e4e450689d0a8cb2b40d392e2c103606bb3666468aa75c2f9,2023-06,North Wales Police,North Wales Police,-4.622963,53.308048,On or near Ffordd Tudur,W01000033,Isle of Anglesey 003E,Other theft,Investigation complete; no suspect identified,
e5efc2fff9ed6206eefe1a00561792c2f27a97b8f76a86c41819d6f145e68c56,2023-06,North Wales Police,North Wales Police,-4.624158,53.306961,On or near Maes-Yr-Ysgol,W01000033,Isle of Anglesey 003E,Other theft,Action to be taken by another organisation,
1cd79ab0c591d33991c3abfa3b9107a2716adfdf9289c25ffe86f2d983922d7b,2023-06,North Wales Police,North Wales Police,-4.628972,53.309336,On or near Ferry Terminal,W01000033,Isle of Anglesey 003E,Violence and sexual offences,Investigation complete; no suspect identified,
1574a367e938c7a51ec99cf74353182a3433a727400fa790b00b8034ed1b475b,2023-06,North Wales Police,North Wales Police,-4.629262,53.307451,On or near Parking Area,W01000033,Isle of Anglesey 003E,Violence and sexual offences,Unable to prosecute suspect,
e74dfbd354d8789138826e7406844d9b1ab9855b98cd9c878b42848b317674f5,2023-06,North Wales Police,North Wales Police,-4.628972,53.309336,On or near Ferry Terminal,W01000033,Isle of Anglesey 003E,Violence and sexual offences,Unable to prosecute suspect,
b7b2fe009a5db34da2a2d83fe3f204ed0a4571f49c944ca7143792cb2a5fbcc3,2023-06,North Wales Police,North Wales Police,-4.621150,53.307117,On or near Bryn Glas Close,W01000033,Isle of Anglesey 003E,Violence and sexual offences,Unable to prosecute suspect,
331d9cf4cee107745e50c4bbc9d3a9561225359b64315a2f989d94833c3abab6,2023-06,North Wales Police,North Wales Police,-4.621150,53.307117,On or near Bryn Glas Close,W01000033,Isle of Anglesey 003E,Violence and sexual offences,Unable to prosecute suspect,
2c2ec139170116dd5aacea4fbd56760a2fc70083cbf7f9b3673a520f76c143fc,2023-06,North Wales Police,North Wales Police,-4.628972,53.309336,On or near Ferry Terminal,W01000033,Isle of Anglesey 003E,Violence and sexual offences,Unable to prosecute suspect,
8e37a278fa6f68ab2ccc100272cfcd8d3dad574b48c32a816f27a46423ee5830,2023-06,North Wales Police,North Wales Police,-4.628793,53.308855,On or near Parking Area,W01000033,Isle of Anglesey 003E,Violence and sexual offences,Status update unavailable,
08d986ae6bd1c97944b67385fc1e7bccc5f21ccabfaf3b681d8ef69b05708c4d,2023-06,North Wales Police,North Wales Police,-4.625350,53.309749,On or near Bryn Y Mor,W01000033,Isle of Anglesey 003E,Violence and sexual offences,Unable to prosecute suspect,
,2023-06,North Wales Police,North Wales Police,-4.633198,53.312867,On or near Parking Area,W01000036,Isle of Anglesey 003F,Anti-social behaviour,,
,2023-06,North Wales Police,North Wales Police,-4.633248,53.314403,On or near Bryn Mor Terrace,W01000036,Isle of Anglesey 003F,Anti-social behaviour,,
,2023-06,North Wales Police,North Wales Police,-4.631540,53.315439,On or near Prince Of Wales Road,W01000036,Isle of Anglesey 003F,Anti-social behaviour,,
ccdd6fc72331b1477656a0236fcecaf8982fd4d98868ac10ac8f86bab143096c,2023-06,North Wales Police,North Wales Police,-4.630527,53.313141,On or near Parking Area,W01000036,Isle of Anglesey 003F,Burglary,Unable to prosecute suspect,
1975199b34e1996d3d593d521deaef747807bf9524f3fc3935ac9e9336c26876,2023-06,North Wales Police,North Wales Police,-4.634720,53.313687,On or near Maes-Yr-Haf,W01000036,Isle of Anglesey 003F,Criminal damage and arson,Unable to prosecute suspect,
a67c173c37f35008735f79c1e116676ca369d730023aebd5acd135064afcefd8,2023-06,North Wales Police,North Wales Police,-4.633198,53.312867,On or near Parking Area,W01000036,Isle of Anglesey 003F,Criminal damage and arson,Offender given a caution,
d2f54e32b8254fa7ec69d734d9ef8f8ba0dedece32c9f1aaccacb642a83b9c15,2023-06,North Wales Police,North Wales Police,-4.632614,53.314840,On or near Devonald Street,W01000036,Isle of Anglesey 003F,Criminal damage and arson,Investigation complete; no suspect identified,
489e17c328514ea57acb92e8cf3206b99583c30529228a9380455559fc966b57,2023-06,North Wales Police,North Wales Police,-4.633198,53.312867,On or near Parking Area,W01000036,Isle of Anglesey 003F,Public order,Investigation complete; no suspect identified,
34b58ffe8bf5c75c91bc9561a3745671df768cbaffb22ce5914ecb2beb8e8840,2023-06,North Wales Police,North Wales Police,-4.633198,53.312867,On or near Parking Area,W01000036,Isle of Anglesey 003F,Public order,Investigation complete; no suspect identified,
2d837f9c2ee8ad50535e444c9a19bda2600ab6db68da7d01f4b555eea3b93848,2023-06,North Wales Police,North Wales Police,-4.633794,53.312557,On or near Police Station,W01000036,Isle of Anglesey 003F,Public order,Unable to prosecute suspect,
a82cd857fdc71ca4e3c38be6704b6ee6eb08088c38df75b06b4e4b13087f4f18,2023-06,North Wales Police,North Wales Police,-4.633198,53.312867,On or near Parking Area,W01000036,Isle of Anglesey 003F,Public order,Investigation complete; no suspect identified,
4f59089eace71ec5636dd971630d082b368cc0867f85a4f6f0c3acff87129f7a,2023-06,North Wales Police,North Wales Police,-4.631984,53.313883,On or near Wesley Terrace,W01000036,Isle of Anglesey 003F,Robbery,Unable to prosecute suspect,
034f8de341a6cacaabd15afd50ff4fb05e16bea6b3c63dc224d71692a37e0d9b,2023-06,North Wales Police,North Wales Police,-4.630650,53.314164,On or near George Street,W01000036,Isle of Anglesey 003F,Violence and sexual offences,Unable to prosecute suspect,
6b1399539867262042573f0fe1c7c14be9edab364a8becdc5c3519e3a4417cf6,2023-06,North Wales Police,North Wales Police,-4.630650,53.314164,On or near George Street,W01000036,Isle of Anglesey 003F,Violence and sexual offences,Unable to prosecute suspect,
df74a1cd868859a425abb8c12f680d12a0de623e7f24f149288770e2748e4485,2023-06,North Wales Police,North Wales Police,-4.630650,53.314164,On or near George Street,W01000036,Isle of Anglesey 003F,Violence and sexual offences,Unable to prosecute suspect,
82474815ca7ac75f3ce3c341dfa69657fc8a52faea28d7d5b08cc2ced1bc46e8,2023-06,North Wales Police,North Wales Police,-4.632128,53.313043,On or near St Cybi Street,W01000036,Isle of Anglesey 003F,Violence and sexual offences,Action to be taken by another organisation,
fce70d76a04a36609c9b5e44e81d4c712568c4195d7d756382e0cfe8cef57931,2023-06,North Wales Police,North Wales Police,-4.634720,53.313687,On or near Maes-Yr-Haf,W01000036,Isle of Anglesey 003F,Violence and sexual offences,Status update unavailable,
a94f8868c21e16d3690fc964eecdad4de3d9db5f5af10cc9b4bc5df76ef03a5c,2023-06,North Wales Police,North Wales Police,-4.631087,53.312967,On or near Water Street,W01000036,Isle of Anglesey 003F,Violence and sexual offences,Unable to prosecute suspect,
b843a14b7a857aaeb401971850e371b10c377622aaeb23d8081258e9444f94bf,2023-06,North Wales Police,North Wales Police,-4.634052,53.314053,On or near Newry Street,W01000036,Isle of Anglesey 003F,Violence and sexual offences,Unable to prosecute suspect,
c444bc25df83608733847227855560519801bfd5035d01a2625b818a80d3a77f,2023-06,North Wales Police,North Wales Police,-4.631087,53.312967,On or near Water Street,W01000036,Isle of Anglesey 003F,Violence and sexual offences,Local resolution,
,2023-06,North Wales Police,North Wales Police,-4.635067,53.315415,On or near Newry-Fawr,W01000037,Isle of Anglesey 003G,Anti-social behaviour,,
,2023-06,North Wales Police,North Wales Police,-4.635067,53.315415,On or near Newry-Fawr,W01000037,Isle of Anglesey 003G,Anti-social behaviour,,
,2023-06,North Wales Police,North Wales Police,-4.639993,53.316169,On or near Tan-Y-Bryn Road,W01000037,Isle of Anglesey 003G,Anti-social behaviour,,
4d13883f0f08758dd7c9a4075dda97e243ad80b0d7d36d60bd1725f3d052105d,2023-06,North Wales Police,North Wales Police,-4.635067,53.315415,On or near Newry-Fawr,W01000037,Isle of Anglesey 003G,Criminal damage and arson,Court result unavailable,
f960b011d363a54cba16cdf25f342fbe8414f9f9a1a100233965b153bb7c3526,2023-06,North Wales Police,North Wales Police,-4.634062,53.312029,On or near Summer Hill,W01000037,Isle of Anglesey 003G,Public order,Investigation complete; no suspect identified,
b3aca7b98d1b456fbc45d43d0f7ecdd86c667e604e4cd39582d0473c67b748c5,2023-06,North Wales Police,North Wales Police,-4.636697,53.312151,On or near St Seiriol'S Close,W01000037,Isle of Anglesey 003G,Violence and sexual offences,Unable to prosecute suspect,
198ac01b38db981bf0689d49dbd35f88c2666232b69bb7095762ba86a35da3cd,2023-06,North Wales Police,North Wales Police,-4.641319,53.315277,On or near Pen-Y-Bryn Road,W01000037,Isle of Anglesey 003G,Other crime,Unable to prosecute suspect,
fa8ebea595ade4a3f5b10fed36ec6f06e5710f965baed49c15b74c8b36053786,2023-06,North Wales Police,North Wales Police,-4.537639,53.352594,On or near Maes Maethlu,W01000022,Isle of Anglesey 004A,Other theft,Investigation complete; no suspect identified,
a337785d892f50c08ce3bc2e1750fe14934c8096a7ede3ec739f5f9bfe080300,2023-06,North Wales Police,North Wales Police,-4.537639,53.352594,On or near Maes Maethlu,W01000022,Isle of Anglesey 004A,Violence and sexual offences,Unable to prosecute suspect,
cc4a46017a11fce4e7c090921aeb4b7ec214cb1633c4ed7ce2822ca78edcb01b,2023-06,North Wales Police,North Wales Police,-4.531841,53.311284,On or near Sports/Recreation Area,W01000022,Isle of Anglesey 004A,Violence and sexual offences,Unable to prosecute suspect,
586a6f4f59c1f97d44454af90ed4050d8f3936de79a11fb93caba2ac2f40eeaa,2023-06,North Wales Police,North Wales Police,-4.537639,53.352594,On or near Maes Maethlu,W01000022,Isle of Anglesey 004A,Violence and sexual offences,Unable to prosecute suspect,
9b22969877ed72de4e2383e6ac8982caa3aec2602a1016c3a80076dfc8a5b2d0,2023-06,North Wales Police,North Wales Police,-4.535220,53.315395,On or near Pen Y Craig,W01000022,Isle of Anglesey 004A,Violence and sexual offences,Investigation complete; no suspect identified,
5e8283a8c836971aabf4db671913e1a4648e895791dbdc5a8b81823f887b46c8,2023-06,North Wales Police,North Wales Police,-4.537639,53.352594,On or near Maes Maethlu,W01000022,Isle of Anglesey 004A,Violence and sexual offences,Status update unavailable,
cd7d19b6ce6ea237fdd1c9719612d2746ed295a1af086542c81d3bbc986539db,2023-06,North Wales Police,North Wales Police,-4.657567,53.310716,On or near Mynydd Y Ddraig,W01000034,Isle of Anglesey 004B,Violence and sexual offences,Unable to prosecute suspect,
4dc287ebdf7985bf38a0a404528d60efbe286b0e91a055f30eced4a9caed6f74,2023-06,North Wales Police,North Wales Police,-4.653379,53.313390,On or near Parc Felin Dwr,W01000034,Isle of Anglesey 004B,Violence and sexual offences,Court result unavailable,
,2023-06,North Wales Police,North Wales Police,-4.649600,53.310804,On or near South Stack Road,W01000034,Isle of Anglesey 004B,Anti-social behaviour,,
,2023-06,North Wales Police,North Wales Police,-4.650299,53.311418,On or near Waen Fawr,W01000034,Isle of Anglesey 004B,Anti-social behaviour,,
2a0bf15ba4090e736206f1ef4b1fa17500127bea481c40e6e0abf7249a455a93,2023-06,North Wales Police,North Wales Police,-4.645626,53.312079,On or near Parc Tyddyn Bach,W01000034,Isle of Anglesey 004B,Public order,Unable to prosecute suspect,
4b78d466bf0bc114c8b3c3f252d3b23238a62c483a26fbd447b1bc258e4b88f2,2023-06,North Wales Police,North Wales Police,-4.650299,53.311418,On or near Waen Fawr,W01000034,Isle of Anglesey 004B,Violence and sexual offences,Unable to prosecute suspect,
ad9ce3fd36c786cc4a1bae1f1265f541fd22d04bbbfeb5b6b2dfb0cfbf3b93a4,2023-06,North Wales Police,North Wales Police,-4.648791,53.310831,On or near South Stack Road,W01000034,Isle of Anglesey 004B,Violence and sexual offences,Investigation complete; no suspect identified,
08633555a395e3bb4e277844cc4d9c4109db16825597b1227189358e38de78d5,2023-06,North Wales Police,North Wales Police,-4.640227,53.312181,On or near New Park Close,W01000034,Isle of Anglesey 004B,Violence and sexual offences,Investigation complete; no suspect identified,
8f5cdbfbd02f302cc66ca601e19b455f1078f3a99465f3e0b18be5eb2dfe34ef,2023-06,North Wales Police,North Wales Police,-4.651018,53.310188,On or near Trefonnen,W01000034,Isle of Anglesey 004B,Violence and sexual offences,Unable to prosecute suspect,
7e7948f8c3688f35dc579a0ae7e6c5df9b5193bb4ca0355cdbf55e853aeac963,2023-06,North Wales Police,North Wales Police,-4.651868,53.311779,On or near Lon Newydd,W01000034,Isle of Anglesey 004B,Violence and sexual offences,Unable to prosecute suspect,
0255f713d09eb760bc548c3658056f943047903cfecdb2a07268e46571f29182,2023-06,North Wales Police,North Wales Police,-4.647495,53.310995,On or near Gwel-Y-Mynydd,W01000034,Isle of Anglesey 004B,Violence and sexual offences,Unable to prosecute suspect,
,2023-06,North Wales Police,North Wales Police,-4.584361,53.272899,On or near Maes Llety,W01000039,Isle of Anglesey 004C,Anti-social behaviour,,
ecc9cccd3d83f8e87b8bfe47dc4e34498dde02e06ac7e936df4c0a3402bcd322,2023-06,North Wales Police,North Wales Police,-4.584361,53.272899,On or near Maes Llety,W01000039,Isle of Anglesey 004C,Violence and sexual offences,Status update unavailable,
,2023-06,North Wales Police,North Wales Police,-4.619146,53.286166,On or near Lon Golygfa'R Wyddfa,W01000040,Isle of Anglesey 004D,Anti-social behaviour,,
c46b9d74e21ae34bd98765839c5dbc7168bc5b26d875cabc0bb0c05255da6683,2023-06,North Wales Police,North Wales Police,-4.599865,53.293557,On or near Parking Area,W01000040,Isle of Anglesey 004D,Criminal damage and arson,Investigation complete; no suspect identified,
017a090c5e0e937f7e16e534c588ceb1713dce2d344b45fc0f9e177ae1d076fb,2023-06,North Wales Police,North Wales Police,-4.618341,53.300321,On or near Shopping Area,W01000040,Isle of Anglesey 004D,Shoplifting,Court result unavailable,
440463573f432f3ca2604ad68cdd1a3f66e79dbaf9e97c50956ce279360cb0ed,2023-06,North Wales Police,North Wales Police,-4.631909,53.282172,On or near Lon Y Don,W01000040,Isle of Anglesey 004D,Violence and sexual offences,Unable to prosecute suspect,
725103f5257185427d8b82ec6da0cd8c1d4fbb68e186c7702ec08d14404c257d,2023-06,North Wales Police,North Wales Police,-4.627045,53.288222,On or near Lon Garreg Fawr,W01000040,Isle of Anglesey 004D,Violence and sexual offences,Local resolution,
,2023-06,North Wales Police,North Wales Police,-4.561558,53.283111,On or near Tai'R Felin,W01000043,Isle of Anglesey 004E,Anti-social behaviour,,
,2023-06,North Wales Police,North Wales Police,-4.565852,53.286678,On or near Manning Drive,W01000043,Isle of Anglesey 004E,Anti-social behaviour,,
95e5f0df2fa710757490fccb0f6888689da75c98e8f7458b239306fc169ab673,2023-06,North Wales Police,North Wales Police,-4.566301,53.286147,On or near Bronheulog,W01000043,Isle of Anglesey 004E,Violence and sexual offences,Status update unavailable,
ddaa8e237c5de0d87c82321adeebd6739c49b048474ddce793152e4ef6d64093,2023-06,North Wales Police,North Wales Police,-4.566301,53.286147,On or near Bronheulog,W01000043,Isle of Anglesey 004E,Violence and sexual offences,Status update unavailable,
7e2dcfb984f7f7ae7fd44794edaad65914843ceac5af3c5c1f4844665d459f0a,2023-06,North Wales Police,North Wales Police,-4.560554,53.282032,On or near Shopping Area,W01002007,Isle of Anglesey 004G,Criminal damage and arson,Unable to prosecute suspect,
06cebfd54d026c7456e0eb9a82db59bd747ff92c28b5f7ca1dbf9400e75108e4,2023-06,North Wales Police,North Wales Police,-4.560554,53.282032,On or near Shopping Area,W01002007,Isle of Anglesey 004G,Criminal damage and arson,Investigation complete; no suspect identified,
8b15ebfc24dedf099d400177612cd065fdb8bd0c3b6faae595ab7947e97b3270,2023-06,North Wales Police,North Wales Police,-4.576126,53.284370,On or near Park/Open Space,W01002007,Isle of Anglesey 004G,Criminal damage and arson,Investigation complete; no suspect identified,
b022fb289e75f8b74441be63579b2f873cca880685f5d955b9f9bd6a8e730877,2023-06,North Wales Police,North Wales Police,-4.566418,53.282089,On or near Tan-Y-Bryn,W01002007,Isle of Anglesey 004G,Other theft,Unable to prosecute suspect,
1bdd52ce03d25caeec0625c7df8ba49af6ecd704bd11049616a96f30256bf1f2,2023-06,North Wales Police,North Wales Police,-4.584361,53.272899,On or near Maes Llety,W01002007,Isle of Anglesey 004G,Other theft,Investigation complete; no suspect identified,
3fbdbee3c8ea5042b03ed180e7c4ff9f7ce911a693242e9af7e498e03f90140d,2023-06,North Wales Police,North Wales Police,-4.565852,53.286678,On or near Manning Drive,W01002007,Isle of Anglesey 004G,Public order,Investigation complete; no suspect identified,
704d596c7d699dcfd6e75efda7df973d3638fdc3430bfab3a915a27552ca386c,2023-06,North Wales Police,North Wales Police,-4.590676,53.245374,On or near Parking Area,W01002007,Isle of Anglesey 004G,Violence and sexual offences,Investigation complete; no suspect identified,
9073015f7196e1e298b1d7ea5eb65d72932c5a3936b6538b2ba8296edddba2fa,2023-06,North Wales Police,North Wales Police,-4.566544,53.284451,On or near Garth Y Felin,W01002007,Isle of Anglesey 004G,Violence and sexual offences,Unable to prosecute suspect,
,2023-06,North Wales Police,North Wales Police,-4.091706,53.277322,On or near Ffordd Eglwys,W01000005,Isle of Anglesey 005A,Anti-social behaviour,,
,2023-06,North Wales Police,North Wales Police,-4.098560,53.263536,On or near Maes Hyfryd,W01000005,Isle of Anglesey 005A,Anti-social behaviour,,
89bcb13a385638bcea4e3df0dcb61305bebcd928ee2eb00d2487be7badc647bf,2023-06,North Wales Police,North Wales Police,-4.091706,53.277322,On or near Ffordd Eglwys,W01000005,Isle of Anglesey 005A,Criminal damage and arson,Investigation complete; no suspect identified,
2f24d2413edb972e7581b81ba763ff55d3e6b6441ee81b41cf3f9484f26afbde,2023-06,North Wales Police,North Wales Police,-4.090590,53.278439,On or near St Catherine'S Close,W01000005,Isle of Anglesey 005A,Other theft,Investigation complete; no suspect identified,
c80407ce2f16fe708953c6652048638532e75e248a11ada9b501b9e5141e987f,2023-06,North Wales Police,North Wales Police,-4.099958,53.264519,On or near Bryn Teg,W01000005,Isle of Anglesey 005A,Other theft,Unable to prosecute suspect,
78ba31b6cf83579553151e9e9b22dcf1b16e30783c0300419e689246a50114ea,2023-06,North Wales Police,North Wales Police,-4.092680,53.262876,On or near Castle Street,W01000005,Isle of Anglesey 005A,Public order,Investigation complete; no suspect identified,
b26d8343fa9a9ff0021e7b7a870fbfc72fe0caae288f70b5ee8d96f42863981f,2023-06,North Wales Police,North Wales Police,-4.092455,53.263797,On or near Little Lane,W01000005,Isle of Anglesey 005A,Violence and sexual offences,Unable to prosecute suspect,
2dbf1062c98e646793db4b3fb99d10de9e516740a8179718304bc08ff5d3d528,2023-06,North Wales Police,North Wales Police,-4.092455,53.263797,On or near Little Lane,W01000005,Isle of Anglesey 005A,Violence and sexual offences,Court result unavailable,
b80f1909dda1d29dfdb38446eb8bdae0a6c83c4872a2202d36021c3f1936c62a,2023-06,North Wales Police,North Wales Police,-4.094931,53.263537,On or near Steeple Lane,W01000005,Isle of Anglesey 005A,Violence and sexual offences,Unable to prosecute suspect,
b8330816ec9ff0c50b251e64ea4276cf18e0e706732594f17b3ca4072913b3ea,2023-06,North Wales Police,North Wales Police,-4.092455,53.263797,On or near Little Lane,W01000005,Isle of Anglesey 005A,Violence and sexual offences,Unable to prosecute suspect,
,2023-06,North Wales Police,North Wales Police,-4.147978,53.243695,On or near Trem Arfon,W01000013,Isle of Anglesey 005B,Anti-social behaviour,,
7fa611738163f3e9dfb543e811ad9d8cb5405d43d21c6d1ba4c05e805bc34184,2023-06,North Wales Police,North Wales Police,-4.149656,53.244582,On or near Maes Yr Ysgol,W01000013,Isle of Anglesey 005B,Public order,Unable to prosecute suspect,
2004addebb4bfd3d3932233ec5cc4c7d8df10b8b7ff19ad89723508c4f756f99,2023-06,North Wales Police,North Wales Police,-4.118478,53.261206,On or near The Mile Road,W01000013,Isle of Anglesey 005B,Public order,Investigation complete; no suspect identified,
a5d44418ddf95d03985d05e8d0587b38bdaf40cdda8e4232045d27899d2d2a06,2023-06,North Wales Police,North Wales Police,-4.147978,53.243695,On or near Trem Arfon,W01000013,Isle of Anglesey 005B,Public order,Unable to prosecute suspect,
813d4e8e60ed57266d24f6cf3a566a60235364f3f175ed115c0892f8b98eaf2c,2023-06,North Wales Police,North Wales Police,-4.226575,53.327052,On or near Efail Newydd,W01000019,Isle of Anglesey 005C,Other theft,Investigation complete; no suspect identified,
53016640e23d795b7537bf8d67f1c0486650b6730d0d6ac343e2461de70c69f2,2023-06,North Wales Police,North Wales Police,-4.224694,53.321800,On or near Parking Area,W01000019,Isle of Anglesey 005C,Violence and sexual offences,Unable to prosecute suspect,
5b087f6f212859350af1b7fc05aa21796c991e240064c226d70c05197705861d,2023-06,North Wales Police,North Wales Police,-4.087450,53.295863,On or near Dalar Las,W01000026,Isle of Anglesey 005D,Violence and sexual offences,Unable to prosecute suspect,
99107bc73f979ee283335d7a70aff5501f5017a7a16e59a6603ced4891e7f089,2023-06,North Wales Police,North Wales Police,-4.087156,53.293540,On or near Adwy'R Nant,W01000026,Isle of Anglesey 005D,Violence and sexual offences,Unable to prosecute suspect,
52d20a14a4257334a62c9f78d070bac909b13c1e06e998be9fa815ccd3e7ac45,2023-06,North Wales Police,North Wales Police,-4.087450,53.295863,On or near Dalar Las,W01000026,Isle of Anglesey 005D,Other crime,Further investigation is not in the public interest,
b51d081d642b299c7fe6818e277c85325039d84cfbeab413eb8a936ce9d7ff76,2023-06,North Wales Police,North Wales Police,-4.151903,53.303069,On or near Parking Area,W01000035,Isle of Anglesey 005E,Violence and sexual offences,Unable to prosecute suspect,
,2023-06,North Wales Police,North Wales Police,-4.203077,53.288964,On or near Lôn Y Traeth,W01000035,Isle of Anglesey 005E,Anti-social behaviour,,
91d7c7c87ce8eae716f6a0fc6484dd5df9160d309fb0c18b55e77d61930041c0,2023-06,North Wales Police,North Wales Police,-4.209900,53.283650,On or near Lôn Y Traeth,W01000035,Isle of Anglesey 005E,Violence and sexual offences,Status update unavailable,
94aa23d7782de549135831277ad24fb7f37d56654a9b4548678d371cbc7ecdec,2023-06,North Wales Police,North Wales Police,-4.361329,53.264283,On or near Minffordd,W01000006,Isle of Anglesey 006A,Burglary,Local resolution,
ee067846c73674dd016b10c1fe2d94e3ec4265a4a810fd64250c80a7c8efc7bd,2023-06,North Wales Police,North Wales Police,-4.341425,53.246074,On or near Bryn Hwfa,W01000006,Isle of Anglesey 006A,Criminal damage and arson,Unable to prosecute suspect,
d4eeb700863ba205e90959900e0b65ce2583641755c716be10fc8ac2ffce59e6,2023-06,North Wales Police,North Wales Police,-4.362224,53.265273,On or near Cae'R Delyn,W01000006,Isle of Anglesey 006A,Criminal damage and arson,Investigation complete; no suspect identified,
46c5560c313c00bb332a117a9cf186c7d0d50c1897142d2c076f998bf497b78f,2023-06,North Wales Police,North Wales Police,-4.366926,53.241542,On or near Parking Area,W01000006,Isle of Anglesey 006A,Public order,Unable to prosecute suspect,
54d80fa6cffeebc536057f540373310f2833714f94590eb5d811d6b6b0dd3211,2023-06,North Wales Police,North Wales Police,-4.318002,53.256152,On or near Sports/Recreation Area,W01000012,Isle of Anglesey 006B,Violence and sexual offences,Unable to prosecute suspect,
,2023-06,North Wales Police,North Wales Police,-4.302810,53.254118,On or near Tan Capel,W01000012,Isle of Anglesey 006B,Anti-social behaviour,,
d36032df670ea7bc13039a21338c9342b4bb9fa01b59bbbc294157bd84ee1cf7,2023-06,North Wales Police,North Wales Police,-4.315663,53.256710,On or near B5109,W01000012,Isle of Anglesey 006B,Criminal damage and arson,Investigation complete; no suspect identified,
b4c4a6c5b6c7055c2d71aeea28af60de58c11f5bb48bf093c006761d9e65b615,2023-06,North Wales Police,North Wales Police,-4.308591,53.254008,On or near Supermarket,W01000012,Isle of Anglesey 006B,Criminal damage and arson,Investigation complete; no suspect identified,
aec10e5f36d7c641a8f93b742695a47c07dbed18fb4f3c8f9572c34ef6932e89,2023-06,North Wales Police,North Wales Police,-4.312560,53.255332,On or near Llawr Y Dref,W01000012,Isle of Anglesey 006B,Other theft,Investigation complete; no suspect identified,
3db6dffdc3aed13a46ff6ff6dacdec27244bff09727151864ced582c966ea356,2023-06,North Wales Police,North Wales Police,-4.302810,53.254118,On or near Tan Capel,W01000012,Isle of Anglesey 006B,Other theft,Unable to prosecute suspect,
0902420f7ea365ea9082a70007ee9a2cfe0bd70a3ad7de664e0301cb7aebf614,2023-06,North Wales Police,North Wales Police,-4.315663,53.256710,On or near B5109,W01000012,Isle of Anglesey 006B,Public order,Investigation complete; no suspect identified,
4f59a573500cff0ee95b6edc54ec8b5375923cfa9619178f0a72fc58d0bc6910,2023-06,North Wales Police,North Wales Police,-4.307241,53.250931,On or near Industrial Estate Road,W01000012,Isle of Anglesey 006B,Shoplifting,Investigation complete; no suspect identified,
5ae8d226f8fd7b4fce86b5816eeaebb559d13c26a2fa976d06e961f6640c3492,2023-06,North Wales Police,North Wales Police,-4.307554,53.253685,On or near Supermarket,W01000012,Isle of Anglesey 006B,Shoplifting,Investigation complete; no suspect identified,
91842bbe5d32002163346b1a21bd6bc738959cfd17123cb53b65fac5814654a5,2023-06,North Wales Police,North Wales Police,-4.308591,53.254008,On or near Supermarket,W01000012,Isle of Anglesey 006B,Violence and sexual offences,Unable to prosecute suspect,
86911c602dbdba3bcc843e5399598400a1fb780186756cae6a7d07fb8e68cf0a,2023-06,North Wales Police,North Wales Police,-4.322278,53.257876,On or near Clos Cildwrn,W01000012,Isle of Anglesey 006B,Violence and sexual offences,Unable to prosecute suspect,
6e8415ceeee96dc7075e46f2dd47471d31a76881bc881b78452a6fe1f0df796c,2023-06,North Wales Police,North Wales Police,-4.307217,53.255507,On or near Bridge Street,W01000012,Isle of Anglesey 006B,Violence and sexual offences,Court result unavailable,
2b9ef3d72db83050bc7589662b57c54b85eba9961204cee05f7ddaa67fa916d3,2023-06,North Wales Police,North Wales Police,-4.312560,53.255332,On or near Llawr Y Dref,W01000012,Isle of Anglesey 006B,Violence and sexual offences,Unable to prosecute suspect,
a64434e97792892e476340bd9b755e8b8ded525a28bdfeeb5f692a915be6e3a4,2023-06,North Wales Police,North Wales Police,-4.312339,53.252333,On or near Tan Y Fron,W01000012,Isle of Anglesey 006B,Violence and sexual offences,Action to be taken by another organisation,
e64d4ea13b6e5965702fa6d9f94d0d47fa5d7afec4bff7ca24d3e24e96568ffa,2023-06,North Wales Police,North Wales Police,-4.325807,53.255209,On or near Ty Hen,W01000012,Isle of Anglesey 006B,Violence and sexual offences,Unable to prosecute suspect,
8851a1d3f96bbeb3242a63e8007073e393fa01b73d76307177bf1ea9f6300fdc,2023-06,North Wales Police,North Wales Police,-4.326202,53.256685,On or near Graig Las,W01000012,Isle of Anglesey 006B,Violence and sexual offences,Unable to prosecute suspect,
e01dba1718025cf6bf3881fce5d95e01c92526d08f101fefe875ad664d460c43,2023-06,North Wales Police,North Wales Police,-4.326214,53.260218,On or near Bryn Meurig,W01000014,Isle of Anglesey 006C,Violence and sexual offences,Unable to prosecute suspect,
,2023-06,North Wales Police,North Wales Police,-4.302316,53.258875,On or near Bro Ednyfed,W01000014,Isle of Anglesey 006C,Anti-social behaviour,,
,2023-06,North Wales Police,North Wales Police,-4.310336,53.258855,On or near B5111,W01000014,Isle of Anglesey 006C,Anti-social behaviour,,
,2023-06,North Wales Police,North Wales Police,-4.299469,53.260593,On or near Parc Y Coed,W01000014,Isle of Anglesey 006C,Anti-social behaviour,,
,2023-06,North Wales Police,North Wales Police,-4.324782,53.258708,On or near Ffordd Corn Hir,W01000014,Isle of Anglesey 006C,Anti-social behaviour,,
,2023-06,North Wales Police,North Wales Police,-4.312399,53.256234,On or near Stryd-Y-Cae,W01000014,Isle of Anglesey 006C,Anti-social behaviour,,
7ae70aa4fb979770debd1866a4e62fb8a88adc21ee40a0317c3a989bc1cdd72f,2023-06,North Wales Police,North Wales Police,-4.323540,53.259299,On or near Pennant,W01000014,Isle of Anglesey 006C,Other theft,Investigation complete; no suspect identified,
0be8002fa7770b35fa56cb1ed7c41af8cb5d3e6ed41cf37aff677c6f2ba342ae,2023-06,North Wales Police,North Wales Police,-4.323540,53.259299,On or near Pennant,W01000014,Isle of Anglesey 006C,Other theft,Investigation complete; no suspect identified,
c3e8398cf2ccd7ec13543db335bba3a7f9488f4f3921d070a729539b7d957cd1,2023-06,North Wales Police,North Wales Police,-4.310682,53.255800,On or near Bulkeley Square,W01000014,Isle of Anglesey 006C,Public order,Court result unavailable,
b2a1c993de1327578893daf4da3e6aa05f2621ea86051c74a34843f98c871789,2023-06,North Wales Police,North Wales Police,-4.312399,53.256234,On or near Stryd-Y-Cae,W01000014,Isle of Anglesey 006C,Public order,Investigation complete; no suspect identified,
f49cef69bf8a8c903e25cee3f9f7c24fe46b5ea4474f2759e308bc54b0e03b37,2023-06,North Wales Police,North Wales Police,-4.310586,53.257079,On or near Petrol Station,W01000014,Isle of Anglesey 006C,Shoplifting,Investigation complete; no suspect identified,
5c4b5a7ff706306d849b4cca6b9ea34e20c60d11834d77bbf55a77cf2bdcef3d,2023-06,North Wales Police,North Wales Police,-4.326214,53.260218,On or near Bryn Meurig,W01000014,Isle of Anglesey 006C,Violence and sexual offences,Unable to prosecute suspect,
58f465d4b23d946e01c9795c8ff039d909701ee44772ca32d262b493cae4be30,2023-06,North Wales Police,North Wales Police,-4.299469,53.260593,On or near Parc Y Coed,W01000014,Isle of Anglesey 006C,Violence and sexual offences,Unable to prosecute suspect,
20be64219b9d07454f40e2d5c153a00f522ecf4c72300077751d8a4e439d057c,2023-06,North Wales Police,North Wales Police,-4.299469,53.260593,On or near Parc Y Coed,W01000014,Isle of Anglesey 006C,Violence and sexual offences,Unable to prosecute suspect,
8ac016c6831979ee0b9c069a4976d549eb3c11cda8dcdf8fa63048373a114f7e,2023-06,North Wales Police,North Wales Police,-4.307650,53.259086,On or near Ffordd Dolafon,W01000014,Isle of Anglesey 006C,Violence and sexual offences,Unable to prosecute suspect,
,2023-06,North Wales Police,North Wales Police,-4.303883,53.257901,On or near Bron-Y-Felin Road,W01000041,Isle of Anglesey 006D,Anti-social behaviour,,
,2023-06,North Wales Police,North Wales Police,-4.298558,53.258705,On or near Bro Tudur,W01000041,Isle of Anglesey 006D,Anti-social behaviour,,
,2023-06,North Wales Police,North Wales Police,-4.298558,53.258705,On or near Bro Tudur,W01000041,Isle of Anglesey 006D,Anti-social behaviour,,
30bd6ea71ff050e8a348009ef65d5f6af1cec6f7ce31611ac6b278aeed33df20,2023-06,North Wales Police,North Wales Police,-4.306183,53.257323,On or near Sports/Recreation Area,W01000041,Isle of Anglesey 006D,Criminal damage and arson,Investigation complete; no suspect identified,
1fd78bcdf85c4b7390321093365c2e6365621854adba8adf4195b6f91791a9f7,2023-06,North Wales Police,North Wales Police,-4.298558,53.258705,On or near Bro Tudur,W01000041,Isle of Anglesey 006D,Drugs,Status update unavailable,
79d45aa2007e2fbf919bf63fe4cfaf27e691ea34e1d1d6c904fb28ec93ec9d53,2023-06,North Wales Police,North Wales Police,-4.298558,53.258705,On or near Bro Tudur,W01000041,Isle of Anglesey 006D,Violence and sexual offences,Unable to prosecute suspect,
f2a124f418db04efbde39c8a6bd4e74200c56c62ba8880b09a7c9d0c5f4fd8f4,2023-06,North Wales Police,North Wales Police,-4.298558,53.258705,On or near Bro Tudur,W01000041,Isle of Anglesey 006D,Violence and sexual offences,Unable to prosecute suspect,
56562750875022657ca372782a90f2e239fbfce62ac63c756951778223a94f57,2023-06,North Wales Police,North Wales Police,-4.306183,53.257323,On or near Sports/Recreation Area,W01000041,Isle of Anglesey 006D,Violence and sexual offences,Further investigation is not in the public interest,
f72793a6c678745038301e7c50b15e9d18c9b67f142d32344875a2b010d9ae1c,2023-06,North Wales Police,North Wales Police,-4.298558,53.258705,On or near Bro Tudur,W01000041,Isle of Anglesey 006D,Violence and sexual offences,Court result unavailable,
9990f18fe63970b0fad9cb04616791034478952cf98d7553b24ac0e17c19c2d8,2023-06,North Wales Police,North Wales Police,-4.302127,53.256190,On or near Bron Dinas,W01000041,Isle of Anglesey 006D,Violence and sexual offences,Investigation complete; no suspect identified,
a65054f5d310b6e90b1c5d8c36e20309612989e9c433d1f3ac68c091547bf063,2023-06,North Wales Police,North Wales Police,-4.302127,53.256190,On or near Bron Dinas,W01000041,Isle of Anglesey 006D,Violence and sexual offences,Formal action is not in the public interest,
,2023-06,North Wales Police,North Wales Police,-4.519553,53.228863,On or near Cae Cloc,W01000001,Isle of Anglesey 007A,Anti-social behaviour,,
,2023-06,North Wales Police,North Wales Police,-4.466824,53.191565,On or near Maes Llewelyn,W01000001,Isle of Anglesey 007A,Anti-social behaviour,,
,2023-06,North Wales Police,North Wales Police,-4.520894,53.224132,On or near Lôn Traeth Llydan,W01000001,Isle of Anglesey 007A,Anti-social behaviour,,
136a68fb8a3523ec9f64356cf9105775c08147712ce1d8ac339ac9690c262be1,2023-06,North Wales Police,North Wales Police,-4.519887,53.226123,On or near Post Office Lane,W01000001,Isle of Anglesey 007A,Other crime,Status update unavailable,
,2023-06,North Wales Police,North Wales Police,-4.506113,53.234757,On or near Rhosneigr,W01000002,Isle of Anglesey 007B,Anti-social behaviour,,
,2023-06,North Wales Police,North Wales Police,-4.517440,53.231920,On or near Y Bonc,W01000002,Isle of Anglesey 007B,Anti-social behaviour,,
9748dbe80643812d53ccb2b3cdd9f3b9e22d3fac14e9a3a23030ce133f8437a8,2023-06,North Wales Police,North Wales Police,-4.480212,53.269888,On or near Bro Llechylched,W01000009,Isle of Anglesey 007C,Criminal damage and arson,Investigation complete; no suspect identified,
70686f52000091cf42ccfc44daa4bb0fbaa2f6db66e2bf7e5a758e2d38bedfaf,2023-06,North Wales Police,North Wales Police,-4.480212,53.269888,On or near Bro Llechylched,W01000009,Isle of Anglesey 007C,Violence and sexual offences,Unable to prosecute suspect,
85a6cb1c34f939022413405964f9352832530eb9d5ccc526ea5d634bedcfd5e1,2023-06,North Wales Police,North Wales Police,-4.480212,53.269888,On or near Bro Llechylched,W01000009,Isle of Anglesey 007C,Violence and sexual offences,Unable to prosecute suspect,
d44fbd844deeb9f4d8e74630b95593a6be60b6e37b45625aa44e3c41aaa1aaf2,2023-06,North Wales Police,North Wales Police,-4.395198,53.247262,On or near Parking Area,W01000009,Isle of Anglesey 007C,Violence and sexual offences,Investigation complete; no suspect identified,
f79365f201296a5fde72b0113db0bcc03a596326fa14fa226cff2f0ff3a7abbb,2023-06,North Wales Police,North Wales Police,-4.480212,53.269888,On or near Bro Llechylched,W01000009,Isle of Anglesey 007C,Violence and sexual offences,Unable to prosecute suspect,
d351516f295694a35d709a91acb421c1c03aef0737ca31832ea5be75bd1c5c40,2023-06,North Wales Police,North Wales Police,-4.480212,53.269888,On or near Bro Llechylched,W01000009,Isle of Anglesey 007C,Violence and sexual offences,Unable to prosecute suspect,
,2023-06,North Wales Police,North Wales Police,-4.499642,53.291340,On or near Llain Y Delyn,W01000023,Isle of Anglesey 007D,Anti-social behaviour,,
0a2983b4d142a7756b453f427005f0981b9589ac4a34a60548acbf7ecb43f835,2023-06,North Wales Police,North Wales Police,-4.503150,53.273850,On or near Parking Area,W01000023,Isle of Anglesey 007D,Burglary,Investigation complete; no suspect identified,
cee01e7e6e21c8c750f6d32e98b23d8e2ca02db357d125f731f51f84f27516ff,2023-06,North Wales Police,North Wales Police,-4.501582,53.292954,On or near Stryd Batus,W01000023,Isle of Anglesey 007D,Public order,Investigation complete; no suspect identified,
30a3a9a0997753739718ec5d9ce73a9feecd6e2e653deb10ea2c6b01903444fd,2023-06,North Wales Police,North Wales Police,-4.502762,53.293387,On or near Chapel Street,W01000023,Isle of Anglesey 007D,Violence and sexual offences,Investigation complete; no suspect identified,
c515ce14f7e020adccf0fd5391191f1124e614408a2ca7cd538f2e80452183ad,2023-06,North Wales Police,North Wales Police,-4.499642,53.291340,On or near Llain Y Delyn,W01000023,Isle of Anglesey 007D,Violence and sexual offences,Investigation complete; no suspect identified,
,2023-06,North Wales Police,North Wales Police,-4.537542,53.276351,On or near Ffordd Caergybi,W01000024,Isle of Anglesey 007E,Anti-social behaviour,,
,2023-06,North Wales Police,North Wales Police,-4.520407,53.265826,On or near Bryn Trewan,W01000024,Isle of Anglesey 007E,Anti-social behaviour,,
,2023-06,North Wales Police,North Wales Police,-4.544549,53.258453,On or near Park/Open Space,W01000024,Isle of Anglesey 007E,Anti-social behaviour,,
,2023-06,North Wales Police,North Wales Police,-4.544549,53.258453,On or near Park/Open Space,W01000024,Isle of Anglesey 007E,Anti-social behaviour,,
a9ab08fa082837e68e75d343359008e8069db303f9d6b48ae6dc14105a74b16b,2023-06,North Wales Police,North Wales Police,-4.518326,53.269197,On or near Dinam Road,W01000024,Isle of Anglesey 007E,Criminal damage and arson,Unable to prosecute suspect,
11a8e567c2b4f8eaf109ff59fdedc32d8c2db9170d9ca9279e250f573f08c4a4,2023-06,North Wales Police,North Wales Police,-4.520905,53.266895,On or near Trem Cymyran,W01000024,Isle of Anglesey 007E,Drugs,Court result unavailable,
e8daf5c0dc7da2e474e354f502f4f1ec487c6943db4ea30752bd775b7fc660d9,2023-06,North Wales Police,North Wales Police,-4.544549,53.258453,On or near Park/Open Space,W01000024,Isle of Anglesey 007E,Public order,Unable to prosecute suspect,
63272177ebfa027e490215398a11e7e6e4389fe0f81753d651f9d6463c46ead5,2023-06,North Wales Police,North Wales Police,-4.518087,53.267934,On or near Minffordd Road,W01000024,Isle of Anglesey 007E,Violence and sexual offences,Unable to prosecute suspect,
56aa2ac6a8df807010a40bc2e9245d8335a0342e2ddbe7c7fc1655c5e12cba50,2023-06,North Wales Police,North Wales Police,-4.544549,53.258453,On or near Park/Open Space,W01000024,Isle of Anglesey 007E,Violence and sexual offences,Unable to prosecute suspect,
a95a0de8f30596d9ba9cb77530b76921bc173e478400f50998c0fb0e86030f85,2023-06,North Wales Police,North Wales Police,-4.520905,53.266895,On or near Trem Cymyran,W01000024,Isle of Anglesey 007E,Violence and sexual offences,Status update unavailable,
fe120b02895fd3b1b1b24db492a612a322d70536b2f48b504c6966471b2a3e2c,2023-06,North Wales Police,North Wales Police,-4.515675,53.233764,On or near Station Road,W01002008,Isle of Anglesey 007F,Criminal damage and arson,Court result unavailable,
bb9651b826fff20484527dbf9e52484fd89c8f2eb405a01e5b87c165327164f0,2023-06,North Wales Police,North Wales Police,-4.516590,53.230194,On or near Yr Encil,W01002008,Isle of Anglesey 007F,Criminal damage and arson,Investigation complete; no suspect identified,
302cca4f62a106013912e9151ef2a4a5869049573fa7ed2ff01c9f172ebdbf76,2023-06,North Wales Police,North Wales Police,-4.516590,53.230194,On or near Yr Encil,W01002008,Isle of Anglesey 007F,Criminal damage and arson,Investigation complete; no suspect identified,
1ea166fd6bb9f746283a16401e02caa98ac4d9ac7ff4863e81efe05427f6cb75,2023-06,North Wales Police,North Wales Police,-4.484456,53.228252,On or near Maes Cynlas,W01002008,Isle of Anglesey 007F,Public order,Further investigation is not in the public interest,
980c1e7f01908a6b3e0a4a2053b78a561d6b689286d94d3210f4f843f7b07b23,2023-06,North Wales Police,North Wales Police,-4.497153,53.230675,On or near Station Road,W01002008,Isle of Anglesey 007F,Violence and sexual offences,Unable to prosecute suspect,
1b24addcb9953ee339bdf03ba3b9107e490102092a71fe7ec0498a65523421ed,2023-06,North Wales Police,North Wales Police,-4.464072,53.190831,On or near Stryd Y Bangor,W01002008,Isle of Anglesey 007F,Violence and sexual offences,Investigation complete; no suspect identified,
49a3a4cc275cec7144c06b62716e463e903f20c4da5fc7c80ced4192c3454949,2023-06,North Wales Police,North Wales Police,-4.480717,53.225264,On or near Stad Y Felin,W01002008,Isle of Anglesey 007F,Violence and sexual offences,Unable to prosecute suspect,
123a67b3a9763e4928094c0a19dcc4965797e37bcb98d0855f7aa0ae74e08b7c,2023-06,North Wales Police,North Wales Police,-4.515675,53.233764,On or near Station Road,W01002008,Isle of Anglesey 007F,Violence and sexual offences,Court result unavailable,
260b19134240554347fd6696a7d4e98c1abdb196def51e6f9495013523c940e9,2023-06,North Wales Police,North Wales Police,-4.515675,53.233764,On or near Station Road,W01002008,Isle of Anglesey 007F,Violence and sexual offences,Court result unavailable,
1b3fc2fe0a57f878c450751427310a08a234423d88eccc2a4c2aab5ea1f98e3f,2023-06,North Wales Police,North Wales Police,-4.515675,53.233764,On or near Station Road,W01002008,Isle of Anglesey 007F,Violence and sexual offences,Investigation complete; no suspect identified,
,2023-06,North Wales Police,North Wales Police,-4.209117,53.221359,On or near Penuchedre,W01000008,Isle of Anglesey 008A,Anti-social behaviour,,
36b4ea81cd16df9bf2679d74a57d0c149ebbb7a1cdfb0743c8bcd7adc97eefa0,2023-06,North Wales Police,North Wales Police,-4.212876,53.221352,On or near Supermarket,W01000008,Isle of Anglesey 008A,Other theft,Investigation complete; no suspect identified,
2df593656419c2891e1cf08e5d97ebb36cf86b84cd71caeedcb532a71c286020,2023-06,North Wales Police,North Wales Police,-4.208575,53.223644,On or near Ty'N Rhos,W01000008,Isle of Anglesey 008A,Vehicle crime,Investigation complete; no suspect identified,
091cb26a34993e0d8bedf87e17b5ed70a2cbe00ca59f029533cc97a458c9ec8d,2023-06,North Wales Police,North Wales Police,-4.206960,53.223691,On or near Tyn Cae,W01000008,Isle of Anglesey 008A,Violence and sexual offences,Unable to prosecute suspect,
afc2fb19e4d1418364fc299672337e11b1d22d3a8d59b51f99e519309647048e,2023-06,North Wales Police,North Wales Police,-4.207892,53.222892,On or near Ty'N Caeau,W01000008,Isle of Anglesey 008A,Violence and sexual offences,Action to be taken by another organisation,
d03092dc59543e89d6c28705f86d1fb5276f27a96b33488428b4c296b6d90588,2023-06,North Wales Police,North Wales Police,-4.162576,53.226753,On or near High Street,W01000011,Isle of Anglesey 008B,Violence and sexual offences,Unable to prosecute suspect,
54d491da646c30d7739af9e442b6e2a80b445b4909bbeff104fa77f949bf9486,2023-06,North Wales Police,North Wales Police,-4.166558,53.222951,On or near Supermarket,W01000011,Isle of Anglesey 008B,Violence and sexual offences,Unable to prosecute suspect,
,2023-06,North Wales Police,North Wales Police,-4.162381,53.223196,On or near Brynafon,W01000011,Isle of Anglesey 008B,Anti-social behaviour,,
,2023-06,North Wales Police,North Wales Police,-4.163800,53.225490,On or near Wood Street,W01000011,Isle of Anglesey 008B,Anti-social behaviour,,
0cd8d597a581f1bf3e7fa2f504170de1d8df5b2ceed9962448a806f70b81ecd0,2023-06,North Wales Police,North Wales Police,-4.163903,53.222764,On or near New Street,W01000011,Isle of Anglesey 008B,Criminal damage and arson,Status update unavailable,
32bd0f779ef75221dacb5b32dcc9ac7b90751e2f6feb08c3b2fbac95699e6346,2023-06,North Wales Police,North Wales Police,-4.166024,53.225917,On or near Cil-Bedlam,W01000011,Isle of Anglesey 008B,Other theft,Investigation complete; no suspect identified,
2f91bee66dfd00d6e8e9db52129fbcffc3baf9e4f6c0765fdd4fa2f3605db720,2023-06,North Wales Police,North Wales Police,-4.163459,53.221693,On or near Beach Road,W01000011,Isle of Anglesey 008B,Vehicle crime,Investigation complete; no suspect identified,
0460bab6689797e57998490947debbe4a3de229bef75ce91f6580135a1a4e925,2023-06,North Wales Police,North Wales Police,-4.162576,53.226753,On or near High Street,W01000011,Isle of Anglesey 008B,Violence and sexual offences,Unable to prosecute suspect,
ebfe85eb44e84e8cb146c7a1efe32ee9985905184f598f81e556ece0ba013469,2023-06,North Wales Police,North Wales Police,-4.163076,53.225386,On or near Bridge Street,W01000011,Isle of Anglesey 008B,Violence and sexual offences,Unable to prosecute suspect,
699fd7a4b374bb64bce931462fec33d5b2840a626482b87794ffc9fbd60be7b9,2023-06,North Wales Police,North Wales Police,-4.166558,53.222951,On or near Supermarket,W01000011,Isle of Anglesey 008B,Violence and sexual offences,Local resolution,
,2023-06,North Wales Police,North Wales Police,-4.191129,53.222302,On or near Pant Lodge Estate,W01000015,Isle of Anglesey 008C,Anti-social behaviour,,
,2023-06,North Wales Police,North Wales Police,-4.205752,53.221466,On or near Parking Area,W01000015,Isle of Anglesey 008C,Anti-social behaviour,,
,2023-06,North Wales Police,North Wales Police,-4.195272,53.222766,On or near Caeau Penrallt,W01000015,Isle of Anglesey 008C,Anti-social behaviour,,
0dd2d5fe2502ba5f5ec07fc7526a125149b5ca801ac02648c1baa61b4a4f7dd8,2023-06,North Wales Police,North Wales Police,-4.200031,53.223262,On or near Ffordd Hen Ysgol,W01000015,Isle of Anglesey 008C,Criminal damage and arson,Investigation complete; no suspect identified,
05c3e520fe732bdad65c37223c222fd532f2541b5c1f965d635afed4821c5b36,2023-06,North Wales Police,North Wales Police,-4.195325,53.224383,On or near Lon Refail,W01000015,Isle of Anglesey 008C,Vehicle crime,Investigation complete; no suspect identified,
9ac4e5746f4ee012dc79b9188d838f4d15b104b565dc5c2ad27dc3e0d793731e,2023-06,North Wales Police,North Wales Police,-4.191129,53.222302,On or near Pant Lodge Estate,W01000015,Isle of Anglesey 008C,Violence and sexual offences,Offender given a caution,
,2023-06,North Wales Police,North Wales Police,-4.186828,53.239329,On or near Pentre Coed,W01000042,Isle of Anglesey 008D,Anti-social behaviour,,
,2023-06,North Wales Police,North Wales Police,-4.172586,53.229754,On or near Tyddyn Nicholas,W01000042,Isle of Anglesey 008D,Anti-social behaviour,,
,2023-06,North Wales Police,North Wales Police,-4.173808,53.232294,On or near Pen Rallt,W01000042,Isle of Anglesey 008D,Anti-social behaviour,,
12333c6e924ef2906d5cbf377a26e8fa510d061f38d6d63fbb8a6ff04656b015,2023-06,North Wales Police,North Wales Police,-4.170730,53.232161,On or near Tyddyn Isaf,W01000042,Isle of Anglesey 008D,Public order,Court result unavailable,
9ee2669e88b86caaa6100104558f40468fd78167ac464ddb1c3f125e6150d4c0,2023-06,North Wales Police,North Wales Police,-4.170730,53.232161,On or near Tyddyn Isaf,W01000042,Isle of Anglesey 008D,Public order,Court result unavailable,
39c9b505cec66092b5dd025548030e191169f9e2a34e3de4d571830c8d519de6,2023-06,North Wales Police,North Wales Police,-4.170730,53.232161,On or near Tyddyn Isaf,W01000042,Isle of Anglesey 008D,Violence and sexual offences,Court result unavailable,
1838176c59103c78c1909dcf117e91ea2bf8339bac04eb9c6ecd268888590b1c,2023-06,North Wales Police,North Wales Police,-4.167138,53.229880,On or near Garth Mostyn,W01000042,Isle of Anglesey 008D,Violence and sexual offences,Status update unavailable,
95ff36d118feec6330fc78067e1196cca897959c0faff8f449710a6278ac59d7,2023-06,North Wales Police,North Wales Police,-4.170730,53.232161,On or near Tyddyn Isaf,W01000042,Isle of Anglesey 008D,Violence and sexual offences,Status update unavailable,
3287edb00d8bf2a99c0a1c683cd4b4eba0e80fc1f7ed5de2ddcb7c50177b0569,2023-06,North Wales Police,North Wales Police,-4.170730,53.232161,On or near Tyddyn Isaf,W01000042,Isle of Anglesey 008D,Violence and sexual offences,Unable to prosecute suspect,
ba58e367be71d13dfd3001ddb02a99012266fda1428c2ea0cdeff5ca3597b392,2023-06,North Wales Police,North Wales Police,-4.167401,53.229453,On or near Tyddyn Mostyn,W01000042,Isle of Anglesey 008D,Violence and sexual offences,Unable to prosecute suspect,
371f61de379cf192e501c42c00a58af0d3d887e6ec902314fbf87de91b34b0d5,2023-06,North Wales Police,North Wales Police,-4.378812,53.195506,On or near Sports/Recreation Area,W01000007,Isle of Anglesey 009A,Other theft,Investigation complete; no suspect identified,
01ab52baab6e09e9d7c1e9a7661a77d798b45ca8ad9454e65f95af52eeb36929,2023-06,North Wales Police,North Wales Police,-4.342761,53.216764,On or near Lon Dywod,W01000007,Isle of Anglesey 009A,Public order,Unable to prosecute suspect,
b244c0a0c06731e13f2426ebf866b7dd3e724b03e90ff1fa4bad02d86ed2e944,2023-06,North Wales Police,North Wales Police,-4.402454,53.206081,On or near Cefn Derwen,W01000007,Isle of Anglesey 009A,Public order,Investigation complete; no suspect identified,
3b727c7ac1fe2b7266c01d2d26a1404c5837c2252da7b43609dee06d576bc620,2023-06,North Wales Police,North Wales Police,-4.378812,53.195506,On or near Sports/Recreation Area,W01000007,Isle of Anglesey 009A,Public order,Unable to prosecute suspect,
4b31c4d0abce99d13fe38c2728f37c62fd110fe93a9bee34f60ef9f372512d23,2023-06,North Wales Police,North Wales Police,-4.278149,53.222250,On or near Sports/Recreation Area,W01000025,Isle of Anglesey 009B,Violence and sexual offences,Unable to prosecute suspect,
3535b1e93681fd1e799776aec5e995995cfb9df7e091102efe09f895f8c14b50,2023-06,North Wales Police,North Wales Police,-4.275514,53.220594,On or near Garth Drive,W01000025,Isle of Anglesey 009B,Violence and sexual offences,Unable to prosecute suspect,
313e788c3a9785030136160906bb8e1868ef43b62636785aa19215ad2803d38f,2023-06,North Wales Police,North Wales Police,-4.234312,53.223343,On or near Holyhead Road,W01000025,Isle of Anglesey 009B,Violence and sexual offences,Unable to prosecute suspect,
e193f31d66c602edba5ba6f034779732f88d486e54f2064f2c34b287f3405b95,2023-06,North Wales Police,North Wales Police,-4.274480,53.220596,On or near Rhosdir,W01000025,Isle of Anglesey 009B,Violence and sexual offences,Investigation complete; no suspect identified,
9d4fae032c8a015d1cbc913093216495e9965008e14c9d4e7107d6ae27c8fdd9,2023-06,North Wales Police,North Wales Police,-4.276827,53.221064,On or near Maes Merddyn,W01000025,Isle of Anglesey 009B,Violence and sexual offences,Unable to prosecute suspect,
af88328e9e9285832c43d0f4502a08722c4a25781e052135e351cd854f426dd6,2023-06,North Wales Police,North Wales Police,-4.267085,53.222661,On or near Petrol Station,W01000025,Isle of Anglesey 009B,Violence and sexual offences,Unable to prosecute suspect,
,2023-06,North Wales Police,North Wales Police,-4.220774,53.204626,On or near Parking Area,W01000027,Isle of Anglesey 009C,Anti-social behaviour,,
,2023-06,North Wales Police,North Wales Police,-4.220774,53.204626,On or near Parking Area,W01000027,Isle of Anglesey 009C,Anti-social behaviour,,
,2023-06,North Wales Police,North Wales Police,-4.220774,53.204626,On or near Parking Area,W01000027,Isle of Anglesey 009C,Anti-social behaviour,,
e7e7616b2f65e2b51b3bc512d446ab9f1c93d50691a493191286d60431133300,2023-06,North Wales Police,North Wales Police,-4.274738,53.180231,On or near Field Street,W01000027,Isle of Anglesey 009C,Criminal damage and arson,Unable to prosecute suspect,
7f153038ee889179d3694ca1dc4d7c90cd6d5ac15258a84af3b05527fbcae4fe,2023-06,North Wales Police,North Wales Police,-4.275486,53.179372,On or near Ty'N Cwrt Estate,W01000027,Isle of Anglesey 009C,Other theft,Investigation complete; no suspect identified,
9fe63d8f7510b687c9756fcdf0696bae1c71608ba7cc8ac36f5b0f43e374f02c,2023-06,North Wales Police,North Wales Police,-4.272211,53.178580,On or near Bryn Y Gelli,W01000027,Isle of Anglesey 009C,Other theft,Investigation complete; no suspect identified,
ba202f4b8b418039a40ab1d0f85bf35bcee8e2427120dd1c10e03e3c82262a4c,2023-06,North Wales Police,North Wales Police,-4.231134,53.198525,On or near Brynsiencyn Road,W01000027,Isle of Anglesey 009C,Other theft,Investigation complete; no suspect identified,
dd52ea7c95d6d52076cfbbfa4eae7b3b90366b381054d29d4bb5f0d3c4cbe0cf,2023-06,North Wales Police,North Wales Police,-4.248029,53.209788,On or near Eurach Park,W01000027,Isle of Anglesey 009C,Violence and sexual offences,Unable to prosecute suspect,
f230f5f4348b40ab143b95351245e85eb555373476567b9ac17d2968ebdea6cb,2023-06,North Wales Police,North Wales Police,-4.275486,53.179372,On or near Ty'N Cwrt Estate,W01000027,Isle of Anglesey 009C,Violence and sexual offences,Unable to prosecute suspect,
,2023-06,North Wales Police,North Wales Police,-4.354926,53.166840,On or near Stad Hen Ysgol,W01000038,Isle of Anglesey 009D,Anti-social behaviour,,
,2023-06,North Wales Police,North Wales Police,-4.328377,53.163937,On or near Glan Dwr,W01000038,Isle of Anglesey 009D,Anti-social behaviour,,
,2023-06,North Wales Police,North Wales Police,-4.367138,53.169061,On or near High Street,W01000038,Isle of Anglesey 009D,Anti-social behaviour,,
af65f4e8af60ed90ab832c89f3c8af2e763462f7f35a46a8eb6ee6611e767dda,2023-06,North Wales Police,North Wales Police,-4.333637,53.166036,On or near Petrol Station,W01000038,Isle of Anglesey 009D,Other theft,Investigation complete; no suspect identified,
43f07d5106b1409682ecddd27ef1cfa0ee0b0209718f30cca38a2d3d3f2118c3,2023-06,North Wales Police,North Wales Police,-4.367138,53.169061,On or near High Street,W01000038,Isle of Anglesey 009D,Public order,Unable to prosecute suspect,
8446de889de4a2a8b684f9daa6dfb37b7a415dfb8adb20b65ee73933262fce88,2023-06,North Wales Police,North Wales Police,-4.367138,53.169061,On or near High Street,W01000038,Isle of Anglesey 009D,Violence and sexual offences,Unable to prosecute suspect,
f59edafdc3df84ee26ff0c093c5db0c4584c820821421bd48103af445bb4521a,2023-06,North Wales Police,North Wales Police,-4.358418,53.165305,On or near Parking Area,W01000038,Isle of Anglesey 009D,Violence and sexual offences,Investigation complete; no suspect identified,
f80fba6f7f2c62a8d0cfd74848ef98037a577ef94c7f116fb6e7f8bef9953501,2023-06,North Wales Police,North Wales Police,-3.844938,52.606200,On or near Bro Dulas,W01000442,Powys 004A,Violence and sexual offences,Unable to prosecute suspect,
,2023-06,North Wales Police,North Wales Police,-3.014523,53.076344,On or near Sports/Recreation Area,W01000374,Wrexham 003A,Anti-social behaviour,,
,2023-06,North Wales Police,North Wales Police,-3.018229,53.074368,On or near Tudor'S Avenue,W01000374,Wrexham 003A,Anti-social behaviour,,
,2023-06,North Wales Police,North Wales Police,-3.007644,53.076849,On or near Glan-Llyn Road,W01000374,Wrexham 003A,Anti-social behaviour,,
d00873cea9c05591ca2c2952807c4f2789d6cba151d4d499a27d96a9ed909a92,2023-06,North Wales Police,North Wales Police,-3.011073,53.076667,On or near Little Meadows,W01000374,Wrexham 003A,Criminal damage and arson,Investigation complete; no suspect identified,
15f1ee1fb6166dc8972d4925b82397d543ddfbfe3d844acc4173c15195463ced,2023-06,North Wales Police,North Wales Police,-3.011073,53.076667,On or near Little Meadows,W01000374,Wrexham 003A,Criminal damage and arson,Investigation complete; no suspect identified,
0190311b8c1aa28bb8c18342447a7cfde6ffb169ec10e7c0fb80e93119773aef,2023-06,North Wales Police,North Wales Police,-3.014729,53.073445,On or near Glan-Llyn Road,W01000374,Wrexham 003A,Other theft,Unable to prosecute suspect,
2be75d8d74570c240b573691b9fc10ab34282bbc3ac56caa875bcf9c0b22000f,2023-06,North Wales Police,North Wales Police,-3.010337,53.078363,On or near Park Wall Road,W01000374,Wrexham 003A,Public order,Further action is not in the public interest,
01927d2a1c26b275319733518dc9aae411103b6cd55034edaac1118d66aa8d54,2023-06,North Wales Police,North Wales Police,-3.011037,53.077692,On or near Heol Y Waen,W01000374,Wrexham 003A,Violence and sexual offences,Unable to prosecute suspect,
eae1d7f51816ade5dac5e7b6816ac887e0678dc418186f1456285ff28ed7fde6,2023-06,North Wales Police,North Wales Police,-3.018229,53.074368,On or near Tudor'S Avenue,W01000374,Wrexham 003A,Violence and sexual offences,Formal action is not in the public interest,
a2dbe74500fa80ca96c69ecb1e177f6d1577f6c11c467934645c87a65ce4b25b,2023-06,North Wales Police,North Wales Police,-3.018229,53.074368,On or near Tudor'S Avenue,W01000374,Wrexham 003A,Violence and sexual offences,Unable to prosecute suspect,
395d45c82a75dc68f08418e8d03204e9abefab71be0a6b09efe189d56c39c3cd,2023-06,North Wales Police,North Wales Police,-3.012947,53.079217,On or near Sports/Recreation Area,W01000374,Wrexham 003A,Violence and sexual offences,Further investigation is not in the public interest,
0cd0cd91b29425d7bf31e2b09c36678a7472056c678820c4d8f64785aec95e79,2023-06,North Wales Police,North Wales Police,-3.011037,53.077692,On or near Heol Y Waen,W01000374,Wrexham 003A,Violence and sexual offences,Unable to prosecute suspect,
a0cd84dadd020c03c1911701dd00a70e5330eb9048a8a54bc4f06711e2c5ad1c,2023-06,North Wales Police,North Wales Police,-3.011037,53.077692,On or near Heol Y Waen,W01000374,Wrexham 003A,Violence and sexual offences,Status update unavailable,
1a8a61bcad73a4450a08d03d9ac8d2e40d0d8cc547e594cda4e7e18cbada4c49,2023-06,North Wales Police,North Wales Police,-3.006447,53.069038,On or near Maes Hyfryd,W01000375,Wrexham 003B,Violence and sexual offences,Investigation complete; no suspect identified,
,2023-06,North Wales Police,North Wales Police,-3.001894,53.064510,On or near Ffordd Fferm Uchaf,W01000375,Wrexham 003B,Anti-social behaviour,,
,2023-06,North Wales Police,North Wales Police,-3.002738,53.069357,On or near St Peters Close,W01000375,Wrexham 003B,Anti-social behaviour,,
2c2e5a970eed5ee3db6a18fff252265a9de68f89b5ce51953c306ce2759e139d,2023-06,North Wales Police,North Wales Police,-2.996111,53.070644,On or near Plas Acton Road,W01000375,Wrexham 003B,Criminal damage and arson,Investigation complete; no suspect identified,
a09584f8675dea625d2af97df85a898d091b5d62c9591176a5d8c701d704a6ac,2023-06,North Wales Police,North Wales Police,-3.013674,53.071737,On or near Lon Dodd,W01000375,Wrexham 003B,Other theft,Investigation complete; no suspect identified,
2ee12881ef901d3278bc9beb544f51a63414f2d2f9c5ea89329e59c97ad0330f,2023-06,North Wales Police,North Wales Police,-2.992958,53.073053,On or near Ffordd Arley,W01000375,Wrexham 003B,Other theft,Investigation complete; no suspect identified,
1089a54f4aaa38692d7217b619267ac77bb99fae9d3f1cc82eb67d41b6bf7053,2023-06,North Wales Police,North Wales Police,-3.006447,53.069038,On or near Maes Hyfryd,W01000375,Wrexham 003B,Other theft,Investigation complete; no suspect identified,
f3da7b3d03cfd615acb381b7baa492a92c9d70b06631cdd8489208d3427c63eb,2023-06,North Wales Police,North Wales Police,-3.002738,53.069357,On or near St Peters Close,W01000375,Wrexham 003B,Public order,Investigation complete; no suspect identified,
85680779f79e0d8e9564131eda062ae15ce14cb3b071fd006e3480280f5804d3,2023-06,North Wales Police,North Wales Police,-3.002738,53.069357,On or near St Peters Close,W01000375,Wrexham 003B,Public order,Investigation complete; no suspect identified,
54fd33e1f298515059de4aba723b4f7d3810e5072e670d3da1038c209da13df0,2023-06,North Wales Police,North Wales Police,-3.002738,53.069357,On or near St Peters Close,W01000375,Wrexham 003B,Public order,Investigation complete; no suspect identified,
2c2c9b5040e09f88062b3a456652565043a9c93670e938690100afe2e3f2a138,2023-06,North Wales Police,North Wales Police,-3.015319,53.071857,On or near Parking Area,W01000375,Wrexham 003B,Shoplifting,Investigation complete; no suspect identified,
d680da3b32eca3518e395b37544688d64146f14c196f691adfe1040e8ac6f390,2023-06,North Wales Police,North Wales Police,-3.015319,53.071857,On or near Parking Area,W01000375,Wrexham 003B,Shoplifting,Court result unavailable,
3500dc49ee1a5c21dd141b014d3b9ae84bc659b7e0d230b45925d63fc2a0b5bb,2023-06,North Wales Police,North Wales Police,-3.015319,53.071857,On or near Parking Area,W01000375,Wrexham 003B,Shoplifting,Investigation complete; no suspect identified,
12339675eec32fd16205e6108c624274bb2fdad3a02ecbfb92d83a48f18f5a7f,2023-06,North Wales Police,North Wales Police,-3.015319,53.071857,On or near Parking Area,W01000375,Wrexham 003B,Shoplifting,Investigation complete; no suspect identified,
4bf46947f846e23ef01f2d2de272a19796057bbd45945f6021f9b0b4327731e9,2023-06,North Wales Police,North Wales Police,-3.015319,53.071857,On or near Parking Area,W01000375,Wrexham 003B,Shoplifting,Investigation complete; no suspect identified,
159597a39882a8ae38443947633db72c65b72a7a2ed3b310711937054835ae95,2023-06,North Wales Police,North Wales Police,-3.015319,53.071857,On or near Parking Area,W01000375,Wrexham 003B,Shoplifting,Investigation complete; no suspect identified,
81e4c3f3c6f66c19a0bd78242a8024750c508db9ee556bcbdb85d5564d28eb74,2023-06,North Wales Police,North Wales Police,-2.996111,53.070644,On or near Plas Acton Road,W01000375,Wrexham 003B,Vehicle crime,Unable to prosecute suspect,
310cd852f4f412769efb0ec87995a0bf9612f5eca7eb0e67c7328a3625676b85,2023-06,North Wales Police,North Wales Police,-3.006447,53.069038,On or near Maes Hyfryd,W01000375,Wrexham 003B,Violence and sexual offences,Court result unavailable,
23705ba158820b0f9589e736d4e1b4ee41452fb863601bc9697f6b993f224ce3,2023-06,North Wales Police,North Wales Police,-3.015319,53.071857,On or near Parking Area,W01000375,Wrexham 003B,Violence and sexual offences,Investigation complete; no suspect identified,
480dbec719b83ddb385d3cd4579e4e77c2745d41691a6e4fb2c04381afc29a66,2023-06,North Wales Police,North Wales Police,-3.017620,53.068790,On or near Old Mold Road,W01000375,Wrexham 003B,Violence and sexual offences,Unable to prosecute suspect,
5715c366696593b5fc3e97c0a770502b1cc1e5782356448793920a771469a7f9,2023-06,North Wales Police,North Wales Police,-3.013674,53.071737,On or near Lon Dodd,W01000375,Wrexham 003B,Violence and sexual offences,Unable to prosecute suspect,
ddc0e9ad5ff25b4913e833111354b45742d23e16deea9fd00bbb8a11010591d5,2023-06,North Wales Police,North Wales Police,-3.016030,53.071015,On or near Fairwood Drive,W01000375,Wrexham 003B,Violence and sexual offences,Investigation complete; no suspect identified,
24b0fdf9b579d1f672dbfc25ad0b30126fb5f2754905d0b767fd5e3d448149d5,2023-06,North Wales Police,North Wales Police,-2.992958,53.073053,On or near Ffordd Arley,W01000375,Wrexham 003B,Other crime,Further investigation is not in the public interest,
,2023-06,North Wales Police,North Wales Police,-3.017427,53.077728,On or near Regent Close,W01000376,Wrexham 003C,Anti-social behaviour,,
,2023-06,North Wales Police,North Wales Police,-3.017427,53.077728,On or near Regent Close,W01000376,Wrexham 003C,Anti-social behaviour,,
a586d3a6212cee4c8bc3df8685c934773c839d56d99aa0b217c175b07ba49b6e,2023-06,North Wales Police,North Wales Police,-3.008300,53.079999,On or near Barretts Hill,W01000376,Wrexham 003C,Criminal damage and arson,Unable to prosecute suspect,
6eb45c451cd0e85c3a536e69471b0bef2edbeeeadb6c9ab4ef9eb47382a9fd2c,2023-06,North Wales Police,North Wales Police,-3.017427,53.077728,On or near Regent Close,W01000376,Wrexham 003C,Violence and sexual offences,Unable to prosecute suspect,
8d934fb3651a6c859f61b458f6f27d70daf90bd9085ff248337470acea09bdd4,2023-06,North Wales Police,North Wales Police,-3.017427,53.077728,On or near Regent Close,W01000376,Wrexham 003C,Violence and sexual offences,Unable to prosecute suspect,
5c28a94ee43008be55c3fffad9cb3110d05d555b9d4f8d5d3a144b296a2c4767,2023-06,North Wales Police,North Wales Police,-2.999827,53.092530,On or near Ffordd Newydd Llai,W01000391,Wrexham 003D,Criminal damage and arson,Unable to prosecute suspect,
5c2cd976ccb3516d365645acede54b2647e4091b6fbd06b869688534bd2b7c84,2023-06,North Wales Police,North Wales Police,-2.996354,53.088918,On or near Mayville Avenue,W01000391,Wrexham 003D,Violence and sexual offences,Unable to prosecute suspect,
,2023-06,North Wales Police,North Wales Police,-3.000677,53.094383,On or near Llay Hall Avenue,W01000392,Wrexham 003E,Anti-social behaviour,,
,2023-06,North Wales Police,North Wales Police,-2.992390,53.090542,On or near Victory Place,W01000392,Wrexham 003E,Anti-social behaviour,,
,2023-06,North Wales Police,North Wales Police,-2.993959,53.089936,On or near Pentre Street,W01000392,Wrexham 003E,Anti-social behaviour,,
,2023-06,North Wales Police,North Wales Police,-2.991000,53.091165,On or near Dingle Place,W01000392,Wrexham 003E,Anti-social behaviour,,
4b099193925c7c3855a5c3c605100ca17e59de12f19cccec13a6cd249205d75e,2023-06,North Wales Police,North Wales Police,-2.995899,53.093785,On or near Eighth Avenue,W01000392,Wrexham 003E,Burglary,Unable to prosecute suspect,
73c4bde2cdcc055e48dd325964b8c459b24670b9a664fd5070c9bcbaefb7a24a,2023-06,North Wales Police,North Wales Police,-2.992390,53.090542,On or near Victory Place,W01000392,Wrexham 003E,Criminal damage and arson,Status update unavailable,
25fe86634e4eabf4f4f5fbd20dbadf2f544290e7bdde994f01d431ec922a3c43,2023-06,North Wales Police,North Wales Police,-2.990199,53.092053,On or near Bryn Place,W01000392,Wrexham 003E,Criminal damage and arson,Unable to prosecute suspect,
d49a15f733dcae3c16446554b43601a48f34a2462a29bcd58236f0e7e101b29e,2023-06,North Wales Police,North Wales Police,-3.000658,53.095516,On or near Third Avenue,W01000392,Wrexham 003E,Other theft,Investigation complete; no suspect identified,
3185c8131ca68d858bbce71671f6fe60d84f074f13bc218f7f41dda0af04d458,2023-06,North Wales Police,North Wales Police,-2.992390,53.090542,On or near Victory Place,W01000392,Wrexham 003E,Public order,Unable to prosecute suspect,
bee33bd31016c55a36a8b4a12cc12cd12e12059bb93c906ff56529d7cc3c7bda,2023-06,North Wales Police,North Wales Police,-2.992390,53.090542,On or near Victory Place,W01000392,Wrexham 003E,Public order,Further investigation is not in the public interest,
67a6d617cf7659152c8cc00a8b2b5df8ec580c8cc3defbd8e23279045ea6e394,2023-06,North Wales Police,North Wales Police,-2.992390,53.090542,On or near Victory Place,W01000392,Wrexham 003E,Violence and sexual offences,Further investigation is not in the public interest,
f02ea94915631723c19c2161a6d111039b6256736c86b0da6f8e838a41eede3e,2023-06,North Wales Police,North Wales Police,-2.996335,53.094554,On or near Seventh Avenue,W01000392,Wrexham 003E,Violence and sexual offences,Unable to prosecute suspect,
6b03fca2d75215f80db8e0ad5cae1d3ed8775db027f82a9aac1caa0424f88480,2023-06,North Wales Police,North Wales Police,-2.993612,53.093678,On or near Eleventh Avenue,W01000392,Wrexham 003E,Violence and sexual offences,Unable to prosecute suspect,
ab32b52970e55358f15d47a693e51f79c8887013bf814647dcd5e1397f005c17,2023-06,North Wales Police,North Wales Police,-2.991000,53.091165,On or near Dingle Place,W01000392,Wrexham 003E,Violence and sexual offences,Further investigation is not in the public interest,
ec928fffbfdffa5fe0f209158ff139b0527060cbdbb90721999295f837b7922c,2023-06,North Wales Police,North Wales Police,-2.999416,53.094124,On or near Oak Tree Avenue,W01000392,Wrexham 003E,Violence and sexual offences,Unable to prosecute suspect,
,2023-06,North Wales Police,North Wales Police,-3.031455,53.078173,On or near New Road,W01000377,Wrexham 004A,Anti-social behaviour,,
1f25d3929f2cf4112a68c0c067be769b59fd2e8b6b6b760490f292080b2f6eca,2023-06,North Wales Police,North Wales Police,-3.031213,53.091147,On or near Bronallt,W01000377,Wrexham 004A,Burglary,Status update unavailable,
4aaf6968d60c82d101cfec1d9460c9f982222d080c0b450750f059ab78f7537c,2023-06,North Wales Police,North Wales Police,-3.026721,53.077459,On or near Cedar Drive,W01000377,Wrexham 004A,Criminal damage and arson,Investigation complete; no suspect identified,
86d305c11b7f7f22be47eede6f311148fa514473e16cbc9bea320af74fc208fb,2023-06,North Wales Police,North Wales Police,-3.031213,53.091147,On or near Bronallt,W01000377,Wrexham 004A,Criminal damage and arson,Unable to prosecute suspect,
1451efd1b9f53af57018a0ccac43ed0456bb7fe84f8fb6f8c91d831f5d8751b3,2023-06,North Wales Police,North Wales Police,-3.031455,53.078173,On or near New Road,W01000377,Wrexham 004A,Criminal damage and arson,Unable to prosecute suspect,
34573164344dc3f9823fcf8682913fc8f001f1c8982e560c5ce2192ad0316345,2023-06,North Wales Police,North Wales Police,-3.028762,53.077891,On or near Beech Street,W01000377,Wrexham 004A,Public order,Investigation complete; no suspect identified,
cb3d63ff8a926bcf061fa7d99bb2d96c903d2ab47bf3cbd5ba09a684bb25184e,2023-06,North Wales Police,North Wales Police,-3.028762,53.077891,On or near Beech Street,W01000377,Wrexham 004A,Public order,Unable to prosecute suspect,
f314315b23cb01e2e562e8e8d0826a6e5f2b1e0fdb2e306869aa7d8b7b520c73,2023-06,North Wales Police,North Wales Police,-3.030489,53.091459,On or near Bryn Derw,W01000377,Wrexham 004A,Violence and sexual offences,Court result unavailable,
87eb9a8c86f7de04d0521124554e3aac3e3cd21f88ac3fa352dea4cedfb05ec1,2023-06,North Wales Police,North Wales Police,-3.028762,53.077891,On or near Beech Street,W01000377,Wrexham 004A,Violence and sexual offences,Court result unavailable,
cda20ffb92eb8650faec30667620896e6cba40b64644979ce27de926892e96fa,2023-06,North Wales Police,North Wales Police,-3.029777,53.079761,On or near Summer Hill Park,W01000377,Wrexham 004A,Violence and sexual offences,Unable to prosecute suspect,
e8773f3b4b9df1964d2e80a2b4009e42d69f11e7074f22e23de4d97b058ecc17,2023-06,North Wales Police,North Wales Police,-3.026889,53.076343,On or near Heol Cefn,W01000378,Wrexham 004B,Criminal damage and arson,Unable to prosecute suspect,
,2023-06,North Wales Police,North Wales Police,-3.027226,53.073571,On or near Heol- Y-Coed,W01000378,Wrexham 004B,Anti-social behaviour,,
,2023-06,North Wales Police,North Wales Police,-3.024334,53.073758,On or near Heol-Yr-Eglwys,W01000378,Wrexham 004B,Anti-social behaviour,,
,2023-06,North Wales Police,North Wales Police,-3.020915,53.073095,On or near Alyn Way,W01000378,Wrexham 004B,Anti-social behaviour,,
,2023-06,North Wales Police,North Wales Police,-3.029618,53.077497,On or near Bottom Road,W01000378,Wrexham 004B,Anti-social behaviour,,
f583747c84197ba2616637b9aded59841465b12d26dc1eb9df14373452303300,2023-06,North Wales Police,North Wales Police,-3.028130,53.077069,On or near Cedar Mews,W01000378,Wrexham 004B,Vehicle crime,Investigation complete; no suspect identified,
30260c56013aff8386dcfbc6c5befbe872e960cc7ee3bd0e035b90313f63f978,2023-06,North Wales Police,North Wales Police,-3.027226,53.073571,On or near Heol- Y-Coed,W01000378,Wrexham 004B,Violence and sexual offences,Status update unavailable,
741295fd6da0547d396fe2b8682b896263ca641b00fee9197d72e1c550e0409a,2023-06,North Wales Police,North Wales Police,-3.022561,53.074492,On or near Llys Alyn,W01000378,Wrexham 004B,Violence and sexual offences,Action to be taken by another organisation,
b05ad7314ca0727c573b4a2dfdae4fdcb915cb61c4d6dde21df006041e9e76ee,2023-06,North Wales Police,North Wales Police,-3.020915,53.073095,On or near Alyn Way,W01000378,Wrexham 004B,Violence and sexual offences,Investigation complete; no suspect identified,
48b3f7dc6619c77f21f158af3e1b894489964965664e5e7454cc177564b13263,2023-06,North Wales Police,North Wales Police,-3.026889,53.076343,On or near Heol Cefn,W01000378,Wrexham 004B,Violence and sexual offences,Unable to prosecute suspect,
cbb758865c29c33c103b4a2ee4c8789e56f91f04ff450bcf4a8480dd1bcfe925,2023-06,North Wales Police,North Wales Police,-3.030002,53.076082,On or near White Lion Close,W01000378,Wrexham 004B,Violence and sexual offences,Investigation complete; no suspect identified,
be997b0fdbd9e8e81923ca7e201d84229dc548fd83c6f5d7590fe059ef6a2990,2023-06,North Wales Police,North Wales Police,-3.024762,53.068522,On or near Wheat Close,W01000379,Wrexham 004C,Other theft,Unable to prosecute suspect,
,2023-06,North Wales Police,North Wales Police,-3.027324,53.072042,On or near Bryn Coed,W01000379,Wrexham 004C,Anti-social behaviour,,
,2023-06,North Wales Police,North Wales Police,-3.024762,53.068522,On or near Wheat Close,W01000379,Wrexham 004C,Anti-social behaviour,,
,2023-06,North Wales Police,North Wales Police,-3.023790,53.069672,On or near Hamlington Avenue,W01000379,Wrexham 004C,Anti-social behaviour,,
239bb4a8881d9ad7ddd6d4c3df62a8eece50bda19830a3e66994fdb1e4df9e23,2023-06,North Wales Police,North Wales Police,-3.023845,53.072027,On or near Fourth Avenue,W01000379,Wrexham 004C,Criminal damage and arson,Investigation complete; no suspect identified,
e8722ff7f913e090d1561a24510f9e54c9b0574382f19dd7217b9083d1f8cf0b,2023-06,North Wales Police,North Wales Police,-3.026032,53.071721,On or near Third Avenue,W01000379,Wrexham 004C,Criminal damage and arson,Local resolution,
33de622119f282280c1719ad18e0254615e26925dce10a69377e9fc3b7ae2d19,2023-06,North Wales Police,North Wales Police,-3.027324,53.072042,On or near Bryn Coed,W01000379,Wrexham 004C,Other theft,Court result unavailable,
8bcbb5dd0cfdc2158ecb510bb6a8cfd23694a3ef45c0a066064f0c0ae54d4528,2023-06,North Wales Police,North Wales Police,-3.020360,53.069189,On or near Viking Close,W01000379,Wrexham 004C,Other theft,Investigation complete; no suspect identified,
6dfae406bc5e654a1a9b2fcf5cde880c84e7d3a2be9bbf908faec194037b8f99,2023-06,North Wales Police,North Wales Police,-3.027324,53.072042,On or near Bryn Coed,W01000379,Wrexham 004C,Violence and sexual offences,Unable to prosecute suspect,
671217d392d04afbed796cc207834f733edca9f0b7199e3c3ee2ecd2ec7224f2,2023-06,North Wales Police,North Wales Police,-3.019919,53.069472,On or near Saxon Road,W01000379,Wrexham 004C,Violence and sexual offences,Unable to prosecute suspect,
ad217649790914bc91dd1248ba9367dfe4236d292f370acfc56b076b3994186c,2023-06,North Wales Police,North Wales Police,-3.022152,53.071727,On or near Second Avenue,W01000379,Wrexham 004C,Violence and sexual offences,Court result unavailable,
1e58d3bcd3171afbc6f606500d0c3b8eeee8d480b25577bcac73c5d0183bb574,2023-06,North Wales Police,North Wales Police,-3.022152,53.071727,On or near Second Avenue,W01000379,Wrexham 004C,Violence and sexual offences,Court result unavailable,
d263b546ea0ee9794c63d1b49dc59010d3e7527582c23d1377ae0900608b4786,2023-06,North Wales Police,North Wales Police,-3.024762,53.068522,On or near Wheat Close,W01000379,Wrexham 004C,Violence and sexual offences,Unable to prosecute suspect,
7bba43c468d1a155ca30d206d9c921e7ab34dc29882495dd0f8c0669cc07fe77,2023-06,North Wales Police,North Wales Police,-3.023790,53.069672,On or near Hamlington Avenue,W01000379,Wrexham 004C,Violence and sexual offences,Unable to prosecute suspect,
fde71f97786d47d037c8bfaa3de72d527c3fdf09ab08e6df647593ec6e7ef849,2023-06,North Wales Police,North Wales Police,-3.022950,53.070785,On or near Wheatsheaf Lane,W01000379,Wrexham 004C,Violence and sexual offences,Investigation complete; no suspect identified,
,2023-06,North Wales Police,North Wales Police,-3.021344,53.065981,On or near Terrig Way,W01000380,Wrexham 004D,Anti-social behaviour,,
4e29506214bb720ecdfd9affa21e8efd806b8f991a0a76308d06e5f60e177979,2023-06,North Wales Police,North Wales Police,-3.016900,53.066765,On or near Ferndale Rise,W01000380,Wrexham 004D,Other theft,Investigation complete; no suspect identified,
2562f1aacb9fc2e19217f6f3bdff1aa19ab3702691c5fe087d07e7d71e0124d3,2023-06,North Wales Police,North Wales Police,-3.022537,53.062141,On or near Highfield Road,W01000380,Wrexham 004D,Public order,Unable to prosecute suspect,
cac1996a5ee45702e6be9085c94682f3949c99608a0c910735cbaadc6bd2d6de,2023-06,North Wales Police,North Wales Police,-3.018486,53.065025,On or near Maes Gwyrdd,W01000380,Wrexham 004D,Violence and sexual offences,Unable to prosecute suspect,
a29c21e91dc047ebb32bec9c84a2987650f50e62a57e130e714dbbaf0f85dbcc,2023-06,North Wales Police,North Wales Police,-3.022540,53.067975,On or near Mendip Close,W01000380,Wrexham 004D,Violence and sexual offences,Investigation complete; no suspect identified,
74be9c1c12c0963c0acddddc82bce9df9b2929565d7c8377548ba70ea73c5888,2023-06,North Wales Police,North Wales Police,-3.018486,53.065025,On or near Maes Gwyrdd,W01000380,Wrexham 004D,Violence and sexual offences,Court result unavailable,
3c664574853c7fc13cf736477798244c38dc25dfec1f8b49c2ab81edf9294d06,2023-06,North Wales Police,North Wales Police,-3.022540,53.067975,On or near Mendip Close,W01000380,Wrexham 004D,Violence and sexual offences,Investigation complete; no suspect identified,
52b4d408ccf05353ed73e0f55f7dc59652a505cac0b96505ecf7612e71370d3f,2023-06,North Wales Police,North Wales Police,-3.022537,53.062141,On or near Highfield Road,W01000380,Wrexham 004D,Violence and sexual offences,Unable to prosecute suspect,
cd206e01479677ee8f3a2e9ce155f53ccf89a53293e6256416c3eb3c8a6b08c8,2023-06,North Wales Police,North Wales Police,-3.018486,53.065025,On or near Maes Gwyrdd,W01000380,Wrexham 004D,Violence and sexual offences,Unable to prosecute suspect,
,2023-06,North Wales Police,North Wales Police,-3.037468,53.064367,On or near Maesteg,W01000351,Wrexham 005A,Anti-social behaviour,,
,2023-06,North Wales Police,North Wales Police,-3.048570,53.077871,On or near Clayton Road,W01000351,Wrexham 005A,Anti-social behaviour,,
,2023-06,North Wales Police,North Wales Police,-3.034838,53.075438,On or near Moss Road,W01000351,Wrexham 005A,Anti-social behaviour,,
,2023-06,North Wales Police,North Wales Police,-3.034414,53.071441,On or near Westminster Road,W01000351,Wrexham 005A,Anti-social behaviour,,
2886b83abdb05029afed6d14fd1083e8ab804a129e116e05f75df9855a739e8b,2023-06,North Wales Police,North Wales Police,-3.042308,53.074465,On or near Penrallt,W01000351,Wrexham 005A,Criminal damage and arson,Further action is not in the public interest,
540be6e2008549a06a46d21e16102af4688be833b651b8c85e32f6b9f7ca84ed,2023-06,North Wales Police,North Wales Police,-3.048570,53.077871,On or near Clayton Road,W01000351,Wrexham 005A,Criminal damage and arson,Investigation complete; no suspect identified,
152cabe5aa6fbbf1eb1919d402fde9ba72f0abcc2d03e0bf2632a454366bc37d,2023-06,North Wales Police,North Wales Police,-3.039809,53.072967,On or near Gwalia Road,W01000351,Wrexham 005A,Violence and sexual offences,Investigation complete; no suspect identified,
c24784dae4da190b532f590392457df18ec006a815cf5647db6d69fe86cc2d8a,2023-06,North Wales Police,North Wales Police,-3.040355,53.077673,On or near Pleasant View,W01000351,Wrexham 005A,Violence and sexual offences,Unable to prosecute suspect,
c176620c08fce6bfde13d3240f5348f85f468329e5ada0ef085fce251febcbaa,2023-06,North Wales Police,North Wales Police,-3.037468,53.064367,On or near Maesteg,W01000351,Wrexham 005A,Violence and sexual offences,Action to be taken by another organisation,
965887e01359429167e6b12c539016520580eb730041519760027a20b8b100d4,2023-06,North Wales Police,North Wales Police,-3.047275,53.075527,On or near Plas Dur,W01000351,Wrexham 005A,Violence and sexual offences,Unable to prosecute suspect,
1a2ff2702a0c571ccb90738ca98121b1d6f7f0ab8fa69d786c0edb401418fdd3,2023-06,North Wales Police,North Wales Police,-3.037468,53.064367,On or near Maesteg,W01000351,Wrexham 005A,Violence and sexual offences,Unable to prosecute suspect,
,2023-06,North Wales Police,North Wales Police,-3.042635,53.058326,On or near Church Road,W01000373,Wrexham 005B,Anti-social behaviour,,
705e0ac9469959e3328245d5a6ae1ba2476ce840c453e99eb783520e48bbddec,2023-06,North Wales Police,North Wales Police,-3.036206,53.062140,On or near Darby Road,W01000373,Wrexham 005B,Burglary,Local resolution,
e9809234b1c03bccee9eb136eb10cc2b376972ab166e4b9be1e973a10fec6199,2023-06,North Wales Police,North Wales Police,-3.034194,53.061006,On or near Bryn Goleu,W01000373,Wrexham 005B,Criminal damage and arson,Investigation complete; no suspect identified,
852fdbc46a55a3fd5671750040ee9fcf5839e096f19968d062ad85291937dace,2023-06,North Wales Police,North Wales Police,-3.036785,53.060795,On or near Bryn-Yr-Onnen,W01000373,Wrexham 005B,Criminal damage and arson,Unable to prosecute suspect,
d38082378f09d93f6031b3e80efd3c9a4d05f8bde2483acae539c0f858d45cf4,2023-06,North Wales Police,North Wales Police,-3.034202,53.058238,On or near School Lane,W01000373,Wrexham 005B,Other theft,Investigation complete; no suspect identified,
0b704903dc4d9e35e15229a17028eb500b892a6343b93a6f6280e6b621c90fbf,2023-06,North Wales Police,North Wales Police,-3.040936,53.058422,On or near Ffordd Treftadaeth,W01000373,Wrexham 005B,Public order,Investigation complete; no suspect identified,
16cb4a9aa182a6582124b64d766b4ca7d82f22ea0afce976fbe2705103b6a0d8,2023-06,North Wales Police,North Wales Police,-3.037336,53.061348,On or near Frondeg,W01000373,Wrexham 005B,Vehicle crime,Investigation complete; no suspect identified,
92caf775a998b0ff96fb6b5ff5342eaa37ceff86850a13eecc6d5b7ba03011fd,2023-06,North Wales Police,North Wales Police,-3.036785,53.060795,On or near Bryn-Yr-Onnen,W01000373,Wrexham 005B,Violence and sexual offences,Court result unavailable,
79144bede4d8832422143ba1ab30865c2eac73c4538b2583603c73e977ee6682,2023-06,North Wales Police,North Wales Police,-3.036206,53.062140,On or near Darby Road,W01000373,Wrexham 005B,Violence and sexual offences,Unable to prosecute suspect,
c4f6067b40e4397c30b56f1a46dd6415971168beb8d57abe94367aadc6bd8c2d,2023-06,North Wales Police,North Wales Police,-3.036206,53.062140,On or near Darby Road,W01000373,Wrexham 005B,Violence and sexual offences,Unable to prosecute suspect,
4712f98c98675b3b91706434a62bd2da17734cf441bd3d27c8c2cba4e54a00db,2023-06,North Wales Police,North Wales Police,-3.035034,53.061817,On or near Lansbury Grove,W01000373,Wrexham 005B,Violence and sexual offences,Court result unavailable,
50c0064728667722b2248dad956f4c76eff1e3d9570c6b8b24e875495a229f2c,2023-06,North Wales Police,North Wales Police,-3.034634,53.061308,On or near Vale View,W01000373,Wrexham 005B,Violence and sexual offences,Unable to prosecute suspect,
43415440876badfcadcb11357b1e9b52a09d0312c9285334db602eb851d9eb5f,2023-06,North Wales Police,North Wales Police,-3.027623,53.049530,On or near Strytybydden,W01000400,Wrexham 005C,Violence and sexual offences,Unable to prosecute suspect,
,2023-06,North Wales Police,North Wales Police,-3.028198,53.053633,On or near Ffordd Powell,W01000400,Wrexham 005C,Anti-social behaviour,,
,2023-06,North Wales Police,North Wales Police,-3.028914,53.056126,On or near Coronation Road,W01000400,Wrexham 005C,Anti-social behaviour,,
757ee61f934ed562630579252d2be78e9ec39c2d0388834a6e8b023345783d3e,2023-06,North Wales Police,North Wales Police,-3.024496,53.058546,On or near Solway Court,W01000400,Wrexham 005C,Criminal damage and arson,Investigation complete; no suspect identified,
bb0a625a737c749da4eeaf31b09c42d3ee1251a9061ac5d55b5c94c6848271d1,2023-06,North Wales Police,North Wales Police,-3.025199,53.054882,On or near Hall View,W01000400,Wrexham 005C,Criminal damage and arson,Investigation complete; no suspect identified,
7ac9b5fc1f3bb9d87e24f8380fc7de59ad78c9b0d26e8495810fb6b314feb7dc,2023-06,North Wales Police,North Wales Police,-3.030342,53.056536,On or near Dale Road,W01000400,Wrexham 005C,Criminal damage and arson,Investigation complete; no suspect identified,
20be815298655bdd47f20bbce9a09ac4101f586db2472af6f852d66ac9182363,2023-06,North Wales Police,North Wales Police,-3.029955,53.055973,On or near Dale Court,W01000400,Wrexham 005C,Other theft,Unable to prosecute suspect,
46fcca24e1b28cc3f5c4ea61d2e358b2336258575fc8cbd7dddac3abfdb390d2,2023-06,North Wales Police,North Wales Police,-3.032683,53.059626,On or near Bryn Awel,W01000400,Wrexham 005C,Other theft,Unable to prosecute suspect,
842df435a05225a5c6e6613d0be43443df251e3ea1955bb231f781952ca42bae,2023-06,North Wales Police,North Wales Police,-3.028914,53.056126,On or near Coronation Road,W01000400,Wrexham 005C,Vehicle crime,Investigation complete; no suspect identified,
2c9804729d2029cdec4d0d971b50fa5b4fb81eebbc9089097093fd98a6a9881e,2023-06,North Wales Police,North Wales Police,-3.028198,53.053633,On or near Ffordd Powell,W01000400,Wrexham 005C,Violence and sexual offences,Unable to prosecute suspect,
68ab6341faf369024be195199dfd2e3cf4be29adcdcdb7436831e1d68b291932,2023-06,North Wales Police,North Wales Police,-3.029955,53.055973,On or near Dale Court,W01000400,Wrexham 005C,Violence and sexual offences,Unable to prosecute suspect,
,2023-06,North Wales Police,North Wales Police,-3.031786,53.062663,On or near Grenadin Close,W01000401,Wrexham 005D,Anti-social behaviour,,
,2023-06,North Wales Police,North Wales Police,-3.031786,53.062663,On or near Grenadin Close,W01000401,Wrexham 005D,Anti-social behaviour,,
,2023-06,North Wales Police,North Wales Police,-3.031786,53.062663,On or near Grenadin Close,W01000401,Wrexham 005D,Anti-social behaviour,,
,2023-06,North Wales Police,North Wales Police,-3.035985,53.067256,On or near Quarry Road,W01000401,Wrexham 005D,Anti-social behaviour,,
,2023-06,North Wales Police,North Wales Police,-3.031969,53.062203,On or near Rose Hill,W01000401,Wrexham 005D,Anti-social behaviour,,
,2023-06,North Wales Police,North Wales Police,-3.032863,53.065252,On or near Brynisa Road,W01000401,Wrexham 005D,Anti-social behaviour,,
2f2ac682363d791444b91a09a3b070a0fc38b944e4e5a789265407d9f31a3a05,2023-06,North Wales Police,North Wales Police,-3.030655,53.062170,On or near Galaxy Grove,W01000401,Wrexham 005D,Burglary,Investigation complete; no suspect identified,
7986e5d3317e1cad7337f290abeea5ddf813c8cf735c2027df419e1ac196e9cd,2023-06,North Wales Police,North Wales Police,-3.036082,53.063849,On or near Rockwood Road,W01000401,Wrexham 005D,Criminal damage and arson,Investigation complete; no suspect identified,
3d93ad5051d01416e056dfa5c13a06e4f7b0a13a06c19b69c298ba8087b5995a,2023-06,North Wales Police,North Wales Police,-3.033396,53.063216,On or near Bakery Fields,W01000401,Wrexham 005D,Other theft,Investigation complete; no suspect identified,
fe150751b32a78dde1d64340e36e1ca992316baa66e5966ba93008391320e19d,2023-06,North Wales Police,North Wales Police,-3.033842,53.065001,On or near Victoria Road,W01000401,Wrexham 005D,Public order,Court result unavailable,
56d487065fe95a96d4f0035ee90e6ff5210f5c46fdfbebad388a5c8d823e9895,2023-06,North Wales Police,North Wales Police,-3.033842,53.065001,On or near Victoria Road,W01000401,Wrexham 005D,Violence and sexual offences,Unable to prosecute suspect,
0e66c73ccbf8c118ae23ddc884588e0a57912a8219c208d3460228f9c0e36ba3,2023-06,North Wales Police,North Wales Police,-3.031786,53.062663,On or near Grenadin Close,W01000401,Wrexham 005D,Violence and sexual offences,Investigation complete; no suspect identified,
7de9d7314dffd209aeb234533e16fb7b43e564a96806ca4d62ba758d3c61727e,2023-06,North Wales Police,North Wales Police,-3.033396,53.063216,On or near Bakery Fields,W01000401,Wrexham 005D,Other crime,Court result unavailable,
,2023-06,North Wales Police,North Wales Police,-3.054810,53.079685,On or near Albert'S Avenue,W01000347,Wrexham 006A,Anti-social behaviour,,
,2023-06,North Wales Police,North Wales Police,-3.054013,53.063556,On or near St Alban'S View,W01000347,Wrexham 006A,Anti-social behaviour,,
,2023-06,North Wales Police,North Wales Police,-3.053238,53.062979,On or near Cae Merfyn,W01000347,Wrexham 006A,Anti-social behaviour,,
,2023-06,North Wales Police,North Wales Police,-3.044784,53.060815,On or near Tanyfron Road,W01000347,Wrexham 006A,Anti-social behaviour,,
fcb50d30f4d0f7def6b39dc3a4b68df4cf66d8f66ca2deaa5966edccf26a712f,2023-06,North Wales Police,North Wales Police,-3.054313,53.067293,On or near Bron Yfelin,W01000347,Wrexham 006A,Violence and sexual offences,Unable to prosecute suspect,
201f04236ba7da873ba2be53976efa2bf0a94e9d968b75c50ceb119bf56a7985,2023-06,North Wales Police,North Wales Police,-3.051065,53.068724,On or near Rhodea Wellman,W01000347,Wrexham 006A,Violence and sexual offences,Unable to prosecute suspect,
95c362470a086226e82118f22068fe4b67abed2a4a456fd7e09aedd8ecf3e0a5,2023-06,North Wales Police,North Wales Police,-3.041736,53.089707,On or near Furnace Road,W01000347,Wrexham 006A,Violence and sexual offences,Unable to prosecute suspect,
5f963d08f6dfe43f5ca5fb944cfabdd5976c0286f8e8bba164034c94b108da8d,2023-06,North Wales Police,North Wales Police,-3.041736,53.089707,On or near Furnace Road,W01000347,Wrexham 006A,Violence and sexual offences,Unable to prosecute suspect,
af31e6314fa53ffa4a458d3d16f25c8e2861596b8c48cf3698236addba1740dc,2023-06,North Wales Police,North Wales Police,-3.061367,53.078611,On or near Cheshire View,W01000348,Wrexham 006B,Violence and sexual offences,Unable to prosecute suspect,
,2023-06,North Wales Police,North Wales Police,-3.055360,53.078961,On or near Ael-Y-Bryn,W01000348,Wrexham 006B,Anti-social behaviour,,
,2023-06,North Wales Police,North Wales Police,-3.059625,53.078780,On or near Dyke Street,W01000348,Wrexham 006B,Anti-social behaviour,,
24ddd4a34bb057de757b382917f1c8af434743fba0efd7ab509ba061af326c86,2023-06,North Wales Police,North Wales Police,-3.061367,53.078611,On or near Cheshire View,W01000348,Wrexham 006B,Criminal damage and arson,Formal action is not in the public interest,
09d514968fecdc4ae2462e1e887684b18a04f567e6252d26916dc8597a3b1c67,2023-06,North Wales Police,North Wales Police,-3.059625,53.078780,On or near Dyke Street,W01000348,Wrexham 006B,Criminal damage and arson,Unable to prosecute suspect,
c8f7ce244c22da92e477f364258ce2094e1382ceeaf9516f237b69a3b1698381,2023-06,North Wales Police,North Wales Police,-3.059583,53.076461,On or near Edwards Avenue,W01000348,Wrexham 006B,Violence and sexual offences,Unable to prosecute suspect,
80258cceadda14f8a470c83aa93ec1e1ec24785179da7173376ef12ad58fa169,2023-06,North Wales Police,North Wales Police,-3.059625,53.078780,On or near Dyke Street,W01000348,Wrexham 006B,Violence and sexual offences,Unable to prosecute suspect,
b8d936e19eb729032126035f5384c23edcb0502d8b192659620384e8f0068ee0,2023-06,North Wales Police,North Wales Police,-3.055360,53.078961,On or near Ael-Y-Bryn,W01000348,Wrexham 006B,Violence and sexual offences,Further investigation is not in the public interest,
b41f472b014e5ae937bf671c3ab152c082811b306a4f893863196c672f5fcf3c,2023-06,North Wales Police,North Wales Police,-3.055360,53.078961,On or near Ael-Y-Bryn,W01000348,Wrexham 006B,Violence and sexual offences,Unable to prosecute suspect,
cc3db5a7b425fafeb9b1dbe6b39efee91827c2ec2a38046cf28a5c135d987197,2023-06,North Wales Police,North Wales Police,-3.055360,53.078961,On or near Ael-Y-Bryn,W01000348,Wrexham 006B,Violence and sexual offences,Court result unavailable,
71b0c43b0913da19167dde8b679058803f4eb62de1d86b69826c1843d7db6fd3,2023-06,North Wales Police,North Wales Police,-3.057770,53.078634,On or near Bryn-Y-Ffynnon,W01000348,Wrexham 006B,Violence and sexual offences,Unable to prosecute suspect,
8480c6fb1aa338d0614b0acd80af7691470746065bc0550a80f57a6ca1dd2b77,2023-06,North Wales Police,North Wales Police,-3.059625,53.078780,On or near Dyke Street,W01000348,Wrexham 006B,Violence and sexual offences,Further investigation is not in the public interest,
dd26c9d12fe5032bd16420a8817f7834309bdaf001b4eb8676a3d4f1b356b80c,2023-06,North Wales Police,North Wales Police,-3.061367,53.078611,On or near Cheshire View,W01000348,Wrexham 006B,Violence and sexual offences,Investigation complete; no suspect identified,
f69e1a08deb4a03571834d1ecff20f188663a8925385e21ddccf3b2afcc89ada,2023-06,North Wales Police,North Wales Police,-3.055360,53.078961,On or near Ael-Y-Bryn,W01000348,Wrexham 006B,Violence and sexual offences,Further investigation is not in the public interest,
06cbf135d1afded1ddcbdc303c0c566a80928c1703067f960a788bd859513788,2023-06,North Wales Police,North Wales Police,-3.055360,53.078961,On or near Ael-Y-Bryn,W01000348,Wrexham 006B,Violence and sexual offences,Court result unavailable,
de2e9195cd09997ef4073c4cd1592fa744bf16ed8ee614dfd9aec1bdca65d08c,2023-06,North Wales Police,North Wales Police,-3.053761,53.077097,On or near Harwd Road,W01000348,Wrexham 006B,Other crime,Unable to prosecute suspect,
f0b4f56959117e93f04acad6b83e23e05bcbbf740f39afd264cf19e56cff6b89,2023-06,North Wales Police,North Wales Police,-3.060307,53.054906,On or near Heol Celyn,W01000362,Wrexham 006C,Violence and sexual offences,Unable to prosecute suspect,
,2023-06,North Wales Police,North Wales Police,-3.059782,53.053599,On or near Heol Cadfan,W01000362,Wrexham 006C,Anti-social behaviour,,
,2023-06,North Wales Police,North Wales Police,-3.060922,53.053813,On or near Heol Bryniog,W01000362,Wrexham 006C,Anti-social behaviour,,
9d5cd35b368ab5e01e3ac06d62688564a2e53a9d8ae31c564a33015e00b80e1e,2023-06,North Wales Police,North Wales Police,-3.063137,53.054099,On or near Heol Bathafarn,W01000362,Wrexham 006C,Other theft,Investigation complete; no suspect identified,
1375d8fe710b60e3f5cad53094fb7f92030acd33b4b6a75e61020a4efb0ab4ba,2023-06,North Wales Police,North Wales Police,-3.063137,53.054099,On or near Heol Bathafarn,W01000362,Wrexham 006C,Public order,Investigation complete; no suspect identified,
2aa4a8f64fe1a6d28e4004333ab2edf9f149bccb1fb857ac2f85cf11638d1335,2023-06,North Wales Police,North Wales Police,-3.062028,53.053300,On or near Heol Dirion,W01000362,Wrexham 006C,Violence and sexual offences,Unable to prosecute suspect,
14033d7177daac33287cb509dc7f5dc2abce82e1bbc4b57906f2cb7677356af4,2023-06,North Wales Police,North Wales Police,-3.063137,53.054099,On or near Heol Bathafarn,W01000362,Wrexham 006C,Violence and sexual offences,Investigation complete; no suspect identified,
1f988a4a33a5cd4fb654f797509456c58a00a27bfaa3d9345c8d99d88a6bb8c2,2023-06,North Wales Police,North Wales Police,-3.060922,53.053813,On or near Heol Bryniog,W01000362,Wrexham 006C,Violence and sexual offences,Investigation complete; no suspect identified,
216a1ea32b3ae00b2c576b7605916f75af72b904ae7dc8d317057272e27c0ea2,2023-06,North Wales Police,North Wales Police,-3.064015,53.052212,On or near Heol Owain,W01000362,Wrexham 006C,Violence and sexual offences,Action to be taken by another organisation,
5ba29b4e70f733a93a60984951d9eb932d46250bf38f27232ae7dfcb4ee9f008,2023-06,North Wales Police,North Wales Police,-3.058747,53.051540,On or near New Road,W01000362,Wrexham 006C,Violence and sexual offences,Status update unavailable,
9e6edd7ef81ae8ddda7559c1339e579381f51a0d67d0aa4440aa063e9f8b9bf0,2023-06,North Wales Police,North Wales Police,-3.062028,53.053300,On or near Heol Dirion,W01000362,Wrexham 006C,Violence and sexual offences,Unable to prosecute suspect,
6e63edef590dd458dfb2fb5a1e31c6eeb8896923c28dbf4528fda291241fd119,2023-06,North Wales Police,North Wales Police,-3.058747,53.051540,On or near New Road,W01000362,Wrexham 006C,Other crime,Status update unavailable,
a64fee3abc0634405bc333fad365f74732d56662d3f8bd22aec836fd76367596,2023-06,North Wales Police,North Wales Police,-3.060307,53.054906,On or near Heol Celyn,W01000362,Wrexham 006C,Other crime,Unable to prosecute suspect,
53b808b1ca84bdaedc38ab008e1ae0321dca6a12a37fe347b6772175952def18,2023-06,North Wales Police,North Wales Police,-3.075651,53.054553,On or near Smelt Road,W01000363,Wrexham 006D,Criminal damage and arson,Unable to prosecute suspect,
263dd8d7934244748ebf65fee5847c42a88007aa13287d7bbfdc1a8760c74fe2,2023-06,North Wales Police,North Wales Police,-3.075651,53.054553,On or near Smelt Road,W01000363,Wrexham 006D,Criminal damage and arson,Investigation complete; no suspect identified,
a060a1e6956fbb5c585e8248eb021932f7475789265da5d087910118520e5649,2023-06,North Wales Police,North Wales Police,-3.074382,53.055390,On or near Supermarket,W01000363,Wrexham 006D,Other theft,Investigation complete; no suspect identified,
4125269f0b152db60cec2c1bc3d2ca1bdfabdcc4abf99cd9fd14bb9d5e36e0bd,2023-06,North Wales Police,North Wales Police,-3.074382,53.055390,On or near Supermarket,W01000363,Wrexham 006D,Other theft,Investigation complete; no suspect identified,
1b2b3e3bc8bc3af63d5a868055ec5108ebc53fd38578bc1c1255c597888f776d,2023-06,North Wales Police,North Wales Police,-3.069904,53.055638,On or near Waen Road,W01000363,Wrexham 006D,Vehicle crime,Investigation complete; no suspect identified,
e2c58046ed623c48bb33b7b4b4dcd5dec34246c5afdadd4974c13cfe57fb6630,2023-06,North Wales Police,North Wales Police,-3.072562,53.057547,On or near Heol Helyg,W01000363,Wrexham 006D,Vehicle crime,Investigation complete; no suspect identified,
7c7da56206904c3acc0a990fe5112957f09caca0ef640842221838df9d55b687,2023-06,North Wales Police,North Wales Police,-3.068517,53.053889,On or near Fron Las,W01000363,Wrexham 006D,Violence and sexual offences,Status update unavailable,
2869a01f8819d5cde1f5633e72e1893b4ca0a730bf874da5062b290eda1f5947,2023-06,North Wales Police,North Wales Police,-3.072486,53.054483,On or near High Street,W01000363,Wrexham 006D,Violence and sexual offences,Investigation complete; no suspect identified,
,2023-06,North Wales Police,North Wales Police,-3.057241,53.047302,On or near Rhos Berse Road,W01000364,Wrexham 006E,Anti-social behaviour,,
,2023-06,North Wales Police,North Wales Police,-3.071914,53.053094,On or near Assembly Road,W01000364,Wrexham 006E,Anti-social behaviour,,
,2023-06,North Wales Police,North Wales Police,-3.057241,53.047302,On or near Rhos Berse Road,W01000364,Wrexham 006E,Anti-social behaviour,,
,2023-06,North Wales Police,North Wales Police,-3.067936,53.052708,On or near The Old School,W01000364,Wrexham 006E,Anti-social behaviour,,
7d4e6cfd7f114e57419795de97a1a2c27c11c51657df6eb8b7a6bf040b7778d5,2023-06,North Wales Police,North Wales Police,-3.067936,53.052708,On or near The Old School,W01000364,Wrexham 006E,Criminal damage and arson,Investigation complete; no suspect identified,
ed4844047a6dfed45c8152903a72bf7a20bf9626c87c11800ea7d84859ce0856,2023-06,North Wales Police,North Wales Police,-3.071914,53.053094,On or near Assembly Road,W01000364,Wrexham 006E,Violence and sexual offences,Unable to prosecute suspect,
,2023-06,North Wales Police,North Wales Police,-2.970909,53.054375,On or near The Hollies,W01000415,Wrexham 007C,Anti-social behaviour,,
,2023-06,North Wales Police,North Wales Police,-2.971709,53.056778,On or near Oaklands Avenue,W01000415,Wrexham 007C,Anti-social behaviour,,
51d73de6498b7f0b5f9b7edb5c1f601ff1078ef3620c241a955311fc736996df,2023-06,North Wales Police,North Wales Police,-2.990286,53.063322,On or near Supermarket,W01000368,Wrexham 008A,Criminal damage and arson,Investigation complete; no suspect identified,
7efcf15e071aedcd1e41fcc00ef8a937e2ca1e00d10a56b918cdc39b30dd98cc,2023-06,North Wales Police,North Wales Police,-2.992740,53.059688,On or near Acton Gate,W01000368,Wrexham 008A,Other theft,Court result unavailable,
f7ba33ccad980a0ca464c02d01027c54f68b1b6d2dd8760e0c9002c84932fd22,2023-06,North Wales Police,North Wales Police,-2.990400,53.070243,On or near Plas Acton Close,W01000368,Wrexham 008A,Other theft,Investigation complete; no suspect identified,
1ac4cdcb8f9daa751a77e505219d788b751b9425886c50ea473c9875745d1493,2023-06,North Wales Police,North Wales Police,-2.995423,53.060852,On or near Sandringham Road,W01000368,Wrexham 008A,Violence and sexual offences,Investigation complete; no suspect identified,
47972160ed28a4377a2d773a3199a572536d2955a865a5942c8ee18fba34d11c,2023-06,North Wales Police,North Wales Police,-2.994100,53.060458,On or near Haytor Road,W01000368,Wrexham 008A,Violence and sexual offences,Further action is not in the public interest,
,2023-06,North Wales Police,North Wales Police,-2.998582,53.054874,On or near Walnut Street,W01000371,Wrexham 008B,Anti-social behaviour,,
,2023-06,North Wales Police,North Wales Police,-2.992916,53.053097,On or near Foster Road,W01000371,Wrexham 008B,Anti-social behaviour,,
,2023-06,North Wales Police,North Wales Police,-2.992916,53.053097,On or near Foster Road,W01000371,Wrexham 008B,Anti-social behaviour,,
43d0862d62d819a9c9eef4e7ce5b30023a0ab8ff8833bdae31e658577f0e5c50,2023-06,North Wales Police,North Wales Police,-2.998582,53.054874,On or near Walnut Street,W01000371,Wrexham 008B,Burglary,Investigation complete; no suspect identified,
15b5960a393fc9591f3c24bdac082f3a6389a4568c17cce3bc27ac864aedcfcf,2023-06,North Wales Police,North Wales Police,-2.998582,53.054874,On or near Walnut Street,W01000371,Wrexham 008B,Criminal damage and arson,Court result unavailable,
e344a927586a2698a183cc5e6a47485bf7fafa3821e6bbc2f68606ecaeb75e1c,2023-06,North Wales Police,North Wales Police,-2.991688,53.054186,On or near A5152,W01000371,Wrexham 008B,Other theft,Court result unavailable,
6470d707597bb3bfb8bb7120f1bb353b9def5e0877f40c202eaf6be716e1cb85,2023-06,North Wales Police,North Wales Police,-2.999803,53.054765,On or near Clos Shellbark,W01000371,Wrexham 008B,Violence and sexual offences,Investigation complete; no suspect identified,
97b8e9cfecdac65e5212fd838931c8ef4d2af305ec29425f94379699ad1f5ae4,2023-06,North Wales Police,North Wales Police,-2.998582,53.054874,On or near Walnut Street,W01000371,Wrexham 008B,Violence and sexual offences,Unable to prosecute suspect,
9e3958dd1f356e040d4337cceb8e98c56d720e109365d11e0c6c48231da3ee82,2023-06,North Wales Police,North Wales Police,-2.992916,53.053097,On or near Foster Road,W01000371,Wrexham 008B,Violence and sexual offences,Investigation complete; no suspect identified,
57c073c4e4ae54d1bba4a52e48b3a3ad587165454a881898ef66816e07228716,2023-06,North Wales Police,North Wales Police,-2.992916,53.053097,On or near Foster Road,W01000371,Wrexham 008B,Violence and sexual offences,Unable to prosecute suspect,
,2023-06,North Wales Police,North Wales Police,-2.995584,53.048427,On or near Bus/Coach Station,W01000372,Wrexham 008C,Anti-social behaviour,,
,2023-06,North Wales Police,North Wales Police,-2.996436,53.047233,On or near Duke Street,W01000372,Wrexham 008C,Anti-social behaviour,,
,2023-06,North Wales Police,North Wales Police,-2.992290,53.045362,On or near Shopping Area,W01000372,Wrexham 008C,Anti-social behaviour,,
,2023-06,North Wales Police,North Wales Police,-2.995584,53.048427,On or near Bus/Coach Station,W01000372,Wrexham 008C,Anti-social behaviour,,
,2023-06,North Wales Police,North Wales Police,-2.997224,53.050337,On or near Stryt Vernon,W01000372,Wrexham 008C,Anti-social behaviour,,
,2023-06,North Wales Police,North Wales Police,-3.005813,53.055928,On or near Plas Coch Road,W01000372,Wrexham 008C,Anti-social behaviour,,
,2023-06,North Wales Police,North Wales Police,-3.001151,53.054996,On or near West Street,W01000372,Wrexham 008C,Anti-social behaviour,,
,2023-06,North Wales Police,North Wales Police,-2.991714,53.046886,On or near Chester Street,W01000372,Wrexham 008C,Anti-social behaviour,,
,2023-06,North Wales Police,North Wales Police,-3.001238,53.049755,On or near Station Approach,W01000372,Wrexham 008C,Anti-social behaviour,,
,2023-06,North Wales Police,North Wales Police,-2.996436,53.047233,On or near Duke Street,W01000372,Wrexham 008C,Anti-social behaviour,,
aa393736f04d722498ab9b1e06bf2bd6f0358097ffd058b927a5dd57b90eda67,2023-06,North Wales Police,North Wales Police,-2.996436,53.047233,On or near Duke Street,W01000372,Wrexham 008C,Burglary,Further action is not in the public interest,
e782d20404787c8625961a6203e05a4e0a08d4ab0b49a01ab5d2b32aa11d6bf3,2023-06,North Wales Police,North Wales Police,-2.997224,53.050337,On or near Stryt Vernon,W01000372,Wrexham 008C,Burglary,Investigation complete; no suspect identified,
8010cc1c1223d84d424d41ab37fb23efbd1e33b812f2118f82f9a42c8ea931bc,2023-06,North Wales Police,North Wales Police,-3.005813,53.055928,On or near Plas Coch Road,W01000372,Wrexham 008C,Criminal damage and arson,Unable to prosecute suspect,
ab092c7d8b0af49623f2eec9e11c97cdf988562e1674940ba8b2a6d6cc1e77d6,2023-06,North Wales Police,North Wales Police,-2.992290,53.045362,On or near Shopping Area,W01000372,Wrexham 008C,Criminal damage and arson,Investigation complete; no suspect identified,
09b2803b1f8e45fc024eb88ebf6a6400fb723941ad2fa05e8749e0bcced801b1,2023-06,North Wales Police,North Wales Police,-3.003901,53.057778,On or near Stansty Close,W01000372,Wrexham 008C,Criminal damage and arson,Investigation complete; no suspect identified,
4a1f75c2d2aabea320d17272ef4bd418eac7448815108811c9029e150a23f074,2023-06,North Wales Police,North Wales Police,-2.996436,53.047233,On or near Duke Street,W01000372,Wrexham 008C,Criminal damage and arson,Investigation complete; no suspect identified,
d664343e2dca09c2115101484c2fb6978e27b926f22a88d4e07b869ce77725d3,2023-06,North Wales Police,North Wales Police,-2.996984,53.052218,On or near George Street,W01000372,Wrexham 008C,Drugs,Status update unavailable,
ee12c6e17ae6591616b3e16292f4ddb3cbc5a03c65fdf40047194efbfa348937,2023-06,North Wales Police,North Wales Police,-2.994521,53.048283,On or near Parking Area,W01000372,Wrexham 008C,Drugs,Court result unavailable,
fdebb35efdccaeb4b8008ddaa1685d0e7cbcc610ba481037a6417d64f1a8a5cb,2023-06,North Wales Police,North Wales Police,-2.996436,53.047233,On or near Duke Street,W01000372,Wrexham 008C,Drugs,Court result unavailable,
bbbdf0da668b8c85d5e80008054c09345ba71d8627406ffb2be10845a1affe84,2023-06,North Wales Police,North Wales Police,-2.996436,53.047233,On or near Duke Street,W01000372,Wrexham 008C,Other theft,Local resolution,
916a3dc338772c30c4e79c161722d1077b9a794a75a79107b7a1c445883c11dc,2023-06,North Wales Police,North Wales Police,-2.994521,53.048283,On or near Parking Area,W01000372,Wrexham 008C,Other theft,Investigation complete; no suspect identified,
9d23753f62b34437200fed1dc5148a40e4724a81bb66252785c8b18dd0f7c3fd,2023-06,North Wales Police,North Wales Police,-3.006111,53.052627,On or near Sports/Recreation Area,W01000372,Wrexham 008C,Other theft,Further investigation is not in the public interest,
648ee84afe489a800ff82d71c0ea690b2cbd67978c0197f65f11251d346d51ca,2023-06,North Wales Police,North Wales Police,-2.998887,53.050008,On or near Gerald Street,W01000372,Wrexham 008C,Other theft,Investigation complete; no suspect identified,
b700f6546d8515cbd013299cfb226147408194514d7f66ad3bd001f7ed831e02,2023-06,North Wales Police,North Wales Police,-2.991714,53.046886,On or near Chester Street,W01000372,Wrexham 008C,Other theft,Investigation complete; no suspect identified,
201feccc6da699a0f4b0521589e97e0edda6c2be3af04f691b6e71c9bb75ac04,2023-06,North Wales Police,North Wales Police,-2.994521,53.048283,On or near Parking Area,W01000372,Wrexham 008C,Other theft,Investigation complete; no suspect identified,
7d538ca169aec81d98a511546bcd9d93ce4fc3cfa18248fbfb1cbf41f9eb4ce0,2023-06,North Wales Police,North Wales Police,-3.001238,53.049755,On or near Station Approach,W01000372,Wrexham 008C,Other theft,Status update unavailable,
fec392db644968df9351e09252d5ecf06b9354e6e3f03b6414401595ac592deb,2023-06,North Wales Police,North Wales Police,-2.996436,53.047233,On or near Duke Street,W01000372,Wrexham 008C,Other theft,Investigation complete; no suspect identified,
f9dd2983d94e3096396956f4cb15905146aa845d6189e10b244b0f9268b4692f,2023-06,North Wales Police,North Wales Police,-3.006111,53.052627,On or near Sports/Recreation Area,W01000372,Wrexham 008C,Other theft,Investigation complete; no suspect identified,
6a6d874582b2bb476fa59c54c4ce6cd7803a08c146d7c2361a510bfa1893b75c,2023-06,North Wales Police,North Wales Police,-3.006111,53.052627,On or near Sports/Recreation Area,W01000372,Wrexham 008C,Other theft,Investigation complete; no suspect identified,
73c2c46b42632e1eb2a36e22a410cc477d7504d05588a284e8136fe205992cfc,2023-06,North Wales Police,North Wales Police,-2.995584,53.048427,On or near Bus/Coach Station,W01000372,Wrexham 008C,Public order,Investigation complete; no suspect identified,
0a1fe23238fc56f1a374d770f81b32be11b1e6efe430b8a98c800cbd94e50966,2023-06,North Wales Police,North Wales Police,-3.003901,53.057778,On or near Stansty Close,W01000372,Wrexham 008C,Public order,Investigation complete; no suspect identified,
814ac383c8dad0d501d7d8eba9253a4327ccc559ea2a042b216174deae0339d6,2023-06,North Wales Police,North Wales Police,-2.992290,53.045362,On or near Shopping Area,W01000372,Wrexham 008C,Public order,Unable to prosecute suspect,
0bac9ccaf2c8960f4d20cc015a99b244f3c08a93eda7a2f61dcf0b534d6c3d45,2023-06,North Wales Police,North Wales Police,-2.995901,53.051184,On or near Ffordd Rhosddu,W01000372,Wrexham 008C,Public order,Unable to prosecute suspect,
630d23b079c6a51936bd8aad3d033bdd2b1cb34854845a6ab4d8374e40c58909,2023-06,North Wales Police,North Wales Police,-2.994521,53.048283,On or near Parking Area,W01000372,Wrexham 008C,Public order,Court result unavailable,
9e6f8fe55343f82a34dd6dcfe005cd6c488a08bef803eaa256f395deee4d617f,2023-06,North Wales Police,North Wales Police,-2.996436,53.047233,On or near Duke Street,W01000372,Wrexham 008C,Public order,Unable to prosecute suspect,
31e4e6a730135d640bac809b31b663e0470b1dc7febdbd05d8d22bc7dac6b7d0,2023-06,North Wales Police,North Wales Police,-3.005813,53.055928,On or near Plas Coch Road,W01000372,Wrexham 008C,Public order,Investigation complete; no suspect identified,
55a22c80a502416c5d1742aa4fa7d693422e2a8335a1ab177cb7fa2e9fcfc6da,2023-06,North Wales Police,North Wales Police,-3.001151,53.054996,On or near West Street,W01000372,Wrexham 008C,Public order,Unable to prosecute suspect,
88c2cefde9ebf293ed7606586475cff6f7d9a6c7a57d3477021409b085d98b67,2023-06,North Wales Police,North Wales Police,-2.995901,53.051184,On or near Ffordd Rhosddu,W01000372,Wrexham 008C,Public order,Investigation complete; no suspect identified,
326413bf59ea0435c9915d6733515d02aaa854acc45618166e15be0b471fde92,2023-06,North Wales Police,North Wales Police,-2.992290,53.045362,On or near Shopping Area,W01000372,Wrexham 008C,Public order,Further investigation is not in the public interest,
caf0fa6ac2c90fc2be61e2c39bab5809cb9c7718520dd91d6fea836334ce1376,2023-06,North Wales Police,North Wales Police,-3.005813,53.055928,On or near Plas Coch Road,W01000372,Wrexham 008C,Shoplifting,Investigation complete; no suspect identified,
81ccfbdcd5606f601c6922334557b2c14c5752352a886f3e754b48e620d73bfe,2023-06,North Wales Police,North Wales Police,-2.996436,53.047233,On or near Duke Street,W01000372,Wrexham 008C,Shoplifting,Investigation complete; no suspect identified,
bb4d5f8a068ab9c13024e079272de331b25308fcb17349899db7ffb32e04b50e,2023-06,North Wales Police,North Wales Police,-2.993548,53.046161,On or near Stryt Y Syfwr,W01000372,Wrexham 008C,Shoplifting,Investigation complete; no suspect identified,
e245fb145b6f8e32a5380e8e223dced7bb4376813a842eee220d4a392f0f81ac,2023-06,North Wales Police,North Wales Police,-3.005813,53.055928,On or near Plas Coch Road,W01000372,Wrexham 008C,Shoplifting,Court result unavailable,
bbf5c6b73365ea890da36c6489f6d5c5d47403975b7da2c6908181946c98daeb,2023-06,North Wales Police,North Wales Police,-2.996436,53.047233,On or near Duke Street,W01000372,Wrexham 008C,Shoplifting,Investigation complete; no suspect identified,
24053e7bedd0790a56013e91f75442abde09111f30365144af9a174ffece27d4,2023-06,North Wales Police,North Wales Police,-2.993548,53.046161,On or near Stryt Y Syfwr,W01000372,Wrexham 008C,Shoplifting,Investigation complete; no suspect identified,
8ad02477018ee5e3a62b5e05138f0ed26bd9b8a39dbfff5d7a03922c45e0f7cb,2023-06,North Wales Police,North Wales Police,-2.993548,53.046161,On or near Stryt Y Syfwr,W01000372,Wrexham 008C,Shoplifting,Investigation complete; no suspect identified,
3c70a6cbe4338c941a9feefe0dee48e884b16b64f9c9218a096b06035e371a92,2023-06,North Wales Police,North Wales Police,-2.993548,53.046161,On or near Stryt Y Syfwr,W01000372,Wrexham 008C,Shoplifting,Court result unavailable,
7f44b1466f549c778254ddcbf4a13ba1f5450bfd998097e90b5accaf4c28b5e4,2023-06,North Wales Police,North Wales Police,-3.005813,53.055928,On or near Plas Coch Road,W01000372,Wrexham 008C,Shoplifting,Investigation complete; no suspect identified,
1e8e13f79368d443289b2385d70fb0bc6e5f4216988f31be607397551f6020fb,2023-06,North Wales Police,North Wales Police,-2.996436,53.047233,On or near Duke Street,W01000372,Wrexham 008C,Shoplifting,Investigation complete; no suspect identified,
9da1c2ae02a72f280d8249ffc0b3138d7835d92130a8727a71a5ef903e7c70a5,2023-06,North Wales Police,North Wales Police,-3.005813,53.055928,On or near Plas Coch Road,W01000372,Wrexham 008C,Shoplifting,Investigation complete; no suspect identified,
f3be6de0ba855f5a480281cf6d40aa4986c75c49a6d3d87840795b147c2cdede,2023-06,North Wales Police,North Wales Police,-2.993548,53.046161,On or near Stryt Y Syfwr,W01000372,Wrexham 008C,Shoplifting,Investigation complete; no suspect identified,
f3e3a5db13cb1c30f1a5515115788d8f5a3b201ee3367fd2fac2c211ae8021f4,2023-06,North Wales Police,North Wales Police,-2.993548,53.046161,On or near Stryt Y Syfwr,W01000372,Wrexham 008C,Shoplifting,Investigation complete; no suspect identified,
aee22a3641eca601533a4d2320d351071a76056117f216e019f5c02ebba6293c,2023-06,North Wales Police,North Wales Police,-2.996984,53.052218,On or near George Street,W01000372,Wrexham 008C,Shoplifting,Unable to prosecute suspect,
5d425ca50e5c362765c57c30ebd8c24baf3da0948b725c2b37ee0ae47ceda53c,2023-06,North Wales Police,North Wales Police,-2.993548,53.046161,On or near Stryt Y Syfwr,W01000372,Wrexham 008C,Shoplifting,Investigation complete; no suspect identified,
33f2787b0a6b39155f8547b299b0d2987a0fe2cb42bfbd2b3fabc1fbbd355697,2023-06,North Wales Police,North Wales Police,-3.005813,53.055928,On or near Plas Coch Road,W01000372,Wrexham 008C,Shoplifting,Investigation complete; no suspect identified,
8a70e3c49d5729a644a9b42884b14b0ca3a0eb88e6b9c7ab9601d5a5778ffa1f,2023-06,North Wales Police,North Wales Police,-2.993548,53.046161,On or near Stryt Y Syfwr,W01000372,Wrexham 008C,Shoplifting,Investigation complete; no suspect identified,
292d776a02f4d9aefaecf38e7beabd3f6a768d8217f1d397c9a277567bab27e2,2023-06,North Wales Police,North Wales Police,-2.996436,53.047233,On or near Duke Street,W01000372,Wrexham 008C,Shoplifting,Local resolution,
133e457eaca13dca27168a2b54978f489b39def8499aef1fb6791fc0f11c55da,2023-06,North Wales Police,North Wales Police,-3.005813,53.055928,On or near Plas Coch Road,W01000372,Wrexham 008C,Shoplifting,Unable to prosecute suspect,
731e60fb4d6082ff481d363b74669167226e457ef6717e8bf287932cae02dc44,2023-06,North Wales Police,North Wales Police,-3.005813,53.055928,On or near Plas Coch Road,W01000372,Wrexham 008C,Shoplifting,Investigation complete; no suspect identified,
f69d494a30c1422a5e4f374c0f6cf76ce94354b4b7d58d41ef6fcf60a5241b07,2023-06,North Wales Police,North Wales Police,-2.992290,53.045362,On or near Shopping Area,W01000372,Wrexham 008C,Theft from the person,Unable to prosecute suspect,
96db019c7920e0b7b89fddccaff85fdb876414e5fe2b1d6b778f696d98e0244e,2023-06,North Wales Police,North Wales Police,-2.993548,53.046161,On or near Stryt Y Syfwr,W01000372,Wrexham 008C,Theft from the person,Investigation complete; no suspect identified,
9beb70d8a41071398d41e5ba3ae4b10567cc55cc45e59fb9949f019acc8ee5e0,2023-06,North Wales Police,North Wales Police,-2.992290,53.045362,On or near Shopping Area,W01000372,Wrexham 008C,Theft from the person,Unable to prosecute suspect,
c5f9c89df5ce564c5aff543862c4d6087588984133283d9e8fee73949e6c3af9,2023-06,North Wales Police,North Wales Police,-2.996984,53.052218,On or near George Street,W01000372,Wrexham 008C,Violence and sexual offences,Local resolution,
0f0c268563c2217aed2dd6543e15820bb94f28ca90e3a04feca17bf033083616,2023-06,North Wales Police,North Wales Police,-2.992290,53.045362,On or near Shopping Area,W01000372,Wrexham 008C,Violence and sexual offences,Investigation complete; no suspect identified,
7d64006ff1db77389ed2525d77517d8e3a20cab875437296d84cb811f053a465,2023-06,North Wales Police,North Wales Police,-2.994521,53.048283,On or near Parking Area,W01000372,Wrexham 008C,Violence and sexual offences,Unable to prosecute suspect,
a54f42f926976bb5ef5413957be5595b6488da2d91d3d3583d9448daf490c9da,2023-06,North Wales Police,North Wales Police,-2.996436,53.047233,On or near Duke Street,W01000372,Wrexham 008C,Violence and sexual offences,Investigation complete; no suspect identified,
47ad3053b0ce2c56c19e3e6281fed1f7b23f8de33c2d8deab9c36f3b1f0976b7,2023-06,North Wales Police,North Wales Police,-2.996436,53.047233,On or near Duke Street,W01000372,Wrexham 008C,Violence and sexual offences,Investigation complete; no suspect identified,
9b389051720a342b419723927a7b7af03fd89d1b6912d10f191e07d13fd6bc26,2023-06,North Wales Police,North Wales Police,-2.992426,53.046035,On or near Stryt Henblas,W01000372,Wrexham 008C,Violence and sexual offences,Court result unavailable,
fbb0d6991580441f55c8d9e9f1ab84d53c709fcc354acd06d858c570e11ccc52,2023-06,North Wales Police,North Wales Police,-2.994521,53.048283,On or near Parking Area,W01000372,Wrexham 008C,Violence and sexual offences,Investigation complete; no suspect identified,
f9f7b01fdffdfbfe59857de0c828702f973ee0f0ed8502b36e5346e497dc7027,2023-06,North Wales Police,North Wales Police,-2.992290,53.045362,On or near Shopping Area,W01000372,Wrexham 008C,Violence and sexual offences,Offender given a caution,
6c0160a02357ff817e427f69632db06edb52c850563db8f279f54343a33ba7bc,2023-06,North Wales Police,North Wales Police,-2.994521,53.048283,On or near Parking Area,W01000372,Wrexham 008C,Violence and sexual offences,Unable to prosecute suspect,
1cf7b7fb9579043ead504258442d4529fb63141ae6ee12db49714d836e731780,2023-06,North Wales Police,North Wales Police,-2.992290,53.045362,On or near Shopping Area,W01000372,Wrexham 008C,Violence and sexual offences,Court result unavailable,
3da764e3c04a1f687ffae6c496e964722ddf430ad72c48e9d22d3bf1006d60da,2023-06,North Wales Police,North Wales Police,-2.997224,53.050337,On or near Stryt Vernon,W01000372,Wrexham 008C,Violence and sexual offences,Status update unavailable,
4d1f8e999b43da653d0e82968223f7ba51e143adfbab54beabdef5ddb6351eef,2023-06,North Wales Police,North Wales Police,-2.992290,53.045362,On or near Shopping Area,W01000372,Wrexham 008C,Violence and sexual offences,Court result unavailable,
892e29ca1820193654b2188fd1bcdcb5a0bddf003080f92a24626b26c75fc108,2023-06,North Wales Police,North Wales Police,-2.992290,53.045362,On or near Shopping Area,W01000372,Wrexham 008C,Violence and sexual offences,Unable to prosecute suspect,
775a58ef4591adc0ce0de06472ea1c74613103cf4e655ce71822e19218f2fea0,2023-06,North Wales Police,North Wales Police,-2.992290,53.045362,On or near Shopping Area,W01000372,Wrexham 008C,Violence and sexual offences,Unable to prosecute suspect,
035a182829307b5b53294b9b5549a40032573b6483fb9f002cc3fad805774c14,2023-06,North Wales Police,North Wales Police,-2.992290,53.045362,On or near Shopping Area,W01000372,Wrexham 008C,Violence and sexual offences,Unable to prosecute suspect,
34b7e8214ee44865110b6d3d94d416974a28212255b6fe7887d9482698549fa0,2023-06,North Wales Police,North Wales Police,-2.992290,53.045362,On or near Shopping Area,W01000372,Wrexham 008C,Violence and sexual offences,Court result unavailable,
dd6c761e8a8d0d0f3f4881f3b547ae5f16b33729b02f182b8d60a0c60da2cee5,2023-06,North Wales Police,North Wales Police,-2.996436,53.047233,On or near Duke Street,W01000372,Wrexham 008C,Violence and sexual offences,Unable to prosecute suspect,
f2e389e456d65cfff6063efea2537cc05c1c800064b005796725b7b5133c6d9d,2023-06,North Wales Police,North Wales Police,-2.996436,53.047233,On or near Duke Street,W01000372,Wrexham 008C,Violence and sexual offences,Court result unavailable,
4cffc79f7873774d0d668425a0f97ccc1bb306bcb3c3cbb689f3399d0e2cc490,2023-06,North Wales Police,North Wales Police,-2.992290,53.045362,On or near Shopping Area,W01000372,Wrexham 008C,Violence and sexual offences,Court result unavailable,
b801e685040f5db3cff48ac85ad2b75cd880ba55c47fbeaf68a1de7b886f92a8,2023-06,North Wales Police,North Wales Police,-2.996984,53.052218,On or near George Street,W01000372,Wrexham 008C,Violence and sexual offences,Unable to prosecute suspect,
adc75543c9fed46cbc96f686aa4b6cf42eed89105d173435b137e20d9abe86bb,2023-06,North Wales Police,North Wales Police,-2.996436,53.047233,On or near Duke Street,W01000372,Wrexham 008C,Violence and sexual offences,Investigation complete; no suspect identified,
12bc93299ac3053bd5724679d6749f13b3487e3abb450c3c452fb49d395ac71f,2023-06,North Wales Police,North Wales Police,-2.994521,53.048283,On or near Parking Area,W01000372,Wrexham 008C,Violence and sexual offences,Investigation complete; no suspect identified,
1e02539906e39d9d870c9ac4a389497eee54b8c13250cb936f0f572867dd810e,2023-06,North Wales Police,North Wales Police,-2.997224,53.050337,On or near Stryt Vernon,W01000372,Wrexham 008C,Violence and sexual offences,Status update unavailable,
f3c16c80efb5e119ea15d57e1762aa974cd0935835141f4067ad9984b87f94f4,2023-06,North Wales Police,North Wales Police,-2.996436,53.047233,On or near Duke Street,W01000372,Wrexham 008C,Violence and sexual offences,Unable to prosecute suspect,
a2ef24d1cb00d32d5796b4985fbab196edae077967a5d74f4f583abd78f7501d,2023-06,North Wales Police,North Wales Police,-2.996436,53.047233,On or near Duke Street,W01000372,Wrexham 008C,Violence and sexual offences,Status update unavailable,
3f3020232c5a01c5ec0cef23dba4c8a17ce5828e3de687b4e56e89565ef1f01c,2023-06,North Wales Police,North Wales Police,-2.996436,53.047233,On or near Duke Street,W01000372,Wrexham 008C,Violence and sexual offences,Court result unavailable,
eff79a695d4ee671838692a18ffcf3f17f4e40988d6f109fe2459df655b20fbf,2023-06,North Wales Police,North Wales Police,-2.996436,53.047233,On or near Duke Street,W01000372,Wrexham 008C,Violence and sexual offences,Unable to prosecute suspect,
f2670f504c98952f799fba1177a5224ddf3eeddbc59e32195ae4f8c78361a0e0,2023-06,North Wales Police,North Wales Police,-2.992290,53.045362,On or near Shopping Area,W01000372,Wrexham 008C,Violence and sexual offences,Court result unavailable,
94fbe1fddcf74792acdef6ce0ba4fff9927a5b998671460346ec6be2bc514b63,2023-06,North Wales Police,North Wales Police,-2.994521,53.048283,On or near Parking Area,W01000372,Wrexham 008C,Violence and sexual offences,Further action is not in the public interest,
39514b8f657351c0bfbc872e408f8debc0ef8fcf7ce379eea2dfb556c379387a,2023-06,North Wales Police,North Wales Police,-2.996436,53.047233,On or near Duke Street,W01000372,Wrexham 008C,Violence and sexual offences,Local resolution,
ce950325bef836da1524d3c04cd2d4160b8f31d59c50e3ec0f4f5e3d1d495581,2023-06,North Wales Police,North Wales Police,-2.996436,53.047233,On or near Duke Street,W01000372,Wrexham 008C,Other crime,Unable to prosecute suspect,
f74de36b72ecd02707901c4801f299fceb83eef625d264567dd26c6d0fec7522,2023-06,North Wales Police,North Wales Police,-2.984805,53.070289,On or near Heol Llanddewi,W01000387,Wrexham 008D,Drugs,Court result unavailable,
abf56f33fd93e32818e21dfefdd69b170dea43bc998d8083da6fa14cc489cd9c,2023-06,North Wales Police,North Wales Police,-2.985467,53.071183,On or near Cwm Eithin,W01000387,Wrexham 008D,Violence and sexual offences,Unable to prosecute suspect,
6b529006da6602b34c25766713994c4a92bf2ecae2d7f9f3794437e9b7938215,2023-06,North Wales Police,North Wales Police,-2.989025,53.068187,On or near Gladwyn Road,W01000388,Wrexham 008E,Violence and sexual offences,Unable to prosecute suspect,
f1e296989fc066bca1b0d091cfc03085e7dc497f02c163a7ea63baeb0b8bb968,2023-06,North Wales Police,North Wales Police,-2.989025,53.068187,On or near Gladwyn Road,W01000388,Wrexham 008E,Violence and sexual offences,Unable to prosecute suspect,
,2023-06,North Wales Police,North Wales Police,-2.987951,53.066919,On or near Horsley Drive,W01000388,Wrexham 008E,Anti-social behaviour,,
,2023-06,North Wales Police,North Wales Police,-2.987951,53.066919,On or near Horsley Drive,W01000388,Wrexham 008E,Anti-social behaviour,,
,2023-06,North Wales Police,North Wales Police,-2.989036,53.067386,On or near The Green,W01000388,Wrexham 008E,Anti-social behaviour,,
435f9906fb162db128b7e76a113d226dfe06dd8f71da7f6847d434ff81a0049a,2023-06,North Wales Police,North Wales Police,-2.989406,53.068534,On or near Rossett Way,W01000388,Wrexham 008E,Burglary,Investigation complete; no suspect identified,
aad0d96436d26340a0cb3bfc08454d95a3d98532bd4397da708f9eec28892565,2023-06,North Wales Police,North Wales Police,-2.989406,53.068534,On or near Rossett Way,W01000388,Wrexham 008E,Burglary,Unable to prosecute suspect,
e179db2ef9853fc1103eb4a392eb431b1ff0fe1bb7ea631072eb48bb6a41b784,2023-06,North Wales Police,North Wales Police,-2.989025,53.068187,On or near Gladwyn Road,W01000388,Wrexham 008E,Criminal damage and arson,Investigation complete; no suspect identified,
dcd0f641785dd7be8963f5fdb6425bbb582f785b9a198bb047c0b1583733d549,2023-06,North Wales Police,North Wales Police,-2.987951,53.066919,On or near Horsley Drive,W01000388,Wrexham 008E,Violence and sexual offences,Formal action is not in the public interest,
526645b6187d587bc3212286d115ecbf8659f671f31b5ac0709190ff0d8f4ac6,2023-06,North Wales Police,North Wales Police,-2.987951,53.066919,On or near Horsley Drive,W01000388,Wrexham 008E,Violence and sexual offences,Formal action is not in the public interest,
bb170ba9632b5e0bb2c7c184cbcd709bf78f352e90e72adee9f6c93e409978f3,2023-06,North Wales Police,North Wales Police,-2.985043,53.063096,On or near Box Lane,W01000388,Wrexham 008E,Violence and sexual offences,Formal action is not in the public interest,
,2023-06,North Wales Police,North Wales Police,-3.001664,53.062328,On or near Ffordd Meirionnydd,W01000422,Wrexham 008F,Anti-social behaviour,,
,2023-06,North Wales Police,North Wales Police,-3.004499,53.060371,On or near Colliery Road,W01000422,Wrexham 008F,Anti-social behaviour,,
237ff2e023ae67e85b2051a4099f40fdec1a197ff7f16eba107dbb0ad5c20907,2023-06,North Wales Police,North Wales Police,-3.004499,53.060371,On or near Colliery Road,W01000422,Wrexham 008F,Public order,Investigation complete; no suspect identified,
57cf7c2cdba37f28c94741ba5fc9b23c800337da34d831ba68a291cdb7c48f7e,2023-06,North Wales Police,North Wales Police,-2.992731,53.057350,On or near Eneurys Road,W01000422,Wrexham 008F,Violence and sexual offences,Investigation complete; no suspect identified,
15a36ae64ff4a35c90d25c52ce042d90ab20a07eced8b0a0b23f5a9e745e3486,2023-06,North Wales Police,North Wales Police,-3.001664,53.062328,On or near Ffordd Meirionnydd,W01000422,Wrexham 008F,Violence and sexual offences,Investigation complete; no suspect identified,
7378a9b760f56be987e79e516fb36e1bb629384dc099376e507b0dc296e6f458,2023-06,North Wales Police,North Wales Police,-3.001183,53.057019,On or near Brunel Court,W01000422,Wrexham 008F,Violence and sexual offences,Investigation complete; no suspect identified,
,2023-06,North Wales Police,North Wales Police,-2.981993,53.059543,On or near Herbert Jennings Avenue,W01000341,Wrexham 009A,Anti-social behaviour,,
,2023-06,North Wales Police,North Wales Police,-2.982748,53.060589,On or near Acton Hall Walks,W01000341,Wrexham 009A,Anti-social behaviour,,
,2023-06,North Wales Police,North Wales Police,-2.988344,53.056056,On or near The Willows,W01000342,Wrexham 009B,Anti-social behaviour,,
,2023-06,North Wales Police,North Wales Police,-2.980913,53.054041,On or near Camberley Drive,W01000393,Wrexham 009C,Anti-social behaviour,,
,2023-06,North Wales Police,North Wales Police,-2.990071,53.050019,On or near Powell Road,W01000393,Wrexham 009C,Anti-social behaviour,,
,2023-06,North Wales Police,North Wales Police,-2.990071,53.050019,On or near Powell Road,W01000393,Wrexham 009C,Anti-social behaviour,,
,2023-06,North Wales Police,North Wales Police,-2.969525,53.045217,On or near Havard Way,W01000353,Wrexham 010B,Anti-social behaviour,,
,2023-06,North Wales Police,North Wales Police,-2.969590,53.047428,On or near Royden Gardens,W01000353,Wrexham 010B,Anti-social behaviour,,
,2023-06,North Wales Police,North Wales Police,-2.968390,53.044471,On or near Tanat Way,W01000353,Wrexham 010B,Anti-social behaviour,,
,2023-06,North Wales Police,North Wales Police,-2.968390,53.044471,On or near Tanat Way,W01000353,Wrexham 010B,Anti-social behaviour,,
3aba61bbec2f564ce2082ec9e91b312c0443061f0bb0777cac4981dfd12326b2,2023-06,North Wales Police,North Wales Police,-2.969590,53.047428,On or near Royden Gardens,W01000353,Wrexham 010B,Drugs,Status update unavailable,
5c3eda06e594c94a382953ffb7522a5a61ea84136c40b5cbf47c211b0d677958,2023-06,North Wales Police,North Wales Police,-2.971598,53.043852,On or near Prince Charles Road,W01000413,Wrexham 010C,Violence and sexual offences,Unable to prosecute suspect,
4a132d12c1cc0e0cb3323d1258a97d9c8bc90fbafb1d0a7ab5574bdb29a54f95,2023-06,North Wales Police,North Wales Police,-2.971598,53.043852,On or near Prince Charles Road,W01000413,Wrexham 010C,Violence and sexual offences,Unable to prosecute suspect,
e296e38e5e484d352e741ac73d92320bd07462f041a174522001c105247ce7e0,2023-06,North Wales Police,North Wales Police,-2.971598,53.043852,On or near Prince Charles Road,W01000413,Wrexham 010C,Violence and sexual offences,Unable to prosecute suspect,
74da2c3e4f9f545cb69edc06c6438dedc41991629f4ebfb0e677e909990780ee,2023-06,North Wales Police,North Wales Police,-2.971598,53.043852,On or near Prince Charles Road,W01000413,Wrexham 010C,Violence and sexual offences,Unable to prosecute suspect,
,2023-06,North Wales Police,North Wales Police,-2.972357,53.041097,On or near Supermarket,W01000413,Wrexham 010C,Anti-social behaviour,,
,2023-06,North Wales Police,North Wales Police,-2.979014,53.043980,On or near Sports/Recreation Area,W01000413,Wrexham 010C,Anti-social behaviour,,
,2023-06,North Wales Police,North Wales Police,-2.979014,53.043980,On or near Sports/Recreation Area,W01000413,Wrexham 010C,Anti-social behaviour,,
,2023-06,North Wales Police,North Wales Police,-2.972357,53.041097,On or near Supermarket,W01000413,Wrexham 010C,Anti-social behaviour,,
,2023-06,North Wales Police,North Wales Police,-2.971598,53.043852,On or near Prince Charles Road,W01000413,Wrexham 010C,Anti-social behaviour,,
65c0967df27f354fcc3e78075231bb4da06e651f69c09f11920ee072e012f78c,2023-06,North Wales Police,North Wales Police,-2.972357,53.041097,On or near Supermarket,W01000413,Wrexham 010C,Burglary,Investigation complete; no suspect identified,
b7e65c260404e1ce0e57e8dd050d47bb03a34a58c76da56c29dadee437ef1055,2023-06,North Wales Police,North Wales Police,-2.972357,53.041097,On or near Supermarket,W01000413,Wrexham 010C,Criminal damage and arson,Unable to prosecute suspect,
b4d55790f16db989645af8860a1fc5e42e4bb7876339bce2badbbcb73a76952d,2023-06,North Wales Police,North Wales Police,-2.971598,53.043852,On or near Prince Charles Road,W01000413,Wrexham 010C,Criminal damage and arson,Further action is not in the public interest,
bd4c4796280e7d835b5accb107e23f15d701421bf667af4b757851ec14ba107f,2023-06,North Wales Police,North Wales Police,-2.972357,53.041097,On or near Supermarket,W01000413,Wrexham 010C,Criminal damage and arson,Investigation complete; no suspect identified,
b35b7aa18c01bac6146ebe598878c883e15f67f3f4762891d9c571efeb5fa032,2023-06,North Wales Police,North Wales Police,-2.972357,53.041097,On or near Supermarket,W01000413,Wrexham 010C,Other theft,Investigation complete; no suspect identified,
b1a0f0acc7d30f516c32b0f1a04e337dcd0605618b9f2670debffdfe293c6eb9,2023-06,North Wales Police,North Wales Police,-2.972357,53.041097,On or near Supermarket,W01000413,Wrexham 010C,Public order,Unable to prosecute suspect,
210ea4dd6b4afb207f5cda2868f30c6e30584b958b1d05c3ee6bb9c351c8f2ef,2023-06,North Wales Police,North Wales Police,-2.971598,53.043852,On or near Prince Charles Road,W01000413,Wrexham 010C,Public order,Investigation complete; no suspect identified,
2630fe18aebf99e5b80ca31b44fde2873d98484fd6251d4276ecefdb1f284ff1,2023-06,North Wales Police,North Wales Police,-2.972357,53.041097,On or near Supermarket,W01000413,Wrexham 010C,Public order,Investigation complete; no suspect identified,
6d3ac08925816d6ff277d826e8ffff86b333f5f5fb8830a0aa76cd6e78098e43,2023-06,North Wales Police,North Wales Police,-2.972357,53.041097,On or near Supermarket,W01000413,Wrexham 010C,Public order,Unable to prosecute suspect,
3d9ec9d25c5350d5ca52186063067fdb71707658295dce33f34136eab1153014,2023-06,North Wales Police,North Wales Police,-2.972357,53.041097,On or near Supermarket,W01000413,Wrexham 010C,Robbery,Investigation complete; no suspect identified,
f480eac7e666d79657e9fba876acff984114e7180359671d9b549c18347c6236,2023-06,North Wales Police,North Wales Police,-2.972357,53.041097,On or near Supermarket,W01000413,Wrexham 010C,Shoplifting,Investigation complete; no suspect identified,
4feb4e816dfb97bb06d4b44225241410467f996973d80427a8d7ac37ceb68425,2023-06,North Wales Police,North Wales Police,-2.972357,53.041097,On or near Supermarket,W01000413,Wrexham 010C,Shoplifting,Court result unavailable,
0cf0a77f2f5737d7925c516196860c9c16720209ae85bdb37c7028cac393580b,2023-06,North Wales Police,North Wales Police,-2.972357,53.041097,On or near Supermarket,W01000413,Wrexham 010C,Shoplifting,Investigation complete; no suspect identified,
78b4af8070debbb62f9b6a923cfbfdcf800ac964658d665223b271102068abc2,2023-06,North Wales Police,North Wales Police,-2.972357,53.041097,On or near Supermarket,W01000413,Wrexham 010C,Shoplifting,Investigation complete; no suspect identified,
218a06c97f82ad46f5f6801a423526a0f420efce8b999d6d8460f39f6d474a7f,2023-06,North Wales Police,North Wales Police,-2.972357,53.041097,On or near Supermarket,W01000413,Wrexham 010C,Violence and sexual offences,Unable to prosecute suspect,
51a0c6b58860e0b029f48dbbffd1807536d2f643f98ab6ff0a44b2a9f326be57,2023-06,North Wales Police,North Wales Police,-2.972357,53.041097,On or near Supermarket,W01000413,Wrexham 010C,Violence and sexual offences,Unable to prosecute suspect,
3e22435d8b9a62ab76c9779007826d50960cee35066234e436a3d8c148b2dc28,2023-06,North Wales Police,North Wales Police,-2.972357,53.041097,On or near Supermarket,W01000413,Wrexham 010C,Violence and sexual offences,Unable to prosecute suspect,
376d7f278417ae02c275135f7c4d2ad4d6ea4ef8d440121c5afefed9c8da2756,2023-06,North Wales Police,North Wales Police,-2.971598,53.043852,On or near Prince Charles Road,W01000413,Wrexham 010C,Violence and sexual offences,Court result unavailable,
982107d8dd4dcba30c37cf71e2f3b201d6850f719cdc6de53e90fc4b7afed077,2023-06,North Wales Police,North Wales Police,-2.972357,53.041097,On or near Supermarket,W01000413,Wrexham 010C,Violence and sexual offences,Unable to prosecute suspect,
cc6a5032817c885b73ff7e8d387a13555cb5d0fe77bd42e3ecb0dd4073ebd662,2023-06,North Wales Police,North Wales Police,-2.972357,53.041097,On or near Supermarket,W01000413,Wrexham 010C,Violence and sexual offences,Investigation complete; no suspect identified,
2bbefff0a6ca71e2f0e3f95c4a393d3db49c6a25b2743449b30b632f57d86474,2023-06,North Wales Police,North Wales Police,-2.972357,53.041097,On or near Supermarket,W01000413,Wrexham 010C,Violence and sexual offences,Court result unavailable,
133188ed6df7343426d23ef2e6b81db0920f820f0d63b4750ea0f8b7e7773b11,2023-06,North Wales Police,North Wales Police,-2.972357,53.041097,On or near Supermarket,W01000413,Wrexham 010C,Violence and sexual offences,Unable to prosecute suspect,
1b1390acb1bffdbce92d572c5916c91724f3fec9d18e9dd91bb087f6fac5e088,2023-06,North Wales Police,North Wales Police,-2.971598,53.043852,On or near Prince Charles Road,W01000413,Wrexham 010C,Violence and sexual offences,Unable to prosecute suspect,
895019ae88d12b154c55a77be13b2788bcabd352385165fc6e85f3749148b3a7,2023-06,North Wales Police,North Wales Police,-2.972357,53.041097,On or near Supermarket,W01000413,Wrexham 010C,Violence and sexual offences,Investigation complete; no suspect identified,
31125d1d9f1ab0d245172034795dc52a7ef0bfb048fbe68252f81839583b9e3a,2023-06,North Wales Police,North Wales Police,-2.972357,53.041097,On or near Supermarket,W01000413,Wrexham 010C,Violence and sexual offences,Court result unavailable,
9dc20b6c7d3ab1919bc2e1aa9de52e091b2401354b69462cb6ff347d0045ffaa,2023-06,North Wales Police,North Wales Police,-2.972357,53.041097,On or near Supermarket,W01000413,Wrexham 010C,Violence and sexual offences,Court result unavailable,
74a36e63da6136157c4ef3c5e1639695f0508531ab1e39a9fd3dd00a40d62f6a,2023-06,North Wales Police,North Wales Police,-2.972357,53.041097,On or near Supermarket,W01000413,Wrexham 010C,Violence and sexual offences,Unable to prosecute suspect,
b27fdbc28849a6e40ed913aae2a0c75bd482c9b64953c167a3e17dd115fe2349,2023-06,North Wales Police,North Wales Police,-2.972357,53.041097,On or near Supermarket,W01000413,Wrexham 010C,Violence and sexual offences,Investigation complete; no suspect identified,
4371e1b272362c9c5fe013a82c3941ae6043922cc7a9fe70972119ded482c517,2023-06,North Wales Police,North Wales Police,-2.972357,53.041097,On or near Supermarket,W01000413,Wrexham 010C,Violence and sexual offences,Status update unavailable,
8173012288c1a4bf91cb7156e9c867353876d67ef22bdbb60033ecc460b2e610,2023-06,North Wales Police,North Wales Police,-2.972357,53.041097,On or near Supermarket,W01000413,Wrexham 010C,Other crime,Unable to prosecute suspect,
2e1477c48a2da7254c767d2e7dfc3a8647c586c51a742fb1ce2ce75ec8e2ec41,2023-06,North Wales Police,North Wales Police,-2.967721,53.041906,On or near St Annes Court,W01000414,Wrexham 010D,Violence and sexual offences,Action to be taken by another organisation,
,2023-06,North Wales Police,North Wales Police,-2.968088,53.040986,On or near Anthony Eden Drive,W01000414,Wrexham 010D,Anti-social behaviour,,
757c054d9534330c924b5d8218f708c31fb85641df2d80f759bdcd6a987ac5e7,2023-06,North Wales Police,North Wales Police,-2.965582,53.041654,On or near Trem Y Mynydd,W01000414,Wrexham 010D,Criminal damage and arson,Court result unavailable,
beaeb3ee36473c206bf6516ca203b51661cc0a57c9c54eeef4fd56eb0cea1690,2023-06,North Wales Police,North Wales Police,-2.967323,53.044138,On or near Berwyn View,W01000414,Wrexham 010D,Criminal damage and arson,Unable to prosecute suspect,
49a262beb7f08dbed131f949893ae5c5d04660a2a22c83af697a75d8a8619dc6,2023-06,North Wales Police,North Wales Police,-2.968088,53.040986,On or near Anthony Eden Drive,W01000414,Wrexham 010D,Other theft,Local resolution,
da76fce5dca3fd5afbf9aed1f82479add6581775e5f326913e694ed7b79f14c6,2023-06,North Wales Police,North Wales Police,-2.968088,53.040986,On or near Anthony Eden Drive,W01000414,Wrexham 010D,Violence and sexual offences,Unable to prosecute suspect,
b2f0c9860d2a0e21582bdcbd73d7ab3861e5d57cf43153f5eb9a7efcde52a216,2023-06,North Wales Police,North Wales Police,-2.967721,53.041906,On or near St Annes Court,W01000414,Wrexham 010D,Violence and sexual offences,Unable to prosecute suspect,
669a18694bcfd05e34e92f73b5790f3a1ea333135c1af4c6c9a026e036c80db9,2023-06,North Wales Police,North Wales Police,-2.967721,53.041906,On or near St Annes Court,W01000414,Wrexham 010D,Violence and sexual offences,Court result unavailable,
8075cc11f0989def3d81e3555efe60035e0634147bac1721878dd6081a3d3f61,2023-06,North Wales Police,North Wales Police,-2.967721,53.041906,On or near St Annes Court,W01000414,Wrexham 010D,Violence and sexual offences,Court result unavailable,
412f1946a9b7ec41239ac76a431de50f92f949338153f97509558fde68dcd2da,2023-06,North Wales Police,North Wales Police,-2.965582,53.041654,On or near Trem Y Mynydd,W01000414,Wrexham 010D,Violence and sexual offences,Unable to prosecute suspect,
cc17dc3b8229fab17adfa3b68a38e6c1e073b418b4bfb434ca9718d5c984d7fe,2023-06,North Wales Police,North Wales Police,-2.968088,53.040986,On or near Anthony Eden Drive,W01000414,Wrexham 010D,Violence and sexual offences,Formal action is not in the public interest,
d843cf9fc77ab30b8e754a883096ba39a23cb307566b10552767967f75c737ec,2023-06,North Wales Police,North Wales Police,-2.968088,53.040986,On or near Anthony Eden Drive,W01000414,Wrexham 010D,Violence and sexual offences,Unable to prosecute suspect,
3fa65f732389d2ec188fdb175c11a84796d0e77ef0c38266ec8eb5141168b0e1,2023-06,North Wales Police,North Wales Police,-2.968088,53.040986,On or near Anthony Eden Drive,W01000414,Wrexham 010D,Violence and sexual offences,Unable to prosecute suspect,
9d207a6846332dd6efb05e29ff4dce5031d18bbb9670dcbdb2cbfcdee1122fcd,2023-06,North Wales Police,North Wales Police,-2.968088,53.040986,On or near Anthony Eden Drive,W01000414,Wrexham 010D,Violence and sexual offences,Status update unavailable,
9ae3e4b54ec75cfe7888118e1e98330c5e5a89466dfaff577c53e229b6e55883,2023-06,North Wales Police,North Wales Police,-2.968088,53.040986,On or near Anthony Eden Drive,W01000414,Wrexham 010D,Violence and sexual offences,Unable to prosecute suspect,
a75cf6e59c9a808e42587ba0ccc798418aa8cdfced06abc5839dbb27d5ee0859,2023-06,North Wales Police,North Wales Police,-2.965582,53.041654,On or near Trem Y Mynydd,W01000414,Wrexham 010D,Violence and sexual offences,Court result unavailable,
0c4aec29359528754be698559f0ee63565312c932f3fc8bb50e241d8f1e57a48,2023-06,North Wales Police,North Wales Police,-2.967721,53.041906,On or near St Annes Court,W01000414,Wrexham 010D,Violence and sexual offences,Court result unavailable,
8f3b596675de900876f8dafbb2d48f2aa45ea6585a9c82b5a1f552855258d41f,2023-06,North Wales Police,North Wales Police,-2.968088,53.040986,On or near Anthony Eden Drive,W01000414,Wrexham 010D,Violence and sexual offences,Unable to prosecute suspect,
3482541ef8a57be421e439eee6fa1a2120c75fbee76fb026c96ce73311948a55,2023-06,North Wales Police,North Wales Police,-2.979128,53.048366,On or near West Circle,W01000425,Wrexham 010E,Violence and sexual offences,Unable to prosecute suspect,
782c004c270c32267a2eb87cca6dc2c26990f70976d7fb52ea5f054defb6f2b6,2023-06,North Wales Police,North Wales Police,-2.976915,53.050092,On or near Moorland Avenue,W01000425,Wrexham 010E,Other crime,Unable to prosecute suspect,
,2023-06,North Wales Police,North Wales Police,-2.976915,53.050092,On or near Moorland Avenue,W01000425,Wrexham 010E,Anti-social behaviour,,
,2023-06,North Wales Police,North Wales Police,-2.979794,53.049439,On or near Trevenna Way,W01000425,Wrexham 010E,Anti-social behaviour,,
5092ad8189c0b14fd0939f2666c8c2b26549b65d603d67792cf7f21e156703e8,2023-06,North Wales Police,North Wales Police,-2.976915,53.050092,On or near Moorland Avenue,W01000425,Wrexham 010E,Criminal damage and arson,Investigation complete; no suspect identified,
8fd2e502b1794ae37fad27dd8d1b011cde4f5bb126e4df746e361f3e63942a7e,2023-06,North Wales Police,North Wales Police,-2.980084,53.045805,On or near Meadow Lea,W01000425,Wrexham 010E,Criminal damage and arson,Investigation complete; no suspect identified,
caf45ee4201bce30cd1e916150a30b8126db119c19d7439162085ea375339538,2023-06,North Wales Police,North Wales Police,-2.976915,53.050092,On or near Moorland Avenue,W01000425,Wrexham 010E,Criminal damage and arson,Investigation complete; no suspect identified,
338ac2e00e9d024bde4e4d0f0e712ff44077647efc479dc03f4d8f0a225c11b5,2023-06,North Wales Police,North Wales Police,-2.976915,53.050092,On or near Moorland Avenue,W01000425,Wrexham 010E,Criminal damage and arson,Investigation complete; no suspect identified,
30cb986a186c83bcaa78d869fcf7c4c099a2f491b100c718151222a1942439e1,2023-06,North Wales Police,North Wales Police,-2.976413,53.049017,On or near Wynnstay Avenue,W01000425,Wrexham 010E,Other theft,Investigation complete; no suspect identified,
85d249e75bcdf8d88f388ca2ce881eb7289659fd93337d4a87df69d2437fea85,2023-06,North Wales Police,North Wales Police,-2.979843,53.050275,On or near Archer'S Way,W01000425,Wrexham 010E,Other theft,Unable to prosecute suspect,
29228b99a951c9e94ca5c70fae4880fd810bbcfb8a0ae501fcd0e076b8ddf998,2023-06,North Wales Police,North Wales Police,-2.977984,53.049885,On or near Cheshire View,W01000425,Wrexham 010E,Other theft,Local resolution,
f5a8fe646dfde4a2e6ba37e50244fb482e298f9f671910d10d890c649432c107,2023-06,North Wales Police,North Wales Police,-2.972134,53.047794,On or near Rosewood Avenue,W01000425,Wrexham 010E,Public order,Investigation complete; no suspect identified,
c134aca34f09cd523a5c0902c6903cba2cf8d428f866b50899e15a29bba2a7c6,2023-06,North Wales Police,North Wales Police,-2.980084,53.045805,On or near Meadow Lea,W01000425,Wrexham 010E,Public order,Investigation complete; no suspect identified,
c3a065227c8b07a5cbe44e1103f79e7dfc349af1b9bd747b41ab80e087769aa7,2023-06,North Wales Police,North Wales Police,-2.980084,53.045805,On or near Meadow Lea,W01000425,Wrexham 010E,Robbery,Court result unavailable,
746f8f2c67f15db8d89514591459d3bf62409f5bc822b33a22729692dc05cd9f,2023-06,North Wales Police,North Wales Police,-2.978938,53.050525,On or near Churton Drive,W01000425,Wrexham 010E,Violence and sexual offences,Unable to prosecute suspect,
0bf3d7a279d0c71f863ed47e2efce17f02fd77deb54b16e23be67b9a9b8d0a13,2023-06,North Wales Police,North Wales Police,-2.978938,53.050525,On or near Churton Drive,W01000425,Wrexham 010E,Violence and sexual offences,Action to be taken by another organisation,
69be43d65ec1f14e3e63d46669873e93b6f2d84e3ad8e56387f4ba111fa07980,2023-06,North Wales Police,North Wales Police,-2.978938,53.050525,On or near Churton Drive,W01000425,Wrexham 010E,Violence and sexual offences,Action to be taken by another organisation,
aca96c645955a70adf166cb1aaaaa600b41184b5e05da3ded6a790b695338bc9,2023-06,North Wales Police,North Wales Police,-2.979843,53.050275,On or near Archer'S Way,W01000425,Wrexham 010E,Violence and sexual offences,Unable to prosecute suspect,
1cae82544a35bf4646082c0b8b3c96242b408da3576ceeaccffce1ce47628cac,2023-06,North Wales Police,North Wales Police,-2.976413,53.049017,On or near Wynnstay Avenue,W01000425,Wrexham 010E,Violence and sexual offences,Unable to prosecute suspect,
52bdf139dfe93535ec8b48babc85ab8af890cc3cd445ee6d5e7720dd48441854,2023-06,North Wales Police,North Wales Police,-2.980084,53.045805,On or near Meadow Lea,W01000425,Wrexham 010E,Violence and sexual offences,Unable to prosecute suspect,
5b158bacd0e390da325bd60245cfd2c72e787af0df66645d88721b71e2ae3134,2023-06,North Wales Police,North Wales Police,-2.980084,53.045805,On or near Meadow Lea,W01000425,Wrexham 010E,Violence and sexual offences,Unable to prosecute suspect,
b57e1c2dae4e8ad095903460c69a1ab3980f9e990982103a61ccfb49397938ab,2023-06,North Wales Police,North Wales Police,-2.972134,53.047794,On or near Rosewood Avenue,W01000425,Wrexham 010E,Violence and sexual offences,Unable to prosecute suspect,
22d61faa71e93b80b8844567a02c744712b093bbbeaea3bf423957fdaf15386b,2023-06,North Wales Police,North Wales Police,-2.980084,53.045805,On or near Meadow Lea,W01000425,Wrexham 010E,Violence and sexual offences,Unable to prosecute suspect,
328ee74a74df1ff0688be4ef9aa6e8f13c22dbe1a3f85bcf51322d3dd294a00e,2023-06,North Wales Police,North Wales Police,-2.976915,53.050092,On or near Moorland Avenue,W01000425,Wrexham 010E,Violence and sexual offences,Unable to prosecute suspect,
601e72b903be56b54a630cc2cbb8872c23a221e336de171d845eff4a0cbc9eb0,2023-06,North Wales Police,North Wales Police,-2.978938,53.050525,On or near Churton Drive,W01000425,Wrexham 010E,Violence and sexual offences,Action to be taken by another organisation,
860e92909a4f874c1afe868ad766ef5860b6dfc4acf282e4cec54293c5043808,2023-06,North Wales Police,North Wales Police,-2.978938,53.050525,On or near Churton Drive,W01000425,Wrexham 010E,Violence and sexual offences,Action to be taken by another organisation,
48cba39fa0a88b699ca8c4050e9d1d46837519ae0a36a5e7ca87e03baf409720,2023-06,North Wales Police,North Wales Police,-2.976915,53.050092,On or near Moorland Avenue,W01000425,Wrexham 010E,Violence and sexual offences,Unable to prosecute suspect,
19d3d3eebc1e99088154e3dbef402a6f46707fce0d945f83a30b176a42dee235,2023-06,North Wales Police,North Wales Police,-2.970989,53.047983,On or near Eaton Drive,W01000425,Wrexham 010E,Violence and sexual offences,Unable to prosecute suspect,
da860f2888dcd5163b739db2ada98fa238769af6fe61a20726c9f2593c27a905,2023-06,North Wales Police,North Wales Police,-2.981001,53.049393,On or near Crossways,W01000425,Wrexham 010E,Violence and sexual offences,Unable to prosecute suspect,
16cce9c5ed6c1c002b684769164c5fda35b8ca2a49c40068bbcf3830ed029b05,2023-06,North Wales Police,North Wales Police,-2.977984,53.049885,On or near Cheshire View,W01000425,Wrexham 010E,Violence and sexual offences,Unable to prosecute suspect,
71a4c750045d4bb855d104b05674b2c3e0a4ee198a48a8bb8169edf5aec4af46,2023-06,North Wales Police,North Wales Police,-2.980084,53.045805,On or near Meadow Lea,W01000425,Wrexham 010E,Violence and sexual offences,Court result unavailable,
7217860e67d0fbf3e01c1ad7b21547dd9246bfd7faac35ba8ddf302c596b4434,2023-06,North Wales Police,North Wales Police,-2.976915,53.050092,On or near Moorland Avenue,W01000425,Wrexham 010E,Violence and sexual offences,Unable to prosecute suspect,
c088c7e48e95b27e7cf25496342fae08aee1c949ba73bf1b81ef9ac09f675f2a,2023-06,North Wales Police,North Wales Police,-2.979128,53.048366,On or near West Circle,W01000425,Wrexham 010E,Violence and sexual offences,Unable to prosecute suspect,
34d838401f858c76b2f1bb3eb1fecdea62b26a7855c749b394e785876e0963d7,2023-06,North Wales Police,North Wales Police,-2.978220,53.048427,On or near Ffordd Garner,W01000425,Wrexham 010E,Violence and sexual offences,Formal action is not in the public interest,
847e6ba885c0787c5f3f8b738317b7305ac07f400cf82760798473c51bc9edb1,2023-06,North Wales Police,North Wales Police,-2.980084,53.045805,On or near Meadow Lea,W01000425,Wrexham 010E,Violence and sexual offences,Unable to prosecute suspect,
918995f8707ad33c81355d8485dfd786e1ab7765edfb2630f5236b6c2c3165b9,2023-06,North Wales Police,North Wales Police,-2.978938,53.050525,On or near Churton Drive,W01000425,Wrexham 010E,Violence and sexual offences,Action to be taken by another organisation,
18182bfdef222b4d0c0ad2495d48eba3d9eb935e7ed6baf0b40f049b6163d45a,2023-06,North Wales Police,North Wales Police,-2.976413,53.049017,On or near Wynnstay Avenue,W01000425,Wrexham 010E,Violence and sexual offences,Unable to prosecute suspect,
c01c4224a17bb7e67d80abb0b8541f6d543a1823667e720966003f28bbcc4ff1,2023-06,North Wales Police,North Wales Police,-2.969623,53.048273,On or near Sycamore Road,W01001969,Wrexham 010F,Bicycle theft,Investigation complete; no suspect identified,
132cc5822fc90678d2c02cd3916edc7180c7da7c51e749e8d28e54c645504b82,2023-06,North Wales Police,North Wales Police,-2.969623,53.048273,On or near Sycamore Road,W01001969,Wrexham 010F,Criminal damage and arson,Court result unavailable,
43a288e65f199dbd711557e0bc4fad0b7b4fdf440d29b5deddd70ba8d15734fb,2023-06,North Wales Police,North Wales Police,-2.967764,53.048504,On or near Ernest Parry Road,W01001969,Wrexham 010F,Criminal damage and arson,Court result unavailable,
730d0a68a972d9883321876f0eead81649f1b1dc4464f04af8f122030ceb2f89,2023-06,North Wales Police,North Wales Police,-2.971073,53.052916,On or near Petrol Station,W01001969,Wrexham 010F,Other theft,Investigation complete; no suspect identified,
c5e6699c373031fab8d17a9a8184a324350c72eb524f1b2a11df83b4c326fd7c,2023-06,North Wales Police,North Wales Police,-2.971073,53.052916,On or near Petrol Station,W01001969,Wrexham 010F,Shoplifting,Investigation complete; no suspect identified,
c072bbfe8f30e27496792e9994bb2b14e837c69c4a020670c8ddd8704ff0471a,2023-06,North Wales Police,North Wales Police,-2.966229,53.047249,On or near Ridley View,W01001969,Wrexham 010F,Violence and sexual offences,Formal action is not in the public interest,
7cb934faca115e44a1c839f8afd27f6cb817a7cca92a6de3cb55347798493a7b,2023-06,North Wales Police,North Wales Police,-2.969644,53.050908,On or near Sports/Recreation Area,W01001969,Wrexham 010F,Violence and sexual offences,Unable to prosecute suspect,
264ec8b130375193d9dbe71b9e0e74b206290f3d110d41251dad0285dc8496f6,2023-06,North Wales Police,North Wales Police,-2.966237,53.044911,On or near Menai Road,W01001969,Wrexham 010F,Violence and sexual offences,Investigation complete; no suspect identified,
8e9865a6a1a13efabde59137e4193e6ec4b3e2fe14d604a418f765ed8ca38643,2023-06,North Wales Police,North Wales Police,-2.967481,53.046546,On or near Tryweryn Place,W01001969,Wrexham 010F,Violence and sexual offences,Investigation complete; no suspect identified,
56860c49e9819366976fcd7dc0179191577aed0e8f7bb14bd17e426a748da8dc,2023-06,North Wales Police,North Wales Police,-2.966229,53.047249,On or near Ridley View,W01001969,Wrexham 010F,Violence and sexual offences,Investigation complete; no suspect identified,
e7b3defaa3405742245e1598b9f70790c1a41ad2bcdf57f58c2ab6d28807ac71,2023-06,North Wales Police,North Wales Police,-2.969590,53.047428,On or near Royden Gardens,W01001969,Wrexham 010F,Violence and sexual offences,Unable to prosecute suspect,
ef99f512d87f2a12b9a1421715afd99b435ac944ff8081ccb97d36d7bf4b22eb,2023-06,North Wales Police,North Wales Police,-2.969644,53.050908,On or near Sports/Recreation Area,W01001969,Wrexham 010F,Violence and sexual offences,Unable to prosecute suspect,
5c5faaa31cecf94b3e60c699650b6b5d13cb220241dbfb5f24a8da5afef172d8,2023-06,North Wales Police,North Wales Police,-2.967481,53.046546,On or near Tryweryn Place,W01001969,Wrexham 010F,Violence and sexual offences,Investigation complete; no suspect identified,
2eb3c8c399d2be5bb56f8ee6f33196512da27c00d5d6d9686c2e4c520a484770,2023-06,North Wales Police,North Wales Police,-2.967481,53.046546,On or near Tryweryn Place,W01001969,Wrexham 010F,Violence and sexual offences,Investigation complete; no suspect identified,
f98f6f4290425aad236f37dfe457e6b01f88eac10e0ccc7286fd7dfdb5e5cb1d,2023-06,North Wales Police,North Wales Police,-2.967076,53.047107,On or near Conway Drive,W01001969,Wrexham 010F,Violence and sexual offences,Unable to prosecute suspect,
4f41f16c0a15b27606e16a8ef122e3dfb1109d6cb0adf8d27d16a8cbad0c22b2,2023-06,North Wales Police,North Wales Police,-2.967481,53.046546,On or near Tryweryn Place,W01001969,Wrexham 010F,Violence and sexual offences,Investigation complete; no suspect identified,
2075d9792ce92145ce115ac895be3aa192f17814620efd9e1301d7da106761a9,2023-06,North Wales Police,North Wales Police,-2.966229,53.047249,On or near Ridley View,W01001969,Wrexham 010F,Violence and sexual offences,Formal action is not in the public interest,
f694ae61f731031fd5b66f56e62393fe1e0e275c4511d592a70b1d5202ffb520,2023-06,North Wales Police,North Wales Police,-3.007997,53.045958,On or near Hospital,W01000349,Wrexham 011A,Violence and sexual offences,Unable to prosecute suspect,
,2023-06,North Wales Police,North Wales Police,-3.017388,53.048215,On or near Llys Y Groes,W01000349,Wrexham 011A,Anti-social behaviour,,
,2023-06,North Wales Police,North Wales Police,-3.006260,53.050800,On or near Lilac Way,W01000349,Wrexham 011A,Anti-social behaviour,,
,2023-06,North Wales Police,North Wales Police,-3.011279,53.038307,On or near Coed Y Cadno,W01000349,Wrexham 011A,Anti-social behaviour,,
,2023-06,North Wales Police,North Wales Police,-3.008250,53.043367,On or near Ruthin Road,W01000349,Wrexham 011A,Anti-social behaviour,,
,2023-06,North Wales Police,North Wales Police,-3.006260,53.050800,On or near Lilac Way,W01000349,Wrexham 011A,Anti-social behaviour,,
,2023-06,North Wales Police,North Wales Police,-3.008973,53.041752,On or near Centenary Road,W01000349,Wrexham 011A,Anti-social behaviour,,
,2023-06,North Wales Police,North Wales Police,-3.008250,53.043367,On or near Ruthin Road,W01000349,Wrexham 011A,Anti-social behaviour,,
2af258eb0e97b7838acb94affb10562dd312b52d141c10169a8a272e2ecdfa51,2023-06,North Wales Police,North Wales Police,-3.011420,53.043070,On or near Sports/Recreation Area,W01000349,Wrexham 011A,Burglary,Investigation complete; no suspect identified,
f13250b11abfe7910f519fb2b2892d60b635270470af271218ee08620899415a,2023-06,North Wales Police,North Wales Police,-3.008973,53.041752,On or near Centenary Road,W01000349,Wrexham 011A,Burglary,Status update unavailable,
2ead047361ff3ebf7bcb1fab587e16fd1356af88b3a3a69f88de4b39f385213a,2023-06,North Wales Police,North Wales Police,-3.009227,53.043044,On or near Bryn Offa,W01000349,Wrexham 011A,Criminal damage and arson,Investigation complete; no suspect identified,
b901da9331fcfa0395edd850998b560e8a752bea07f84a014b0e7b66dd8b5f50,2023-06,North Wales Police,North Wales Police,-3.009763,53.052559,On or near Gloucester Drive,W01000349,Wrexham 011A,Criminal damage and arson,Investigation complete; no suspect identified,
05748c95da4552df662bc9a145c61847a751885ed6ffcfa24036191a4a4e78a5,2023-06,North Wales Police,North Wales Police,-3.008973,53.041752,On or near Centenary Road,W01000349,Wrexham 011A,Criminal damage and arson,Investigation complete; no suspect identified,
92f078f7c6900381674094aee804a59e151a8c849c8ce697734b7f7cc42b1da3,2023-06,North Wales Police,North Wales Police,-3.008250,53.043367,On or near Ruthin Road,W01000349,Wrexham 011A,Criminal damage and arson,Local resolution,
72878fcd8eb62e262742676b536ea47dc207a07006bddae4eb1548f5662f1ba8,2023-06,North Wales Police,North Wales Police,-3.007997,53.045958,On or near Hospital,W01000349,Wrexham 011A,Criminal damage and arson,Local resolution,
c25fb90aad9951b08573cd60d0a7977efe976a39f12854f4ed4438fa275373ac,2023-06,North Wales Police,North Wales Police,-3.008250,53.043367,On or near Ruthin Road,W01000349,Wrexham 011A,Other theft,Investigation complete; no suspect identified,
b6d923198b43bd7ed19155761ad1515293f61795898c8ae06afd27f8d3878a65,2023-06,North Wales Police,North Wales Police,-3.008250,53.043367,On or near Ruthin Road,W01000349,Wrexham 011A,Other theft,Investigation complete; no suspect identified,
3592227bbe454b8f28a677a2ddf1240ef69172d25eb674c541db137e68539a17,2023-06,North Wales Police,North Wales Police,-3.009763,53.052559,On or near Gloucester Drive,W01000349,Wrexham 011A,Other theft,Investigation complete; no suspect identified,
2dd56d740c6bbffb0df23fedd6cb5ea5a759c4299550d5565cbe8a8dc5141b86,2023-06,North Wales Police,North Wales Police,-3.006260,53.050800,On or near Lilac Way,W01000349,Wrexham 011A,Other theft,Investigation complete; no suspect identified,
d6cc9a3965fe1c2e6879ae6578ff577f84465cd06f24bdfc650bc1b71725d651,2023-06,North Wales Police,North Wales Police,-3.008250,53.043367,On or near Ruthin Road,W01000349,Wrexham 011A,Other theft,Investigation complete; no suspect identified,
ea8028150cc8027e1575d81f31a38e859a4b0ab8c7b948ce2d2dafd4651035db,2023-06,North Wales Police,North Wales Police,-3.012586,53.043150,On or near Sports/Recreation Area,W01000349,Wrexham 011A,Other theft,Status update unavailable,
92e5022b6b262497b24f5b66bda88bf016bbede3f20b6e252be466a3129fa442,2023-06,North Wales Police,North Wales Police,-3.009367,53.044104,On or near Supermarket,W01000349,Wrexham 011A,Shoplifting,Investigation complete; no suspect identified,
d89c940253b6fdbd4dce5ac712ec8e5bf0955836691eec1d45f38aa19d1db17c,2023-06,North Wales Police,North Wales Police,-3.009367,53.044104,On or near Supermarket,W01000349,Wrexham 011A,Shoplifting,Investigation complete; no suspect identified,
949aac4f036599e5c2ec5b1577cb6a5146154ccc529cd4ebb66b839e01049727,2023-06,North Wales Police,North Wales Police,-3.008250,53.043367,On or near Ruthin Road,W01000349,Wrexham 011A,Shoplifting,Court result unavailable,
a5e54afadca217744ffbf5a8a6cdf4bd26f4a326cf32230c78e64d7fb6792180,2023-06,North Wales Police,North Wales Police,-3.008250,53.043367,On or near Ruthin Road,W01000349,Wrexham 011A,Shoplifting,Unable to prosecute suspect,
db639adcfafc3b57f48ae3046d99b19b4dd5b28e6549cd7a71ad2a9a7b43f06b,2023-06,North Wales Police,North Wales Police,-3.009367,53.044104,On or near Supermarket,W01000349,Wrexham 011A,Shoplifting,Unable to prosecute suspect,
f0e87c5b65a56229a69407fddfb2a8737641fc2d6ae5fc1015d6ccb5a3fd62f3,2023-06,North Wales Police,North Wales Police,-3.008250,53.043367,On or near Ruthin Road,W01000349,Wrexham 011A,Shoplifting,Court result unavailable,
8e53c9706ca09165cc08e6f198b3b763e8f2f87b684930e79c46ccf029001f16,2023-06,North Wales Police,North Wales Police,-3.011279,53.038307,On or near Coed Y Cadno,W01000349,Wrexham 011A,Vehicle crime,Investigation complete; no suspect identified,
47e87c6510d05464174e30df6c739098a8058433268d35155a17764cd0959de2,2023-06,North Wales Police,North Wales Police,-3.011279,53.038307,On or near Coed Y Cadno,W01000349,Wrexham 011A,Vehicle crime,Investigation complete; no suspect identified,
8f7faaad25f1e3c94002c5bc424357ae08fbc9be2fb3d550469a7793ea7cad44,2023-06,North Wales Police,North Wales Police,-3.007997,53.045958,On or near Hospital,W01000349,Wrexham 011A,Violence and sexual offences,Unable to prosecute suspect,
0e1f37aeee5b1c2e5e5a0141495333b490b9027ffebb9a6b106555dff27d83d7,2023-06,North Wales Police,North Wales Police,-3.007997,53.045958,On or near Hospital,W01000349,Wrexham 011A,Violence and sexual offences,Court result unavailable,
afe9db88f16df3982ed53a18585fbf9820eef2f65df982a6e440092f8d15e2a0,2023-06,North Wales Police,North Wales Police,-3.007997,53.045958,On or near Hospital,W01000349,Wrexham 011A,Violence and sexual offences,Investigation complete; no suspect identified,
018ac98b36d12896f394838534a2413cd491b92dea94f3aa62ac2593fd77178e,2023-06,North Wales Police,North Wales Police,-3.008250,53.043367,On or near Ruthin Road,W01000349,Wrexham 011A,Violence and sexual offences,Unable to prosecute suspect,
06f65b876d530ed60bd447e27094de94277fef7939cabc16979ab59a187f1865,2023-06,North Wales Police,North Wales Police,-3.007997,53.045958,On or near Hospital,W01000349,Wrexham 011A,Violence and sexual offences,Court result unavailable,
00ec290cf56cc0347d8f326e46ac4f0ff645c10427fae9c52a831462beed5265,2023-06,North Wales Police,North Wales Police,-3.007997,53.045958,On or near Hospital,W01000349,Wrexham 011A,Violence and sexual offences,Unable to prosecute suspect,
eb7a7c71375f0c8bef8296ae63b7d3dfe20f87a5f96d179f9c28bc1641ac87ba,2023-06,North Wales Police,North Wales Police,-3.011420,53.043070,On or near Sports/Recreation Area,W01000349,Wrexham 011A,Violence and sexual offences,Local resolution,
a1cd10092c1818bfbf950f17f4d674299c2151ff7e0eaa1842943ab34cb235c2,2023-06,North Wales Police,North Wales Police,-3.007997,53.045958,On or near Hospital,W01000349,Wrexham 011A,Violence and sexual offences,Unable to prosecute suspect,
544a73e867258c6a8f22d8ea6a784859d7658a3aa1977c93fc301da6999abd8a,2023-06,North Wales Police,North Wales Police,-3.007997,53.045958,On or near Hospital,W01000349,Wrexham 011A,Violence and sexual offences,Investigation complete; no suspect identified,
65dd7a1acab6615fe4223c27d5b96746c2461a53830ef335d35ac48aa6ec883f,2023-06,North Wales Police,North Wales Police,-3.009367,53.044104,On or near Supermarket,W01000349,Wrexham 011A,Violence and sexual offences,Status update unavailable,
6b510ec4256e088de041620565c9860ee726a2a166a5dbc0fcf433f69e5f079b,2023-06,North Wales Police,North Wales Police,-3.010835,53.039093,On or near Daisybank Close,W01000349,Wrexham 011A,Other crime,Unable to prosecute suspect,
f6c9eb44b59c902245f3a68dfa759c905808d5c4cdcdf5021753a6b9e34a0981,2023-06,North Wales Police,North Wales Police,-2.994052,53.044754,On or near Town Hill,W01000350,Wrexham 011B,Violence and sexual offences,Unable to prosecute suspect,
,2023-06,North Wales Police,North Wales Police,-3.003715,53.043360,On or near Gibson Street,W01000350,Wrexham 011B,Anti-social behaviour,,
,2023-06,North Wales Police,North Wales Police,-2.996834,53.045054,On or near Brewery Place,W01000350,Wrexham 011B,Anti-social behaviour,,
,2023-06,North Wales Police,North Wales Police,-3.002157,53.045639,On or near Cobden Road,W01000350,Wrexham 011B,Anti-social behaviour,,
,2023-06,North Wales Police,North Wales Police,-3.002157,53.045639,On or near Cobden Road,W01000350,Wrexham 011B,Anti-social behaviour,,
,2023-06,North Wales Police,North Wales Police,-2.994052,53.044754,On or near Town Hill,W01000350,Wrexham 011B,Anti-social behaviour,,
,2023-06,North Wales Police,North Wales Police,-3.000819,53.044527,On or near Bellevue Road,W01000350,Wrexham 011B,Anti-social behaviour,,
,2023-06,North Wales Police,North Wales Police,-2.994052,53.044754,On or near Town Hill,W01000350,Wrexham 011B,Anti-social behaviour,,
,2023-06,North Wales Police,North Wales Police,-3.002937,53.049678,On or near Jacques Way,W01000350,Wrexham 011B,Anti-social behaviour,,
,2023-06,North Wales Police,North Wales Police,-2.994052,53.044754,On or near Town Hill,W01000350,Wrexham 011B,Anti-social behaviour,,
,2023-06,North Wales Police,North Wales Police,-2.995123,53.045249,On or near Vicarage Hill,W01000350,Wrexham 011B,Anti-social behaviour,,
,2023-06,North Wales Police,North Wales Police,-2.996834,53.045054,On or near Brewery Place,W01000350,Wrexham 011B,Anti-social behaviour,,
ba991773c59cbcc9466422b200a1c5cd3761b4631f547725ab73cccd91469c91,2023-06,North Wales Police,North Wales Police,-2.994510,53.045182,On or near Abbot Street,W01000350,Wrexham 011B,Criminal damage and arson,Court result unavailable,
3e1eaafb5bdb4365991990c075dce3ccd98d82ec86cbc6b568903afc763c1f7a,2023-06,North Wales Police,North Wales Police,-2.999787,53.046333,On or near Wrexham Central,W01000350,Wrexham 011B,Criminal damage and arson,Further investigation is not in the public interest,
eea0739bf54549128da7005bbe4ca95d4512abd7aa7058cce9861e48115b047c,2023-06,North Wales Police,North Wales Police,-3.004703,53.050544,On or near Primrose Way,W01000350,Wrexham 011B,Criminal damage and arson,Investigation complete; no suspect identified,
4b129bb430f7f3b505177c4ccd6a3541f73937dfb9db8a40c201789e54fee772,2023-06,North Wales Police,North Wales Police,-3.007856,53.048207,On or near Bron-Y-Nant,W01000350,Wrexham 011B,Criminal damage and arson,Investigation complete; no suspect identified,
fff0d31f8cdb29be0ca373757ccb1113f4a0b0117df15c7eb5a39b33dc91d819,2023-06,North Wales Police,North Wales Police,-3.004683,53.049025,On or near Maesgwyn Road,W01000350,Wrexham 011B,Criminal damage and arson,Investigation complete; no suspect identified,
8cee28818d0feab5c5f5d4a4e7bcb9cd1fed9fcf84cc9fd0c3bafa34c04c1921,2023-06,North Wales Police,North Wales Police,-3.002937,53.049678,On or near Jacques Way,W01000350,Wrexham 011B,Criminal damage and arson,Unable to prosecute suspect,
86a89733414d61cf3b40fd11f6390b57ca2c27106f94971d5ef173bb7fef9d1b,2023-06,North Wales Police,North Wales Police,-2.999392,53.045981,On or near Shopping Area,W01000350,Wrexham 011B,Criminal damage and arson,Status update unavailable,
01aa4388989436849ef1f48b00c5c5d0eba76b550a56e88b9de3ba1b62629fce,2023-06,North Wales Police,North Wales Police,-3.000819,53.044527,On or near Bellevue Road,W01000350,Wrexham 011B,Criminal damage and arson,Investigation complete; no suspect identified,
9d2b3dcfec66f2d96fb5270791a0a21ddcea0a2eb9dc301b7d7ff22f0c4c0597,2023-06,North Wales Police,North Wales Police,-2.995123,53.045249,On or near Vicarage Hill,W01000350,Wrexham 011B,Criminal damage and arson,Unable to prosecute suspect,
1987592922a6b285c6b07f1b65e690f974badc163ab2f59be6549eb56740d7ce,2023-06,North Wales Police,North Wales Police,-3.002157,53.045639,On or near Cobden Road,W01000350,Wrexham 011B,Other theft,Investigation complete; no suspect identified,
be8055185020770fd3fdad1ff0244cb3602a2a640c765acf09143ff3baad5cab,2023-06,North Wales Police,North Wales Police,-2.996834,53.045054,On or near Brewery Place,W01000350,Wrexham 011B,Public order,Court result unavailable,
04b65d8d8d7c9eaa71a021a5736f69f4a3758fd030d5a29612a7f038b9be4ebb,2023-06,North Wales Police,North Wales Police,-2.999392,53.045981,On or near Shopping Area,W01000350,Wrexham 011B,Public order,Further action is not in the public interest,
8ec10117069507cd7f4a327dc9e003c108b2ae78bbe2a1c1f9058b7f5072be59,2023-06,North Wales Police,North Wales Police,-2.994510,53.045182,On or near Abbot Street,W01000350,Wrexham 011B,Public order,Status update unavailable,
1d61252e8cf17a558d46f0e1110b360e050deefb7fad1fad2075bb818fbe6994,2023-06,North Wales Police,North Wales Police,-2.994510,53.045182,On or near Abbot Street,W01000350,Wrexham 011B,Public order,Investigation complete; no suspect identified,
7d9d0d53bb116a1d8f24ad9dc76596c6c7b36e98b16abd33cf3fbf0a68450760,2023-06,North Wales Police,North Wales Police,-2.994052,53.044754,On or near Town Hill,W01000350,Wrexham 011B,Public order,Court result unavailable,
f537ad0c766031c39e2829fc81b3bc3b9b655530846e2bd7ea0e2bcb613169f2,2023-06,North Wales Police,North Wales Police,-3.000819,53.044527,On or near Bellevue Road,W01000350,Wrexham 011B,Public order,Investigation complete; no suspect identified,
d6974e0372c151f9c56627c82b3e170ebf86b3a02a54e1a7f34787d8802f4cc2,2023-06,North Wales Police,North Wales Police,-3.003450,53.044154,On or near Peel Street,W01000350,Wrexham 011B,Public order,Investigation complete; no suspect identified,
9300a5e4fb00bd627a96edfe9600766bd12331ddf6d73746cba6f0344c4eabc9,2023-06,North Wales Police,North Wales Police,-3.000819,53.044527,On or near Bellevue Road,W01000350,Wrexham 011B,Robbery,Unable to prosecute suspect,
8042a0e6ae547e4234c980b51970675cdec6c264ffc834abeef63cd1655a5bdb,2023-06,North Wales Police,North Wales Police,-2.999787,53.046333,On or near Wrexham Central,W01000350,Wrexham 011B,Shoplifting,Local resolution,
0be1073a56b46bf561ae10992638b66472eed6c11a800b8a4cb16944683e1605,2023-06,North Wales Police,North Wales Police,-2.999392,53.045981,On or near Shopping Area,W01000350,Wrexham 011B,Shoplifting,Investigation complete; no suspect identified,
c9f2cd9b025faf9e657c72c9c4a7ceb106752a4ca1cb0a1d7bb4163cb4d53ff3,2023-06,North Wales Police,North Wales Police,-2.999787,53.046333,On or near Wrexham Central,W01000350,Wrexham 011B,Shoplifting,Further action is not in the public interest,
455e2872460f82abc589f41a67068ead35cc81c6587fce231d8e49348283b7ac,2023-06,North Wales Police,North Wales Police,-2.999829,53.045856,On or near Shopping Area,W01000350,Wrexham 011B,Shoplifting,Court result unavailable,
ecdec787af50aa7bd6c90379bec4f7afa278ba4463627b3f761c2fe5bacabb76,2023-06,North Wales Police,North Wales Police,-3.002358,53.046581,On or near Llys Nantgarw,W01000350,Wrexham 011B,Shoplifting,Court result unavailable,
c091ea16bfecfb1392ef1e65701d2f48b506e5540d4a8926dd974dd67b35c6ac,2023-06,North Wales Police,North Wales Police,-3.002358,53.046581,On or near Llys Nantgarw,W01000350,Wrexham 011B,Shoplifting,Investigation complete; no suspect identified,
967acb0ec9e218917b892d4cdcf1adf137d1718368013ba635873199ae6eee26,2023-06,North Wales Police,North Wales Police,-3.002358,53.046581,On or near Llys Nantgarw,W01000350,Wrexham 011B,Shoplifting,Unable to prosecute suspect,
e82fa31755bf609d96bdb8d4052bf64126dc8f56e3e72b2188519e687c0aa11e,2023-06,North Wales Police,North Wales Police,-2.999787,53.046333,On or near Wrexham Central,W01000350,Wrexham 011B,Shoplifting,Offender given a caution,
cdf0e5b1391edae142f0d1b51a3edea875367f7d64302b9923655c424f3fd02b,2023-06,North Wales Police,North Wales Police,-2.999392,53.045981,On or near Shopping Area,W01000350,Wrexham 011B,Shoplifting,Local resolution,
0ef3d0ed0806ccb908c597b5803bac0241761da1946c5dfb2a54846dcc57789e,2023-06,North Wales Police,North Wales Police,-3.004683,53.049025,On or near Maesgwyn Road,W01000350,Wrexham 011B,Shoplifting,Investigation complete; no suspect identified,
f31ff420022b5049a4e808fb2dfa292f5ba4434966e0631775aa74d3a0dbb4cc,2023-06,North Wales Police,North Wales Police,-3.002937,53.049678,On or near Jacques Way,W01000350,Wrexham 011B,Vehicle crime,Court result unavailable,
bec96602f0a3827535426288619cee42235594850e2fe8fb074cc9dd11d5b326,2023-06,North Wales Police,North Wales Police,-3.007856,53.048207,On or near Bron-Y-Nant,W01000350,Wrexham 011B,Vehicle crime,Investigation complete; no suspect identified,
01c3f95628266f6e59404cd85c26ed9fabe7f18a17f6e137e0cb0d2184619838,2023-06,North Wales Police,North Wales Police,-2.994052,53.044754,On or near Town Hill,W01000350,Wrexham 011B,Violence and sexual offences,Local resolution,
51f256428cdc2a1aec99b187fdded145687e73d2ae9ea6158b59aa1e4dcff631,2023-06,North Wales Police,North Wales Police,-2.995123,53.045249,On or near Vicarage Hill,W01000350,Wrexham 011B,Violence and sexual offences,Unable to prosecute suspect,
749e229c8bd4fb9c0ae54217e0a691a87e7c3be86c5e4eb0a690274b73964510,2023-06,North Wales Police,North Wales Police,-2.995123,53.045249,On or near Vicarage Hill,W01000350,Wrexham 011B,Violence and sexual offences,Unable to prosecute suspect,
e8ded59454946711db7edcab7b2bc7c8bc0296e0bec702f0dfcc311af81caca5,2023-06,North Wales Police,North Wales Police,-2.994052,53.044754,On or near Town Hill,W01000350,Wrexham 011B,Violence and sexual offences,Unable to prosecute suspect,
f83c8d7c34eb86cfb0cca90aa42be03532d1e69495cb791cd7fa9b1b5cc8e6e6,2023-06,North Wales Police,North Wales Police,-2.994510,53.045182,On or near Abbot Street,W01000350,Wrexham 011B,Violence and sexual offences,Court result unavailable,
b490bbf4490f6e758a609ab929bdb7553bc1734d1d1184fc02410fbfc26b8a9b,2023-06,North Wales Police,North Wales Police,-2.996834,53.045054,On or near Brewery Place,W01000350,Wrexham 011B,Violence and sexual offences,Unable to prosecute suspect,
0d404ffafcd2d92dd678d2cc45539dba912fdd2861db4e50745384a783d85f82,2023-06,North Wales Police,North Wales Police,-2.994510,53.045182,On or near Abbot Street,W01000350,Wrexham 011B,Violence and sexual offences,Unable to prosecute suspect,
333a64d32066b46477aaeb347330adf1f67eed1f7c20f51de9b04ee53501adae,2023-06,North Wales Police,North Wales Police,-2.994052,53.044754,On or near Town Hill,W01000350,Wrexham 011B,Violence and sexual offences,Court result unavailable,
0fe3a99498417d08925eaf7308a1092acfc1cbbbfb881b6834ba3ad48ca75bc5,2023-06,North Wales Police,North Wales Police,-2.994052,53.044754,On or near Town Hill,W01000350,Wrexham 011B,Violence and sexual offences,Status update unavailable,
dc82fa1302dc588f29c062a9722754cf7f5613154ae1be2fc1802cce6108fdbd,2023-06,North Wales Police,North Wales Police,-3.007856,53.048207,On or near Bron-Y-Nant,W01000350,Wrexham 011B,Violence and sexual offences,Investigation complete; no suspect identified,
e1f627d809e46fa347fa9bb953ec2a45455796163a7b47beeb273b044f9935fe,2023-06,North Wales Police,North Wales Police,-3.007856,53.048207,On or near Bron-Y-Nant,W01000350,Wrexham 011B,Violence and sexual offences,Investigation complete; no suspect identified,
949c0d1e74b2bec41caefcbe41e2b7d5fb70820a7962ec801d3f466733152d11,2023-06,North Wales Police,North Wales Police,-2.999787,53.046333,On or near Wrexham Central,W01000350,Wrexham 011B,Violence and sexual offences,Further action is not in the public interest,
2fcc43de62994c43d228b9cca24ada807d59b874863223da3ec4628040ddc819,2023-06,North Wales Police,North Wales Police,-3.007856,53.048207,On or near Bron-Y-Nant,W01000350,Wrexham 011B,Violence and sexual offences,Unable to prosecute suspect,
1a61df158d2d900822bc2175a11f8389499228eeeffcf9a4c3ce16c924a04f99,2023-06,North Wales Police,North Wales Police,-3.003715,53.043360,On or near Gibson Street,W01000350,Wrexham 011B,Violence and sexual offences,Unable to prosecute suspect,
f2f10f853956ff148a0d998011f98ad53b4e53b2e67fb08a719dc6847a358d2d,2023-06,North Wales Police,North Wales Police,-3.007856,53.048207,On or near Bron-Y-Nant,W01000350,Wrexham 011B,Violence and sexual offences,Investigation complete; no suspect identified,
79b287fa1034186c8edf5a3e55b90a87bcbdab527d2859b3a262d082b56d6c13,2023-06,North Wales Police,North Wales Police,-3.007856,53.048207,On or near Bron-Y-Nant,W01000350,Wrexham 011B,Violence and sexual offences,Unable to prosecute suspect,
07c18420030c7b3e5c4b71adbc56d15fad86dba423de39d765216c2853bb3894,2023-06,North Wales Police,North Wales Police,-2.994052,53.044754,On or near Town Hill,W01000350,Wrexham 011B,Violence and sexual offences,Court result unavailable,
91e7af1ab59db1beaa7faea86ab03276ed49f6309cd5ca6e6ec26c55a067d3bd,2023-06,North Wales Police,North Wales Police,-3.001265,53.045763,On or near Bradley Road,W01000350,Wrexham 011B,Violence and sexual offences,Unable to prosecute suspect,
7fb06e7a36d134831e160d705a3600a5e8c7039639bee93ad51e556f44da973e,2023-06,North Wales Police,North Wales Police,-3.002157,53.045639,On or near Cobden Road,W01000350,Wrexham 011B,Violence and sexual offences,Investigation complete; no suspect identified,
348f67e9739721f042722b76e5d6843531e972a3323651dac028051b05f7692c,2023-06,North Wales Police,North Wales Police,-2.999392,53.045981,On or near Shopping Area,W01000350,Wrexham 011B,Violence and sexual offences,Investigation complete; no suspect identified,
a27762dec09e965cbb04be42f84d789dec2c3b1187c9b4738da95faa580999da,2023-06,North Wales Police,North Wales Police,-3.004703,53.050544,On or near Primrose Way,W01000350,Wrexham 011B,Violence and sexual offences,Action to be taken by another organisation,
df76d1b85c891677ab3c9a160cad316e240d97b2c110607978fee8fadd458ebb,2023-06,North Wales Police,North Wales Police,-3.007856,53.048207,On or near Bron-Y-Nant,W01000350,Wrexham 011B,Violence and sexual offences,Unable to prosecute suspect,
35e581a703e9e7d150c3d0c8e835b69cd1497a194f20a96030537ac7cd481189,2023-06,North Wales Police,North Wales Police,-3.007856,53.048207,On or near Bron-Y-Nant,W01000350,Wrexham 011B,Violence and sexual offences,Unable to prosecute suspect,
f0fec3f342d2b8bc570fb557b2fda480f60606f7a95cab63a44745026e4bf863,2023-06,North Wales Police,North Wales Police,-3.005471,53.045737,On or near Dolydd Road,W01000350,Wrexham 011B,Violence and sexual offences,Unable to prosecute suspect,
c7e441734ebfe61f403b5d59ed2697899b22d37f286381e07f5c96b3542f69b0,2023-06,North Wales Police,North Wales Police,-2.994052,53.044754,On or near Town Hill,W01000350,Wrexham 011B,Violence and sexual offences,Unable to prosecute suspect,
d2972fd2052deba4827e8a67dce1520a2fd19671bf667c50af8c20a295215f9d,2023-06,North Wales Police,North Wales Police,-3.001985,53.047870,On or near Parking Area,W01000350,Wrexham 011B,Violence and sexual offences,Local resolution,
895c592da6c29c6d46b1261b774879cc5783cf7c4b187d582e3520c89cb6edea,2023-06,North Wales Police,North Wales Police,-3.007856,53.048207,On or near Bron-Y-Nant,W01000350,Wrexham 011B,Violence and sexual offences,Unable to prosecute suspect,
982107f21a0a18bc150cc1ce2a3820fddf6f5071d13d3ee27e89e106d3cdc9e2,2023-06,North Wales Police,North Wales Police,-2.994052,53.044754,On or near Town Hill,W01000350,Wrexham 011B,Violence and sexual offences,Unable to prosecute suspect,
98111e4c8b8a6fcf0632150d93063107396200cda52215bb999712802c60c8a7,2023-06,North Wales Police,North Wales Police,-2.994052,53.044754,On or near Town Hill,W01000350,Wrexham 011B,Violence and sexual offences,Unable to prosecute suspect,
,2023-06,North Wales Police,North Wales Police,-2.993361,53.038045,On or near Percy Road,W01000365,Wrexham 011C,Anti-social behaviour,,
,2023-06,North Wales Police,North Wales Police,-2.993805,53.039192,On or near Belgrave Road,W01000365,Wrexham 011C,Anti-social behaviour,,
,2023-06,North Wales Police,North Wales Police,-2.995367,53.039664,On or near Talbot Court,W01000365,Wrexham 011C,Anti-social behaviour,,
2824d09f51fe22f4a9e6158e36594a0f3837c043eb7d9ffd14979f2a22c12366,2023-06,North Wales Police,North Wales Police,-2.991220,53.041569,On or near Supermarket,W01000365,Wrexham 011C,Bicycle theft,Investigation complete; no suspect identified,
c3e8ca60706ff657fc83b1b36cc6de656f32375b264af78bb1967b29429dfa15,2023-06,North Wales Police,North Wales Police,-2.993805,53.039192,On or near Belgrave Road,W01000365,Wrexham 011C,Burglary,Investigation complete; no suspect identified,
982b56c59a5335944e840ff71b1a59bc11c11e11518c746aef0ab7dc85653cee,2023-06,North Wales Police,North Wales Police,-2.994295,53.035852,On or near Howard Field,W01000365,Wrexham 011C,Criminal damage and arson,Investigation complete; no suspect identified,
ad947611f64045b1df57a7e042e73206079765e66283b336e9ed866c6fa2afab,2023-06,North Wales Police,North Wales Police,-2.992323,53.040903,On or near Salisbury Road,W01000365,Wrexham 011C,Criminal damage and arson,Unable to prosecute suspect,
f3e4aa0ba2f3d305dd899f4009501ad6d31becbd500ef54321b4f1ae8d7a7e5f,2023-06,North Wales Police,North Wales Police,-2.992550,53.041692,On or near Barnfield,W01000365,Wrexham 011C,Criminal damage and arson,Unable to prosecute suspect,
6b9d79ba5fb315240169c3206efa551707d7ee1b736bee8bc154253a19559a4c,2023-06,North Wales Police,North Wales Police,-2.994434,53.041910,On or near Poplar Road,W01000365,Wrexham 011C,Other theft,Investigation complete; no suspect identified,
c9dcf4235ba75859b3e841cad7f14e0113de9281066aff1b5713c30b693c97e6,2023-06,North Wales Police,North Wales Police,-2.993296,53.041731,On or near Allt Madiera,W01000365,Wrexham 011C,Public order,Investigation complete; no suspect identified,
d60b52d0c41b4f91a4482b8e46e0d821f246c5b6dbc7873a8b73048dae0e8715,2023-06,North Wales Police,North Wales Police,-2.992550,53.041692,On or near Barnfield,W01000365,Wrexham 011C,Shoplifting,Investigation complete; no suspect identified,
fd56b71249e1699910834533005fa887d59a8fe7014299f415f900d750741ce5,2023-06,North Wales Police,North Wales Police,-2.991394,53.039428,On or near Bennion'S Road,W01000365,Wrexham 011C,Violence and sexual offences,Unable to prosecute suspect,
ee58f2d29c5f145c9b037fae88f1dc67f53ec581fd823f871a42f7748434190b,2023-06,North Wales Police,North Wales Police,-2.994514,53.041737,On or near Supermarket,W01000365,Wrexham 011C,Violence and sexual offences,Investigation complete; no suspect identified,
80ac5b40fa2e7605e60b3bd0f14ee98abe494d176fb142bada5711bfac81f176,2023-06,North Wales Police,North Wales Police,-2.992323,53.040903,On or near Salisbury Road,W01000365,Wrexham 011C,Violence and sexual offences,Status update unavailable,
844ce9d26c9fc10a092abfd02921c0cb00539d97c9816a4c5d1a849aaab4fdb2,2023-06,North Wales Police,North Wales Police,-2.991262,53.031734,On or near Stretton Close,W01000365,Wrexham 011C,Other crime,Investigation complete; no suspect identified,
,2023-06,North Wales Police,North Wales Police,-3.000827,53.039088,On or near Maes Glas,W01000402,Wrexham 011D,Anti-social behaviour,,
,2023-06,North Wales Police,North Wales Police,-3.002621,53.038641,On or near Court Road,W01000402,Wrexham 011D,Anti-social behaviour,,
,2023-06,North Wales Police,North Wales Police,-3.000827,53.039088,On or near Maes Glas,W01000402,Wrexham 011D,Anti-social behaviour,,
,2023-06,North Wales Police,North Wales Police,-2.996848,53.043086,On or near Tenters Lane,W01000402,Wrexham 011D,Anti-social behaviour,,
eb0de2bf82e7c3f5759d1fbabda9139a189d65df9d04f70c8edb89edc95254b6,2023-06,North Wales Police,North Wales Police,-3.000397,53.040485,On or near Edward Street,W01000402,Wrexham 011D,Burglary,Investigation complete; no suspect identified,
6c3da06983ddc8dd7a371b26a2c9d24af511a54398e5737dfea19e63cf892513,2023-06,North Wales Police,North Wales Police,-2.996376,53.042667,On or near Pen-Y-Bryn,W01000402,Wrexham 011D,Burglary,Status update unavailable,
031b8af02a70dec34e786f97a3cbc3ee6780cc7fc02d0821d2d5b57fa0f30744,2023-06,North Wales Police,North Wales Police,-3.002460,53.041312,On or near Victoria Road,W01000402,Wrexham 011D,Criminal damage and arson,Investigation complete; no suspect identified,
d6e7e29fa46bab8f835df7a566a3dbdd2cf49711817bc3e58247a7904cb25b5a,2023-06,North Wales Police,North Wales Police,-2.992009,53.043477,On or near Stryt Twtil,W01000402,Wrexham 011D,Criminal damage and arson,Investigation complete; no suspect identified,
7676e68dcb6eeaa186f4ee1679a63b67793960cf5352e3198ffa2ea36ce933e0,2023-06,North Wales Police,North Wales Police,-2.993988,53.044539,On or near College Street,W01000402,Wrexham 011D,Drugs,Local resolution,
5505e193045de379cf8c931436d2e568afe7709429c9ceca094884110424e296,2023-06,North Wales Police,North Wales Police,-2.998029,53.041916,On or near A525,W01000402,Wrexham 011D,Drugs,Local resolution,
d7429232890cd171e97b96f85d9776af510cc27c8679a56cdaab9bd6f50f3b63,2023-06,North Wales Police,North Wales Police,-3.008177,53.040239,On or near B5099,W01000402,Wrexham 011D,Other theft,Investigation complete; no suspect identified,
25c3bd1189661ba4395c56bfb1ae3f2866863b709923b70d37c7ee114610a71c,2023-06,North Wales Police,North Wales Police,-2.993988,53.044539,On or near College Street,W01000402,Wrexham 011D,Other theft,Investigation complete; no suspect identified,
1a30b4cd5104df2b660444145492f12da74b4f41f3f9bff44bbf30820eb151c5,2023-06,North Wales Police,North Wales Police,-2.997067,53.040935,On or near Wellington Road,W01000402,Wrexham 011D,Public order,Unable to prosecute suspect,
f666f740a86a5a567bfaf08efc8ae107fb61edea6611d64f236b292b31c10c96,2023-06,North Wales Police,North Wales Police,-2.996376,53.042667,On or near Pen-Y-Bryn,W01000402,Wrexham 011D,Public order,Formal action is not in the public interest,
916a8192e41f51046112681a4ec243a35083b30782c7d7636372ef265976250b,2023-06,North Wales Police,North Wales Police,-2.996282,53.041850,On or near Colemere Street,W01000402,Wrexham 011D,Public order,Unable to prosecute suspect,
d834d774a2d17b7e0b66210514ba1ae814a9e7f989ee9b1ea4fd9814148023ce,2023-06,North Wales Police,North Wales Police,-2.992009,53.043477,On or near Stryt Twtil,W01000402,Wrexham 011D,Shoplifting,Local resolution,
8f51a8e0b5378241c5d1cb6fdcfcea81d4b83d72783c832128efc03a914f4273,2023-06,North Wales Police,North Wales Police,-2.998029,53.041916,On or near A525,W01000402,Wrexham 011D,Vehicle crime,Investigation complete; no suspect identified,
4942079dc5a29eb9615a27a47234d0cc77c66248a1f583d7f939073a121128b1,2023-06,North Wales Police,North Wales Police,-3.004181,53.037729,On or near Bron-Y-Dre,W01000402,Wrexham 011D,Vehicle crime,Investigation complete; no suspect identified,
dce33232b4d8092db65b78d1b87d83cc74d57244c1af5707e535f0e043b93c98,2023-06,North Wales Police,North Wales Police,-3.008177,53.040239,On or near B5099,W01000402,Wrexham 011D,Violence and sexual offences,Unable to prosecute suspect,
42db2fe4e397038164fb17c3e68d9f9b2037e71f7be46682a6d89236aa3f7ef8,2023-06,North Wales Police,North Wales Police,-3.008177,53.040239,On or near B5099,W01000402,Wrexham 011D,Violence and sexual offences,Unable to prosecute suspect,
ea19adc3bdfbedcbfb6fd1b87eacd8e9cfb1e05ea4daf89ee70ec38119cda24c,2023-06,North Wales Police,North Wales Police,-2.999292,53.039784,On or near Ffordd Belmont,W01000402,Wrexham 011D,Violence and sexual offences,Action to be taken by another organisation,
748747dfd44d503248117be3816db5a8171c79aa38d31032ae7ec1ca7bfde8e2,2023-06,North Wales Police,North Wales Police,-3.000397,53.040485,On or near Edward Street,W01000402,Wrexham 011D,Violence and sexual offences,Unable to prosecute suspect,
726d8f3d56fa959f25c5e88305fe54a349ad9777e45034b65ba86624c6d0451e,2023-06,North Wales Police,North Wales Police,-2.990036,53.042648,On or near Salop Road,W01000402,Wrexham 011D,Violence and sexual offences,Unable to prosecute suspect,
f39c0fa3cbd307c699a0c370f60ae6bf594b8a69d98e73a90328ed3b9e34e655,2023-06,North Wales Police,North Wales Police,-2.993988,53.044539,On or near College Street,W01000402,Wrexham 011D,Violence and sexual offences,Investigation complete; no suspect identified,
8b821c0c72872778d019aa04532ea53a00c74be87b305be85b0210ffc4e6db86,2023-06,North Wales Police,North Wales Police,-3.008177,53.040239,On or near B5099,W01000402,Wrexham 011D,Violence and sexual offences,Unable to prosecute suspect,
e14292aea9323fd253b7d7146dd4e59c8f4e01c472c31af3193d04879da9fc9b,2023-06,North Wales Police,North Wales Police,-2.999292,53.039784,On or near Ffordd Belmont,W01000402,Wrexham 011D,Violence and sexual offences,Unable to prosecute suspect,
2c7679761122bdc09737e1aab48c30730ceef91de5ea16a7eaec1caa71432ce6,2023-06,North Wales Police,North Wales Police,-2.995254,53.044465,On or near Nightclub,W01000402,Wrexham 011D,Violence and sexual offences,Local resolution,
e67f489e570ec1181205f23183694502912429fec99a531bb5f02cd186dc7db9,2023-06,North Wales Police,North Wales Police,-2.995180,53.043198,On or near Bryndraw Terrace,W01000402,Wrexham 011D,Violence and sexual offences,Court result unavailable,
1b1d662d14316438ed67427f0417286c212d22fdf81358e14e2a81e26d7ec7d8,2023-06,North Wales Police,North Wales Police,-2.995180,53.043198,On or near Bryndraw Terrace,W01000402,Wrexham 011D,Violence and sexual offences,Court result unavailable,
cb1ef5272d51099164c12d4b49c76c12a62cc510059849bfbcac89746d7aa71a,2023-06,North Wales Police,North Wales Police,-2.995254,53.044465,On or near Nightclub,W01000402,Wrexham 011D,Violence and sexual offences,Status update unavailable,
f1f2fbc958c429a377ead18208f64dd1a38715f2294d72aef46b002ccee918fa,2023-06,North Wales Police,North Wales Police,-3.002460,53.041312,On or near Victoria Road,W01000402,Wrexham 011D,Violence and sexual offences,Investigation complete; no suspect identified,
8db022d13df0e1173ce703973b428fc18ba3bb7af86e0fbbb0fdfca4af2b579b,2023-06,North Wales Police,North Wales Police,-2.997563,53.040464,On or near Ffordd Faddon,W01000402,Wrexham 011D,Violence and sexual offences,Unable to prosecute suspect,
126644d42879493518b18c79c0b250fb7003b6b7a8cdc678e1598a8113168770,2023-06,North Wales Police,North Wales Police,-2.988990,53.038657,On or near Stuart Street,W01000381,Wrexham 012A,Criminal damage and arson,Investigation complete; no suspect identified,
dc6deac75ae0453414b9009e95fceae1e05399579895afea3a213c11242571aa,2023-06,North Wales Police,North Wales Police,-2.988990,53.038657,On or near Stuart Street,W01000381,Wrexham 012A,Criminal damage and arson,Court result unavailable,
cdff3a47518cc57421c21b7844985bdea4b03b824f24aeadff72e6cc5dad0d27,2023-06,North Wales Police,North Wales Police,-2.992284,53.035321,On or near Waterloo Close,W01000381,Wrexham 012A,Other theft,Unable to prosecute suspect,
06ee5b81956ff49952d3a16ff69afa456cb0c205dd4a7043051a52ede9ab4aee,2023-06,North Wales Police,North Wales Police,-2.988791,53.037768,On or near Stuart Way,W01000381,Wrexham 012A,Other theft,Investigation complete; no suspect identified,
7b1aff86f1ecc2fe3a0645fffe7536c0b42da7035699d00522acb03e47090a01,2023-06,North Wales Police,North Wales Police,-2.985581,53.037633,On or near Bryn-Y-Cabanau Road,W01000381,Wrexham 012A,Violence and sexual offences,Unable to prosecute suspect,
355a19130b2fb135e70e13f959c51e0fd95f08a60b2a39dd781ae63e3d1d0497,2023-06,North Wales Police,North Wales Police,-2.988791,53.037768,On or near Stuart Way,W01000381,Wrexham 012A,Other crime,Investigation complete; no suspect identified,
c9c0b8b4e1640d897a22570d7c32ef9dc4cd03928f95e221f74a6d60c3813386,2023-06,North Wales Police,North Wales Police,-2.982280,53.037418,On or near Weale Court,W01000382,Wrexham 012B,Violence and sexual offences,Action to be taken by another organisation,
,2023-06,North Wales Police,North Wales Police,-2.985313,53.034390,On or near Range Road,W01000382,Wrexham 012B,Anti-social behaviour,,
,2023-06,North Wales Police,North Wales Police,-2.982954,53.035560,On or near Hackett Court,W01000382,Wrexham 012B,Anti-social behaviour,,
,2023-06,North Wales Police,North Wales Police,-2.984772,53.038754,On or near Nelson Street,W01000382,Wrexham 012B,Anti-social behaviour,,
,2023-06,North Wales Police,North Wales Police,-2.985313,53.034390,On or near Range Road,W01000382,Wrexham 012B,Anti-social behaviour,,
,2023-06,North Wales Police,North Wales Police,-2.985127,53.039291,On or near Welch Way,W01000382,Wrexham 012B,Anti-social behaviour,,
,2023-06,North Wales Police,North Wales Police,-2.985127,53.039291,On or near Welch Way,W01000382,Wrexham 012B,Anti-social behaviour,,
,2023-06,North Wales Police,North Wales Police,-2.984772,53.038754,On or near Nelson Street,W01000382,Wrexham 012B,Anti-social behaviour,,
,2023-06,North Wales Police,North Wales Police,-2.981782,53.036496,On or near Hill Court,W01000382,Wrexham 012B,Anti-social behaviour,,
bb572606c5e87b6ad721c68de4102149ddaf103bf229c3c38e77dc8b7365b0eb,2023-06,North Wales Police,North Wales Police,-2.984242,53.035783,On or near Shields Court,W01000382,Wrexham 012B,Criminal damage and arson,Investigation complete; no suspect identified,
04dc2716a24337a0dec171d07d309857caabe80825f347baa49d3aa7ca5144f2,2023-06,North Wales Police,North Wales Police,-2.985127,53.039291,On or near Welch Way,W01000382,Wrexham 012B,Public order,Unable to prosecute suspect,
03291957ee61a71819f98ad37adbf32a69d485dcfed2d7a91058def76025790e,2023-06,North Wales Police,North Wales Police,-2.989359,53.035210,On or near Avalon Court,W01000382,Wrexham 012B,Public order,Unable to prosecute suspect,
67d3bf54b817f26b28ad61192439b57e4b3654aaeeeb82368f6324ea2d245b3c,2023-06,North Wales Police,North Wales Police,-2.982954,53.035560,On or near Hackett Court,W01000382,Wrexham 012B,Vehicle crime,Investigation complete; no suspect identified,
e241f5ba7711ee3a5d0a72b46385e3d02efa3d60d8a09a41bfa029749f1031fe,2023-06,North Wales Police,North Wales Police,-2.983420,53.035089,On or near Thomas Court,W01000382,Wrexham 012B,Violence and sexual offences,Investigation complete; no suspect identified,
23754fe5ddfaa772254f19e827a10cdf84a07488ec2ec48d1692eebcd008bdef,2023-06,North Wales Police,North Wales Police,-2.981766,53.035777,On or near Bell Court,W01000382,Wrexham 012B,Violence and sexual offences,Unable to prosecute suspect,
8060e5088f178783bd43dea72b4be2b4217f138ea1020a6a877a8487d8a44eb8,2023-06,North Wales Police,North Wales Police,-2.981782,53.036496,On or near Hill Court,W01000382,Wrexham 012B,Violence and sexual offences,Court result unavailable,
36d0e76da2c4421e26eaf461d815ab5532f53705bbd8960842c69ef6ae21c13e,2023-06,North Wales Police,North Wales Police,-2.986664,53.039970,On or near Fusilier Way,W01000382,Wrexham 012B,Violence and sexual offences,Unable to prosecute suspect,
1edcffc39b8c9a3c39120f497d2d805f31152485a8833b00ba7f115c34545627,2023-06,North Wales Police,North Wales Police,-2.981782,53.036496,On or near Hill Court,W01000382,Wrexham 012B,Violence and sexual offences,Court result unavailable,
9148c55ec4fe71bc95674cf678e76e4fea3b15fd96f8342cfa553ed3fb10cc9f,2023-06,North Wales Police,North Wales Police,-2.984772,53.038754,On or near Nelson Street,W01000382,Wrexham 012B,Violence and sexual offences,Unable to prosecute suspect,
3a09b50f80732072be147ac7d77d36d4263e0212533cd98b2661d77f204b166e,2023-06,North Wales Police,North Wales Police,-2.984772,53.038754,On or near Nelson Street,W01000382,Wrexham 012B,Violence and sexual offences,Status update unavailable,
a03ac544e4c0c07441650944bdfc576d439f68710ebfa18a4d26b0a9a6db4ac1,2023-06,North Wales Police,North Wales Police,-2.986664,53.039970,On or near Fusilier Way,W01000382,Wrexham 012B,Violence and sexual offences,Investigation complete; no suspect identified,
,2023-06,North Wales Police,North Wales Police,-2.976620,53.041006,On or near Parking Area,W01000423,Wrexham 012D,Anti-social behaviour,,
,2023-06,North Wales Police,North Wales Police,-2.972837,53.040606,On or near Queensway,W01000423,Wrexham 012D,Anti-social behaviour,,
,2023-06,North Wales Police,North Wales Police,-2.976620,53.041006,On or near Parking Area,W01000423,Wrexham 012D,Anti-social behaviour,,
,2023-06,North Wales Police,North Wales Police,-2.976620,53.041006,On or near Parking Area,W01000423,Wrexham 012D,Anti-social behaviour,,
,2023-06,North Wales Police,North Wales Police,-2.976620,53.041006,On or near Parking Area,W01000423,Wrexham 012D,Anti-social behaviour,,
,2023-06,North Wales Police,North Wales Police,-2.976620,53.041006,On or near Parking Area,W01000423,Wrexham 012D,Anti-social behaviour,,
,2023-06,North Wales Police,North Wales Police,-2.972837,53.040606,On or near Queensway,W01000423,Wrexham 012D,Anti-social behaviour,,
,2023-06,North Wales Police,North Wales Police,-2.979881,53.039469,On or near Clwyd Wen,W01000423,Wrexham 012D,Anti-social behaviour,,
,2023-06,North Wales Police,North Wales Police,-2.979881,53.039469,On or near Clwyd Wen,W01000423,Wrexham 012D,Anti-social behaviour,,
,2023-06,North Wales Police,North Wales Police,-2.976620,53.041006,On or near Parking Area,W01000423,Wrexham 012D,Anti-social behaviour,,
,2023-06,North Wales Police,North Wales Police,-2.972914,53.036757,On or near Goodwick Drive,W01000423,Wrexham 012D,Anti-social behaviour,,
,2023-06,North Wales Police,North Wales Police,-2.979881,53.039469,On or near Clwyd Wen,W01000423,Wrexham 012D,Anti-social behaviour,,
dcd4bced497082a4b3f018b98653e842751a72d6d5f9657a113f83784ba54f25,2023-06,North Wales Police,North Wales Police,-2.976620,53.041006,On or near Parking Area,W01000423,Wrexham 012D,Burglary,Investigation complete; no suspect identified,
a0b9fee17fa5c39d30ae99083f17c7ed2ae039910665a52dff553b31c53f1d6e,2023-06,North Wales Police,North Wales Police,-2.976620,53.041006,On or near Parking Area,W01000423,Wrexham 012D,Criminal damage and arson,Unable to prosecute suspect,
1b0a3a558a216b3089896d8f68d1049e1a071c50772670cfef1a93b49ea8e0b3,2023-06,North Wales Police,North Wales Police,-2.966750,53.035882,On or near Eastfield Court,W01000423,Wrexham 012D,Criminal damage and arson,Unable to prosecute suspect,
49adee656bf1039e83b14389a08381a4836f0e2fcd9381670d64ce19c60742e6,2023-06,North Wales Police,North Wales Police,-2.976620,53.041006,On or near Parking Area,W01000423,Wrexham 012D,Criminal damage and arson,Investigation complete; no suspect identified,
4f5f29b765abcb4fb7ec4c7b1d7fb7acd0e785bb0e8fda0a9a9d0e264545d415,2023-06,North Wales Police,North Wales Police,-2.965850,53.037615,On or near Pentre Gwyn,W01000423,Wrexham 012D,Criminal damage and arson,Investigation complete; no suspect identified,
3707a4b0e6440626dbbd9e463cc856f48b0c3a54454c26a51cd116cea708b0b6,2023-06,North Wales Police,North Wales Police,-2.967689,53.035847,On or near Westfield Court,W01000423,Wrexham 012D,Other theft,Investigation complete; no suspect identified,
1e9c9e60461bc1d221a1961f8a5ac283b3705b1cc7b19c049ca8535bbb190a02,2023-06,North Wales Police,North Wales Police,-2.968175,53.036913,On or near Tan Y Coed,W01000423,Wrexham 012D,Other theft,Investigation complete; no suspect identified,
3b3cac6df89df7c95fe6c50ffe74b4adc3834b813413e8807c8e5df7b265d06c,2023-06,North Wales Police,North Wales Police,-2.977242,53.040830,On or near Parking Area,W01000423,Wrexham 012D,Public order,Court result unavailable,
4d33ee6c294b479e92372442dc8d889dcba303d5bd2e30cb7fda74128412b54d,2023-06,North Wales Police,North Wales Police,-2.967689,53.035847,On or near Westfield Court,W01000423,Wrexham 012D,Public order,Unable to prosecute suspect,
088cc58f4367c91a46da3330b606a413a90539a2dc310f9432752c653fac94f6,2023-06,North Wales Police,North Wales Police,-2.967689,53.035847,On or near Westfield Court,W01000423,Wrexham 012D,Shoplifting,Court result unavailable,
e95760a1b6f6a1f313d485961bbe63e96b1896f4c3b04e8d0393f78dcae0453c,2023-06,North Wales Police,North Wales Police,-2.965850,53.037615,On or near Pentre Gwyn,W01000423,Wrexham 012D,Violence and sexual offences,Unable to prosecute suspect,
bedc43b20e8a72f2a1002ff6853b2355f1707e953eb9d5ba31a9c49c8945fc9c,2023-06,North Wales Police,North Wales Police,-2.965850,53.037615,On or near Pentre Gwyn,W01000423,Wrexham 012D,Violence and sexual offences,Unable to prosecute suspect,
a1949a3d5348a9d74b2941f28a130456d22cba203d22f0f979c0d8cb2ed052cf,2023-06,North Wales Police,North Wales Police,-2.976620,53.041006,On or near Parking Area,W01000423,Wrexham 012D,Violence and sexual offences,Unable to prosecute suspect,
1da50345e6bc4dc3856790be40d7b6b53d7251bf6d481273427b8de2d3707ad2,2023-06,North Wales Police,North Wales Police,-2.971944,53.036694,On or near Fishguard Close,W01000423,Wrexham 012D,Violence and sexual offences,Unable to prosecute suspect,
60729aaed81b2e968bd36a249c713b77e0f37c0f6bbb6e4c5eeeba4304cb42ca,2023-06,North Wales Police,North Wales Police,-2.972837,53.040606,On or near Queensway,W01000423,Wrexham 012D,Violence and sexual offences,Court result unavailable,
2aca6896337b4381b31b454c599ec663f42a650ec45b3751122e756e245c7e00,2023-06,North Wales Police,North Wales Police,-2.979881,53.039469,On or near Clwyd Wen,W01000423,Wrexham 012D,Violence and sexual offences,Investigation complete; no suspect identified,
8f7116d11221da41302582fc02e67165fdaede77923644ef97fdf84c79ead282,2023-06,North Wales Police,North Wales Police,-2.976620,53.041006,On or near Parking Area,W01000423,Wrexham 012D,Violence and sexual offences,Unable to prosecute suspect,
c5d16b88dc76667060ead7fe88ab6521061a41396155442eb1b96ffb5b7c6e06,2023-06,North Wales Police,North Wales Police,-2.972837,53.040606,On or near Queensway,W01000423,Wrexham 012D,Violence and sexual offences,Investigation complete; no suspect identified,
403b5d3dfeeda1c18cd677d7a007b96950431decf06a39e2447aa1a74eb388c8,2023-06,North Wales Police,North Wales Police,-2.977242,53.040830,On or near Parking Area,W01000423,Wrexham 012D,Violence and sexual offences,Court result unavailable,
31b21ee89c66c7531f50004f67621b7cfbcf805862bb21f3aaf94a92ac731dee,2023-06,North Wales Police,North Wales Police,-2.979881,53.039469,On or near Clwyd Wen,W01000423,Wrexham 012D,Violence and sexual offences,Status update unavailable,
2fa2b6fc3ebd665ec2cc286807b471e27faf2c27400416e7bc872be6b6bdc16a,2023-06,North Wales Police,North Wales Police,-2.976620,53.041006,On or near Parking Area,W01000423,Wrexham 012D,Violence and sexual offences,Unable to prosecute suspect,
b59315308e49b1a27fd857506cdbc5fe5ba0535486a8e8c377b5788bf5d7a074,2023-06,North Wales Police,North Wales Police,-2.971487,53.035601,On or near Gelli Goodwood,W01000423,Wrexham 012D,Other crime,Status update unavailable,
4ad0eba826dbc0f727e762c8e29af3e341352623f3c8548625a73cbb563e3004,2023-06,North Wales Police,North Wales Police,-2.976620,53.041006,On or near Parking Area,W01000423,Wrexham 012D,Other crime,Court result unavailable,
,2023-06,North Wales Police,North Wales Police,-2.980716,53.040766,On or near Whitegate Road,W01000424,Wrexham 012E,Anti-social behaviour,,
,2023-06,North Wales Police,North Wales Police,-2.983718,53.041622,On or near Golgfa'R Ddol,W01000424,Wrexham 012E,Anti-social behaviour,,
a77425f4f2063fcf7d05374502e85a46714de8d9a1568e4b6ceb529d04572740,2023-06,North Wales Police,North Wales Police,-2.980716,53.040766,On or near Whitegate Road,W01000424,Wrexham 012E,Bicycle theft,Status update unavailable,
7716447418da412c45eb74c0752bc58a9e50d3c976ff4b51e354fbde63855cb8,2023-06,North Wales Police,North Wales Police,-2.980716,53.040766,On or near Whitegate Road,W01000424,Wrexham 012E,Bicycle theft,Investigation complete; no suspect identified,
96305920a77ce770b2ddc47b64bc131d65e05d7df7ab69c59e74e916cf3c572f,2023-06,North Wales Police,North Wales Police,-2.980716,53.040766,On or near Whitegate Road,W01000424,Wrexham 012E,Drugs,Further investigation is not in the public interest,
c9bac4e3532ddd8924dc497df40e7698ecc5b3c253dc6e279cf8bacdf80f786c,2023-06,North Wales Police,North Wales Police,-2.983718,53.041622,On or near Golgfa'R Ddol,W01000424,Wrexham 012E,Other theft,Unable to prosecute suspect,
ee43fc6473cef7e973e0ffd476658782d811b149cde09f647c3369445a2c583f,2023-06,North Wales Police,North Wales Police,-2.981490,53.038719,On or near Warwick Avenue,W01000424,Wrexham 012E,Public order,Status update unavailable,
9ded29ded2687a8de6dc1ce4454d283399985a58c3c8a11397421b71c2dd7ad9,2023-06,North Wales Police,North Wales Police,-2.983718,53.041622,On or near Golgfa'R Ddol,W01000424,Wrexham 012E,Violence and sexual offences,Status update unavailable,
30ec80da30a783779a2b8400de33163d49d7398c28fb747d9ea948916fbe93db,2023-06,North Wales Police,North Wales Police,-2.982494,53.038288,On or near Kingsmills Road,W01000424,Wrexham 012E,Violence and sexual offences,Local resolution,
c41e0d3e7bec6687c84b1b7f59b9b761d12db766beb2070e00da47ad5458b5fa,2023-06,North Wales Police,North Wales Police,-2.983718,53.041622,On or near Golgfa'R Ddol,W01000424,Wrexham 012E,Violence and sexual offences,Unable to prosecute suspect,
feaaed942a690b331eb9cc391254b78d06bb9cea749d0ac8ddaffcaa71a1b9ff,2023-06,North Wales Police,North Wales Police,-2.982494,53.038288,On or near Kingsmills Road,W01000424,Wrexham 012E,Violence and sexual offences,Unable to prosecute suspect,
,2023-06,North Wales Police,North Wales Police,-2.982544,53.043744,On or near Bernard Road,W01001929,Wrexham 012F,Anti-social behaviour,,
,2023-06,North Wales Police,North Wales Police,-2.982544,53.043744,On or near Bernard Road,W01001929,Wrexham 012F,Anti-social behaviour,,
,2023-06,North Wales Police,North Wales Police,-2.982544,53.043744,On or near Bernard Road,W01001929,Wrexham 012F,Anti-social behaviour,,
,2023-06,North Wales Police,North Wales Police,-2.982544,53.043744,On or near Bernard Road,W01001929,Wrexham 012F,Anti-social behaviour,,
,2023-06,North Wales Police,North Wales Police,-2.982544,53.043744,On or near Bernard Road,W01001929,Wrexham 012F,Anti-social behaviour,,
,2023-06,North Wales Police,North Wales Police,-2.982544,53.043744,On or near Bernard Road,W01001929,Wrexham 012F,Anti-social behaviour,,
,2023-06,North Wales Police,North Wales Police,-2.979041,53.041885,On or near Pont Wen,W01001929,Wrexham 012F,Anti-social behaviour,,
e0ff922f6680627257c7cdf17e585dcf08d44e9bfa3bc2749179aa72ef466323,2023-06,North Wales Police,North Wales Police,-2.987642,53.044381,On or near Shopping Area,W01001929,Wrexham 012F,Criminal damage and arson,Unable to prosecute suspect,
fc11cd03d7eed1f5a8c5c852b563f0ca3d3f8b2b04f450711cc63e1cc8dccd7c,2023-06,North Wales Police,North Wales Police,-2.979041,53.041885,On or near Pont Wen,W01001929,Wrexham 012F,Criminal damage and arson,Unable to prosecute suspect,
2579cdb50aa8c86d37ec7c0271e66c019be13248f7c626d71051af639dac1179,2023-06,North Wales Police,North Wales Police,-2.983412,53.041930,On or near Maes Bentley,W01001929,Wrexham 012F,Criminal damage and arson,Local resolution,
d5821921176d2716d8474657a1b2d8166330c9e8370f90e178cc3052f209bdd0,2023-06,North Wales Police,North Wales Police,-2.979041,53.041885,On or near Pont Wen,W01001929,Wrexham 012F,Criminal damage and arson,Investigation complete; no suspect identified,
ef095bb1ef444c0ae409d44fff856789183d8915dceff88c120a5e7b2a2ff0b3,2023-06,North Wales Police,North Wales Police,-2.982544,53.043744,On or near Bernard Road,W01001929,Wrexham 012F,Other theft,Unable to prosecute suspect,
4bdf1c187ad404472d7ac64036f7dbf5360824b0156cac6179ef02554b515d4b,2023-06,North Wales Police,North Wales Police,-2.982544,53.043744,On or near Bernard Road,W01001929,Wrexham 012F,Other theft,Investigation complete; no suspect identified,
dbcdcdf2c8e0e7d8bf63ddcebe4be3dac43ed8f47753c939139a1501984696df,2023-06,North Wales Police,North Wales Police,-2.983975,53.045027,On or near Palmer Street,W01001929,Wrexham 012F,Other theft,Unable to prosecute suspect,
2c2502626e67df4dc55f9dfc506ec4c321107e48a440594fdfacd456a7affae7,2023-06,North Wales Police,North Wales Police,-2.979041,53.041885,On or near Pont Wen,W01001929,Wrexham 012F,Other theft,Investigation complete; no suspect identified,
38d034a10083620dd7414be7877ce7c7fa00e68bd54d09ce8a477acae3046699,2023-06,North Wales Police,North Wales Police,-2.982544,53.043744,On or near Bernard Road,W01001929,Wrexham 012F,Public order,Investigation complete; no suspect identified,
f651a8afc9530b8f25e875d4c8f5ed721e339bcaa3be2dd9177f0fc75f6d1f54,2023-06,North Wales Police,North Wales Police,-2.985824,53.044993,On or near Parking Area,W01001929,Wrexham 012F,Public order,Unable to prosecute suspect,
60b9e4a4fbda7596d7c40f24dc533a24bb343f809f6e3cf41eafc4cd09bcad79,2023-06,North Wales Police,North Wales Police,-2.982544,53.043744,On or near Bernard Road,W01001929,Wrexham 012F,Public order,Investigation complete; no suspect identified,
89011f9704d1f30983211d93f76e50755f4e83a3121f86c4d8c35ab32518a353,2023-06,North Wales Police,North Wales Police,-2.979041,53.041885,On or near Pont Wen,W01001929,Wrexham 012F,Violence and sexual offences,Investigation complete; no suspect identified,
177ed965e14f6277a6d52bf7d7502952e988c05f868e7d0c025396386ef75714,2023-06,North Wales Police,North Wales Police,-2.982544,53.043744,On or near Bernard Road,W01001929,Wrexham 012F,Violence and sexual offences,Unable to prosecute suspect,
8e413976fe810538e30b0014bd573733aa73a6b2b318c1df5f0b6fd6a645ff59,2023-06,North Wales Police,North Wales Police,-2.979041,53.041885,On or near Pont Wen,W01001929,Wrexham 012F,Violence and sexual offences,Unable to prosecute suspect,
8c1c80a30673841710e0faf7a26e476dbc32b65b9f9b17c32780c4508c77e7dd,2023-06,North Wales Police,North Wales Police,-2.982544,53.043744,On or near Bernard Road,W01001929,Wrexham 012F,Violence and sexual offences,Further investigation is not in the public interest,
f9d3e780b2159152e241e70ad2eedfe6ca7cb7f298aac389cc6ebd48affab43c,2023-06,North Wales Police,North Wales Police,-2.979041,53.041885,On or near Pont Wen,W01001929,Wrexham 012F,Violence and sexual offences,Court result unavailable,
803111f74729c1bbd350ddab7d04b50047c616eb6d4a25d9d1507594e6cc16f0,2023-06,North Wales Police,North Wales Police,-2.979041,53.041885,On or near Pont Wen,W01001929,Wrexham 012F,Violence and sexual offences,Unable to prosecute suspect,
9aaedf4979c5e35d810833b6e47c09e75a8207848b39d06f28fc1a487a75b211,2023-06,North Wales Police,North Wales Police,-2.982544,53.043744,On or near Bernard Road,W01001929,Wrexham 012F,Violence and sexual offences,Unable to prosecute suspect,
b9fdc5279532547f4f0662bca724320cae969dfc69be40f171a94ddbe8aa7938,2023-06,North Wales Police,North Wales Police,-2.979041,53.041885,On or near Pont Wen,W01001929,Wrexham 012F,Violence and sexual offences,Unable to prosecute suspect,
a45bae71d759792005aadbc194d8a2313006fc0906e361554471de5b222e0a0b,2023-06,North Wales Police,North Wales Police,-2.982544,53.043744,On or near Bernard Road,W01001929,Wrexham 012F,Violence and sexual offences,Further investigation is not in the public interest,
8df44c2a761ec18ff04b52b5acb7e7def9924ac89c9c3b8ff40c56cb9e3a4120,2023-06,North Wales Police,North Wales Police,-2.984903,53.044516,On or near Smithfield Road,W01001929,Wrexham 012F,Violence and sexual offences,Unable to prosecute suspect,
b401a5fd3af7874ed39707471158dc0c68fcaeb9c8af60b8f0233f6402f366c6,2023-06,North Wales Police,North Wales Police,-2.979041,53.041885,On or near Pont Wen,W01001929,Wrexham 012F,Violence and sexual offences,Investigation complete; no suspect identified,
333ac7342c03c49eca9fbb568d106a0ea1901f7942c0b4321839c73dae99855b,2023-06,North Wales Police,North Wales Police,-2.987475,53.046094,On or near Supermarket,W01001931,Wrexham 012G,Criminal damage and arson,Unable to prosecute suspect,
,2023-06,North Wales Police,North Wales Police,-2.984968,53.046052,On or near Parking Area,W01001931,Wrexham 012G,Anti-social behaviour,,
,2023-06,North Wales Police,North Wales Police,-2.990400,53.045486,On or near Charles Street,W01001931,Wrexham 012G,Anti-social behaviour,,
,2023-06,North Wales Police,North Wales Police,-2.991546,53.044766,On or near Stryt Efrog,W01001931,Wrexham 012G,Anti-social behaviour,,
,2023-06,North Wales Police,North Wales Police,-2.987475,53.046094,On or near Supermarket,W01001931,Wrexham 012G,Anti-social behaviour,,
,2023-06,North Wales Police,North Wales Police,-2.990029,53.046235,On or near Market Street,W01001931,Wrexham 012G,Anti-social behaviour,,
,2023-06,North Wales Police,North Wales Police,-2.990029,53.046235,On or near Market Street,W01001931,Wrexham 012G,Anti-social behaviour,,
,2023-06,North Wales Police,North Wales Police,-2.987475,53.046094,On or near Supermarket,W01001931,Wrexham 012G,Anti-social behaviour,,
,2023-06,North Wales Police,North Wales Police,-2.990029,53.046235,On or near Market Street,W01001931,Wrexham 012G,Anti-social behaviour,,
,2023-06,North Wales Police,North Wales Police,-2.987026,53.041460,On or near Greenbank Street,W01001931,Wrexham 012G,Anti-social behaviour,,
,2023-06,North Wales Police,North Wales Police,-2.987475,53.046094,On or near Supermarket,W01001931,Wrexham 012G,Anti-social behaviour,,
,2023-06,North Wales Police,North Wales Police,-2.990029,53.046235,On or near Market Street,W01001931,Wrexham 012G,Anti-social behaviour,,
,2023-06,North Wales Police,North Wales Police,-2.987475,53.046094,On or near Supermarket,W01001931,Wrexham 012G,Anti-social behaviour,,
,2023-06,North Wales Police,North Wales Police,-2.987475,53.046094,On or near Supermarket,W01001931,Wrexham 012G,Anti-social behaviour,,
,2023-06,North Wales Police,North Wales Police,-2.986946,53.047780,On or near Petrol Station,W01001931,Wrexham 012G,Anti-social behaviour,,
e99311f91d0b74d3e110500abe7364e2b765fe3976d17852eb69ac2e557af753,2023-06,North Wales Police,North Wales Police,-2.986051,53.043176,On or near Hightown Road,W01001931,Wrexham 012G,Burglary,Unable to prosecute suspect,
b53e2e9056aa3b26460018272030d99ebcbf2431c5c9839225ffe6056827f6b4,2023-06,North Wales Police,North Wales Police,-2.984968,53.046052,On or near Parking Area,W01001931,Wrexham 012G,Burglary,Investigation complete; no suspect identified,
35a88105b21e5e66f1bfcde87af3b5bd2d0fb9c487c96604600d40487dda90b8,2023-06,North Wales Police,North Wales Police,-2.987475,53.046094,On or near Supermarket,W01001931,Wrexham 012G,Criminal damage and arson,Status update unavailable,
c475622a5b00aba97a963108a3e6011ad98341376d49e033129234e98d56adf1,2023-06,North Wales Police,North Wales Police,-2.987475,53.046094,On or near Supermarket,W01001931,Wrexham 012G,Criminal damage and arson,Investigation complete; no suspect identified,
e2e667b27590290a490f9e68f4a132bd0d15d9dce2784dc6d4e17a563156149c,2023-06,North Wales Police,North Wales Police,-2.990400,53.045486,On or near Charles Street,W01001931,Wrexham 012G,Criminal damage and arson,Court result unavailable,
be54039bf73ddb42f9f5b6ddd86eab07be6a4cc2ddb70f4a5c329245513cbb3b,2023-06,North Wales Police,North Wales Police,-2.987475,53.046094,On or near Supermarket,W01001931,Wrexham 012G,Criminal damage and arson,Investigation complete; no suspect identified,
f2f0bdd918a89ab57cf604f7d04b3c30a03d696a9217a3ae1c0e4c473206cb04,2023-06,North Wales Police,North Wales Police,-2.988790,53.042299,On or near Cefn Y Nant,W01001931,Wrexham 012G,Criminal damage and arson,Investigation complete; no suspect identified,
8fd288011cc8ef65ca3dc372ea6e6fcc196cbdc042dfbb1ae4c81aef705e5272,2023-06,North Wales Police,North Wales Police,-2.985872,53.047843,On or near Shopping Area,W01001931,Wrexham 012G,Criminal damage and arson,Investigation complete; no suspect identified,
e8471b9f232c656eee2a8ac11c357cd3d49ef88028fa9560e0c662624a01417f,2023-06,North Wales Police,North Wales Police,-2.982801,53.048515,On or near Rhoddfa Wilson,W01001931,Wrexham 012G,Criminal damage and arson,Investigation complete; no suspect identified,
6f01201a60741c44fd8aebc06acd26a5fd6170805a5c35afdec014f0b582d06b,2023-06,North Wales Police,North Wales Police,-2.990400,53.045486,On or near Charles Street,W01001931,Wrexham 012G,Other theft,Investigation complete; no suspect identified,
bd5bef9f7be8e4854f48ab782245cbf3b662287aaf66c92f6507e32d5dbd87d6,2023-06,North Wales Police,North Wales Police,-2.989294,53.044111,On or near A525,W01001931,Wrexham 012G,Other theft,Investigation complete; no suspect identified,
5af582853357506e7778819a532b99296e4f35a930c72ee3595ca02b16ecd38c,2023-06,North Wales Police,North Wales Police,-2.991546,53.044766,On or near Stryt Efrog,W01001931,Wrexham 012G,Other theft,Investigation complete; no suspect identified,
3a59b351da35c438abc348790ac6ba6721471c20c0407dd582d682aaace0e62c,2023-06,North Wales Police,North Wales Police,-2.986655,53.042218,On or near Rivulet Road,W01001931,Wrexham 012G,Other theft,Investigation complete; no suspect identified,
344fdeb47447ea8acfe914002bfe97236d64c943267d5772997729c1d6f38ab2,2023-06,North Wales Police,North Wales Police,-2.989294,53.044111,On or near A525,W01001931,Wrexham 012G,Public order,Court result unavailable,
02467dbf9d5029acb4a6ab8c08d4d101b5052bd45735cdc9dba776182595d5d5,2023-06,North Wales Police,North Wales Police,-2.987026,53.041460,On or near Greenbank Street,W01001931,Wrexham 012G,Public order,Unable to prosecute suspect,
e9b7027d3d75d52ae548518d70c17d1f0dafcd58c266de08d02a9c31a6164037,2023-06,North Wales Police,North Wales Police,-2.989294,53.044111,On or near A525,W01001931,Wrexham 012G,Public order,Court result unavailable,
64c7676c8710b3baa3f57540a59a35de62dcda3e2d75669aeecfafaaaf375e24,2023-06,North Wales Police,North Wales Police,-2.989065,53.044517,On or near Shopping Area,W01001931,Wrexham 012G,Public order,Investigation complete; no suspect identified,
1ed7f26f8ecdeb5c14e1b1b63c562fce25c73cd3c1636899826045cd2313066b,2023-06,North Wales Police,North Wales Police,-2.982801,53.048515,On or near Rhoddfa Wilson,W01001931,Wrexham 012G,Public order,Investigation complete; no suspect identified,
703afa884092cd9754dd25bdef4349f5f5afc18f5f9de228bc47d7664c524da3,2023-06,North Wales Police,North Wales Police,-2.990029,53.046235,On or near Market Street,W01001931,Wrexham 012G,Public order,Unable to prosecute suspect,
bc0ca06879278bea4e5b0a2b8fb5e1e59cf5de82363355f9e67308cd8ce68f11,2023-06,North Wales Police,North Wales Police,-2.984968,53.046052,On or near Parking Area,W01001931,Wrexham 012G,Public order,Investigation complete; no suspect identified,
ffc0635a142cddb8c81ac4e46043474b50913d4cacac60de1b2d3868fe156044,2023-06,North Wales Police,North Wales Police,-2.984968,53.046052,On or near Parking Area,W01001931,Wrexham 012G,Public order,Investigation complete; no suspect identified,
0bbc547ce0da212c549818f0ee1c284e10b63a16116cfa989d5222fb06c7e901,2023-06,North Wales Police,North Wales Police,-2.991546,53.044766,On or near Stryt Efrog,W01001931,Wrexham 012G,Public order,Investigation complete; no suspect identified,
e2e75e5a8f9852ab43c9158bc647649e08bc61bb53a55a5d906998ce7628c535,2023-06,North Wales Police,North Wales Police,-2.989998,53.040985,On or near B5100,W01001931,Wrexham 012G,Public order,Formal action is not in the public interest,
074a3aa48926b8b108d6855a0ad5ec815534e8d41dc81aeaca43754cfbaf1b89,2023-06,North Wales Police,North Wales Police,-2.989065,53.044517,On or near Shopping Area,W01001931,Wrexham 012G,Shoplifting,Investigation complete; no suspect identified,
d43fb9a5189b093d13fa17844bb8d53f61e073405760c1a5b0e1a95880848ebb,2023-06,North Wales Police,North Wales Police,-2.989065,53.044517,On or near Shopping Area,W01001931,Wrexham 012G,Shoplifting,Investigation complete; no suspect identified,
cb67022e1ba6aa0f5e94d9627d90cd41ae1ce9deacfeaa87136b5bd1542c2617,2023-06,North Wales Police,North Wales Police,-2.989065,53.044517,On or near Shopping Area,W01001931,Wrexham 012G,Shoplifting,Investigation complete; no suspect identified,
5471357f2b492f66b55006d1b3db362d693e23a5150b30351493772e92b1c7f9,2023-06,North Wales Police,North Wales Police,-2.987475,53.046094,On or near Supermarket,W01001931,Wrexham 012G,Shoplifting,Investigation complete; no suspect identified,
dbb664ef5d1fb24be5bfab46222d9ac53b296cba750640729bcc08bb98fc320b,2023-06,North Wales Police,North Wales Police,-2.987475,53.046094,On or near Supermarket,W01001931,Wrexham 012G,Shoplifting,Court result unavailable,
946f3c267de55b5016ce3fad76a3755901facaf1f3c66d1cf660263216678b64,2023-06,North Wales Police,North Wales Police,-2.987475,53.046094,On or near Supermarket,W01001931,Wrexham 012G,Shoplifting,Offender given a caution,
558391088d95a79e89de9945976e30eb009164c127eb17241aa4d0198d7d922f,2023-06,North Wales Police,North Wales Police,-2.985872,53.047843,On or near Shopping Area,W01001931,Wrexham 012G,Shoplifting,Court result unavailable,
bf30e266a8455d4bc5fa99bb0f650410fdc8df8d530feb5bff23a68bdccaedfe,2023-06,North Wales Police,North Wales Police,-2.989065,53.044517,On or near Shopping Area,W01001931,Wrexham 012G,Shoplifting,Investigation complete; no suspect identified,
ee7ecb79f7902475eb6e084ecb000556001089c7aa105b385d11b1e6ea151bad,2023-06,North Wales Police,North Wales Police,-2.987475,53.046094,On or near Supermarket,W01001931,Wrexham 012G,Shoplifting,Investigation complete; no suspect identified,
510e2aa6c219ae4670783bf77d59d79e036747f81ad6fe518e1bc45fa36f6490,2023-06,North Wales Police,North Wales Police,-2.987475,53.046094,On or near Supermarket,W01001931,Wrexham 012G,Shoplifting,Court result unavailable,
617b3ee5ceb5a39c8cc2615a6dcedf0c8d0c199bf55daba06ef0c04d96d22a29,2023-06,North Wales Police,North Wales Police,-2.987475,53.046094,On or near Supermarket,W01001931,Wrexham 012G,Shoplifting,Investigation complete; no suspect identified,
7b4168a1956035be7378b92cd0b53c4882f9e54bbe6cd4a6516d4a0359e5a1df,2023-06,North Wales Police,North Wales Police,-2.987475,53.046094,On or near Supermarket,W01001931,Wrexham 012G,Shoplifting,Investigation complete; no suspect identified,
899a256a8ec9884d836d7bc650bb46acc934f2b0ae9ae75a879884ccb1dd392a,2023-06,North Wales Police,North Wales Police,-2.989065,53.044517,On or near Shopping Area,W01001931,Wrexham 012G,Shoplifting,Investigation complete; no suspect identified,
836f7012cf0d3644d5b0436a356b7ff6e5071dbf1c2487a34720b85098df4dab,2023-06,North Wales Police,North Wales Police,-2.985872,53.047843,On or near Shopping Area,W01001931,Wrexham 012G,Shoplifting,Local resolution,
51c2002ec0ee5620c67b1bd6a92037dc6b9d228cbe7a6c1ea5491dea38986004,2023-06,North Wales Police,North Wales Police,-2.985872,53.047843,On or near Shopping Area,W01001931,Wrexham 012G,Shoplifting,Investigation complete; no suspect identified,
1c17377e27e8010009a4599400a0121fe2732dd7661e8007cd105382cc2f8e64,2023-06,North Wales Police,North Wales Police,-2.985872,53.047843,On or near Shopping Area,W01001931,Wrexham 012G,Shoplifting,Investigation complete; no suspect identified,
8dc34ae2e5fb82f91df00cb1d017d58012cf87d7db088ae1bb5ad5ded77d1d37,2023-06,North Wales Police,North Wales Police,-2.989065,53.044517,On or near Shopping Area,W01001931,Wrexham 012G,Shoplifting,Investigation complete; no suspect identified,
aa6c724e8e06593dd49a537da7bdbe4bc071d99e9c83bab9976a66abf79cc7fa,2023-06,North Wales Police,North Wales Police,-2.987475,53.046094,On or near Supermarket,W01001931,Wrexham 012G,Shoplifting,Investigation complete; no suspect identified,
7f93317a307f78730dc34fa1eac9226eb3cce22088a5abe9cc9a388825f147cc,2023-06,North Wales Police,North Wales Police,-2.989400,53.044829,On or near Parking Area,W01001931,Wrexham 012G,Shoplifting,Unable to prosecute suspect,
4b1709739084b5aca4e0bb14d346360937706b0ba7cacd649d4116ac6a92c554,2023-06,North Wales Police,North Wales Police,-2.987475,53.046094,On or near Supermarket,W01001931,Wrexham 012G,Shoplifting,Further action is not in the public interest,
5fb59f40af6975eaecb46b2076e46f67d09a0508cffdb0843eef9f675b721ac8,2023-06,North Wales Police,North Wales Police,-2.989065,53.044517,On or near Shopping Area,W01001931,Wrexham 012G,Shoplifting,Investigation complete; no suspect identified,
2103cbceda6f52c6d038fce8389a2c0768809ac35273f762344ce320b6cb58e4,2023-06,North Wales Police,North Wales Police,-2.987475,53.046094,On or near Supermarket,W01001931,Wrexham 012G,Shoplifting,Investigation complete; no suspect identified,
43f289d01c4465d9544608fff39f010c21a0f6641ddeec9cde1a5257315e8176,2023-06,North Wales Police,North Wales Police,-2.989065,53.044517,On or near Shopping Area,W01001931,Wrexham 012G,Shoplifting,Investigation complete; no suspect identified,
51bad0f8730f74e9d9bbbfdf5912da681442e4a90d12f11035b23c31414b2d96,2023-06,North Wales Police,North Wales Police,-2.987475,53.046094,On or near Supermarket,W01001931,Wrexham 012G,Shoplifting,Court result unavailable,
9de36971f922b2d8174e084f044ca9232d6dd0fa1fb805cabb370aee0b850aa6,2023-06,North Wales Police,North Wales Police,-2.989065,53.044517,On or near Shopping Area,W01001931,Wrexham 012G,Shoplifting,Investigation complete; no suspect identified,
68010b73024567a50d9c9251f960307937f6d96852cc9d914b88af6d6578a6c6,2023-06,North Wales Police,North Wales Police,-2.991546,53.044766,On or near Stryt Efrog,W01001931,Wrexham 012G,Vehicle crime,Court result unavailable,
4cb283627f5db4fdc9831fd62f792dd0ad9f32b7cfbac248825a16b00ce80dee,2023-06,North Wales Police,North Wales Police,-2.983285,53.046848,On or near Crescent Close,W01001931,Wrexham 012G,Violence and sexual offences,Court result unavailable,
2c36fc9176540d98c0a604b7f7596adeeb3500503e7d55d104860e1245280327,2023-06,North Wales Police,North Wales Police,-2.984968,53.046052,On or near Parking Area,W01001931,Wrexham 012G,Violence and sexual offences,Unable to prosecute suspect,
4a501a17a4373a7c2d3225122885ddf168e4ccdd3832baea92a57f896f843f89,2023-06,North Wales Police,North Wales Police,-2.990400,53.045486,On or near Charles Street,W01001931,Wrexham 012G,Violence and sexual offences,Investigation complete; no suspect identified,
eac875378dc191087ea07c461d54c55c633a32d3fa5ce6c5280cf4653e531732,2023-06,North Wales Police,North Wales Police,-2.984968,53.046052,On or near Parking Area,W01001931,Wrexham 012G,Violence and sexual offences,Unable to prosecute suspect,
513f6345a3acfadee6b353dc9e5e10e5e8630e63304e9a2a7d3009d64480e897,2023-06,North Wales Police,North Wales Police,-2.991546,53.044766,On or near Stryt Efrog,W01001931,Wrexham 012G,Violence and sexual offences,Status update unavailable,
dcafd676e686f08078ade601a700ece2729ad978a8cbb28917fb1e22e5413b68,2023-06,North Wales Police,North Wales Police,-2.990029,53.046235,On or near Market Street,W01001931,Wrexham 012G,Violence and sexual offences,Court result unavailable,
b613d064b7e9f11ce48acde1c09c83c53dd897c020c1be13647ed48ee1ac6b83,2023-06,North Wales Police,North Wales Police,-2.983285,53.046848,On or near Crescent Close,W01001931,Wrexham 012G,Violence and sexual offences,Status update unavailable,
5f0d2b1f58d054dd723e833e77f40a266b36fd7cde1f6a5a4998680c58d8adb9,2023-06,North Wales Police,North Wales Police,-2.989400,53.044829,On or near Parking Area,W01001931,Wrexham 012G,Violence and sexual offences,Status update unavailable,
b411933e8fa412fd70d56af4fdb56ac504e83208a9613a68923f37aaf6809eee,2023-06,North Wales Police,North Wales Police,-2.990029,53.046235,On or near Market Street,W01001931,Wrexham 012G,Violence and sexual offences,Unable to prosecute suspect,
f6db6ec5a5d676a17a92b297dd2d2411ea372ef823adce3e61b39e9930785afa,2023-06,North Wales Police,North Wales Police,-2.990029,53.046235,On or near Market Street,W01001931,Wrexham 012G,Violence and sexual offences,Unable to prosecute suspect,
bbed2a6bb9e3b19bb8396d890b8161c15fa7c2790f5a0604d57df60a93cbff85,2023-06,North Wales Police,North Wales Police,-2.987475,53.046094,On or near Supermarket,W01001931,Wrexham 012G,Violence and sexual offences,Investigation complete; no suspect identified,
37529765543a2f5e18814aaea2a0916c0332cadfc9d3540c8aecd7a5347f731a,2023-06,North Wales Police,North Wales Police,-2.985717,53.046217,On or near Crescent Road,W01001931,Wrexham 012G,Violence and sexual offences,Unable to prosecute suspect,
43c6830d57774984250b1e3003e75d0b2c89c38fc4e3adf090c4b571ff86ce1f,2023-06,North Wales Police,North Wales Police,-2.991546,53.044766,On or near Stryt Efrog,W01001931,Wrexham 012G,Violence and sexual offences,Unable to prosecute suspect,
e05f260784592a8798513956acbbac8691cbae5808efd28f9a36e35b1730018a,2023-06,North Wales Police,North Wales Police,-2.990029,53.046235,On or near Market Street,W01001931,Wrexham 012G,Violence and sexual offences,Unable to prosecute suspect,
3c6c476ef472a08c53ab46da3e67c16b8bf4a888e6d3c54c260e2ca6fea4f087,2023-06,North Wales Police,North Wales Police,-2.984968,53.046052,On or near Parking Area,W01001931,Wrexham 012G,Violence and sexual offences,Unable to prosecute suspect,
e37aefb30bb2f1fae6b9d5ff84e261caecaf7d71a89665e1c1cc4dc0a8c5ef54,2023-06,North Wales Police,North Wales Police,-2.990400,53.045486,On or near Charles Street,W01001931,Wrexham 012G,Violence and sexual offences,Unable to prosecute suspect,
58c5aa5b26e2d18478265e60d0114b9f8bb72403985d2c10a581d506fa86ccc0,2023-06,North Wales Police,North Wales Police,-2.984968,53.046052,On or near Parking Area,W01001931,Wrexham 012G,Violence and sexual offences,Unable to prosecute suspect,
65070036af9607ccd92680ac48c6be6fb53507cfc636f437d06209d0f0a06385,2023-06,North Wales Police,North Wales Police,-2.981754,53.047706,On or near Ffordd Montgomery,W01001931,Wrexham 012G,Violence and sexual offences,Unable to prosecute suspect,
b25f97b06d918a4eb4e3dbea1402f2352f8bb8228c4892689df0962f0bc3ff35,2023-06,North Wales Police,North Wales Police,-2.988790,53.042299,On or near Cefn Y Nant,W01001931,Wrexham 012G,Violence and sexual offences,Unable to prosecute suspect,
0b8f475ac1cb470bb9a4d7d7e3a99c69ed20c395c2dd6621a4c46790cfb7fee2,2023-06,North Wales Police,North Wales Police,-2.989050,53.041910,On or near Willow Bridge Court,W01001931,Wrexham 012G,Violence and sexual offences,Unable to prosecute suspect,
,2023-06,North Wales Police,North Wales Police,-3.084824,53.058596,On or near Minera Hall Road,W01000398,Wrexham 013A,Anti-social behaviour,,
,2023-06,North Wales Police,North Wales Police,-3.078463,53.058411,On or near Ruthin Road,W01000398,Wrexham 013A,Anti-social behaviour,,
,2023-06,North Wales Police,North Wales Police,-3.078463,53.058411,On or near Ruthin Road,W01000398,Wrexham 013A,Anti-social behaviour,,
,2023-06,North Wales Police,North Wales Police,-3.079539,53.058491,On or near Minera Hall Road,W01000398,Wrexham 013A,Anti-social behaviour,,
76c6c6d77d07ecec93b7acd9bc89f99a651a62721b72fcb1ed7e287df4fbe96a,2023-06,North Wales Police,North Wales Police,-3.095873,53.061236,On or near Cae Glas Lane,W01000398,Wrexham 013A,Criminal damage and arson,Action to be taken by another organisation,
0c0805c06e0b6e60811bc07f82413270814cd3b86f684163769d1b5f43ea65c7,2023-06,North Wales Police,North Wales Police,-3.077045,53.060788,On or near Gwernygaseg Road,W01000398,Wrexham 013A,Public order,Investigation complete; no suspect identified,
0d4fc13ec120d6fd3716fad7d7f6b4fde0d19bdd8b26200b02d80e39077a8692,2023-06,North Wales Police,North Wales Police,-3.092882,53.059816,On or near Church Road,W01000398,Wrexham 013A,Violence and sexual offences,Unable to prosecute suspect,
6ec50356bbb3d10e184d3004b72eb65b94e309e4f714dbe5549ba8cc27f21d33,2023-06,North Wales Police,North Wales Police,-3.092882,53.059816,On or near Church Road,W01000398,Wrexham 013A,Violence and sexual offences,Unable to prosecute suspect,
35768e985330f8ac741a882f95a3ef89abb720def62aec129e4786ef1950cdf1,2023-06,North Wales Police,North Wales Police,-3.092882,53.059816,On or near Church Road,W01000398,Wrexham 013A,Violence and sexual offences,Unable to prosecute suspect,
84b783de8b3706a0937e76f978792f9f01ebcbbbf53859e930f35d7025d59edf,2023-06,North Wales Police,North Wales Police,-3.085782,53.050416,On or near Top Road,W01000398,Wrexham 013A,Violence and sexual offences,Court result unavailable,
09060087c6eebf3928d55d5078dac05b557c45c4560daf78fe52c38d8567c7f9,2023-06,North Wales Police,North Wales Police,-3.078463,53.058411,On or near Ruthin Road,W01000398,Wrexham 013A,Violence and sexual offences,Unable to prosecute suspect,
1b7020c3ddcda714a3520a1c5fd48ae998dc28ad526ef7a0e9bf8ae15c4cb148,2023-06,North Wales Police,North Wales Police,-3.092471,53.072459,On or near Yr Hendy,W01000399,Wrexham 013B,Other theft,Investigation complete; no suspect identified,
daa10b74dcaffd37dfa44fdc7db3eebc36ced7cac5c186eee4f49e5525f12ac9,2023-06,North Wales Police,North Wales Police,-3.093279,53.073720,On or near Cefn Road,W01000399,Wrexham 013B,Violence and sexual offences,Formal action is not in the public interest,
,2023-06,North Wales Police,North Wales Police,-3.059290,53.001868,On or near Delfryn,W01000406,Wrexham 013C,Anti-social behaviour,,
,2023-06,North Wales Police,North Wales Police,-3.059290,53.001868,On or near Delfryn,W01000406,Wrexham 013C,Anti-social behaviour,,
,2023-06,North Wales Police,North Wales Police,-3.059290,53.001868,On or near Delfryn,W01000406,Wrexham 013C,Anti-social behaviour,,
,2023-06,North Wales Police,North Wales Police,-3.062410,53.002119,On or near Hawthorn View,W01000406,Wrexham 013C,Anti-social behaviour,,
223f9c7c4c57c54f6c783bf385b3b86e54fb41a5fce7f076c672a91f3aadbfcf,2023-06,North Wales Police,North Wales Police,-3.076754,53.006629,On or near Stryt Yr Lampit,W01000406,Wrexham 013C,Criminal damage and arson,Unable to prosecute suspect,
42353cf9ebff649b2df65713f3bf2c3cb6559c0af3cdd374346cdd65e9665a4b,2023-06,North Wales Police,North Wales Police,-3.059290,53.001868,On or near Delfryn,W01000406,Wrexham 013C,Criminal damage and arson,Unable to prosecute suspect,
bd959f4ab47bbeb2fc957c9b96eb9d1323a4ae98d09ae92ee99f8c83fed6fb86,2023-06,North Wales Police,North Wales Police,-3.057565,53.000211,On or near Coed-Y-Graig,W01000406,Wrexham 013C,Criminal damage and arson,Unable to prosecute suspect,
70d33b4d1c2244333e90db6a98cdcd76907f7031a15f03b27234fcd265935f49,2023-06,North Wales Police,North Wales Police,-3.058542,53.000562,On or near Trem-Y-Gardden,W01000406,Wrexham 013C,Criminal damage and arson,Investigation complete; no suspect identified,
c2750e34469d47bd414e3b150960543900b75779e41f99975c2e6c5a82fe2327,2023-06,North Wales Police,North Wales Police,-3.059290,53.001868,On or near Delfryn,W01000406,Wrexham 013C,Drugs,Local resolution,
9f10aa9f306808ca2d7206bb8f82a16c47f85c702976bd59805401128643d21b,2023-06,North Wales Police,North Wales Police,-3.076754,53.006629,On or near Stryt Yr Lampit,W01000406,Wrexham 013C,Public order,Unable to prosecute suspect,
b91f5446b261d7ccbf2414cd7a15b859f120a90dea28e1a08d2f6c9c310947fa,2023-06,North Wales Police,North Wales Police,-3.058542,53.000562,On or near Trem-Y-Gardden,W01000406,Wrexham 013C,Public order,Investigation complete; no suspect identified,
23780291d27007704847d3e908c14d57d1b5e4641fe1bd23c2285e8ec32aeb44,2023-06,North Wales Police,North Wales Police,-3.059290,53.001868,On or near Delfryn,W01000406,Wrexham 013C,Public order,Unable to prosecute suspect,
6963d7ccbebf6e9b73f7c4d17971901f6ef07d0922bafd34b3b8e6a0970111e5,2023-06,North Wales Police,North Wales Police,-3.059290,53.001868,On or near Delfryn,W01000406,Wrexham 013C,Violence and sexual offences,Unable to prosecute suspect,
de7d59dd5ac6a7b8c3a6cfdc485e61ccedbc92c41597f8b58e12e807ec0ca884,2023-06,North Wales Police,North Wales Police,-3.057565,53.000211,On or near Coed-Y-Graig,W01000406,Wrexham 013C,Violence and sexual offences,Investigation complete; no suspect identified,
14cad3e57eb4e962815e2a02caf83a6665aca74904db8f1a6f5f214ee6f99233,2023-06,North Wales Police,North Wales Police,-3.057565,53.000211,On or near Coed-Y-Graig,W01000406,Wrexham 013C,Violence and sexual offences,Investigation complete; no suspect identified,
80c067c3d5670e29722e361d4df8bad023fc71090f46c4183756982725d77868,2023-06,North Wales Police,North Wales Police,-3.059290,53.001868,On or near Delfryn,W01000406,Wrexham 013C,Violence and sexual offences,Action to be taken by another organisation,
f15ffbd12247e74b4192f86a8329b93ed224d78eed208d3d3d60d49e9790d2bf,2023-06,North Wales Police,North Wales Police,-3.062133,52.999317,On or near Pinecroft,W01000406,Wrexham 013C,Violence and sexual offences,Unable to prosecute suspect,
1b1e1a3290ec79e334a23ee4ad3d2e6f6bbc9463eddd63bd53e69fcd58502eb6,2023-06,North Wales Police,North Wales Police,-3.057565,53.000211,On or near Coed-Y-Graig,W01000406,Wrexham 013C,Violence and sexual offences,Court result unavailable,
412fd510e35f3e53a6162b366527a6fcf40a0f7fa03fdd8b909ceee7cec1cd51,2023-06,North Wales Police,North Wales Police,-3.062410,53.002119,On or near Hawthorn View,W01000406,Wrexham 013C,Violence and sexual offences,Unable to prosecute suspect,
1ba84cbd5eacb11fdd013ac5d7d614a4ba38a0c778c4b459bc02f04330304094,2023-06,North Wales Police,North Wales Police,-3.058219,53.001365,On or near Ffordd Llanerch,W01000406,Wrexham 013C,Violence and sexual offences,Action to be taken by another organisation,
0cab11cdccde49d15ba586fbc207aa8c2bbc528a1f4824d70c04f3889b1bbe15,2023-06,North Wales Police,North Wales Police,-3.061553,53.003017,On or near Bridge Street,W01000406,Wrexham 013C,Violence and sexual offences,Unable to prosecute suspect,
fed435bc77b1530a15a38f7d812e81b2502a11ab878d659bdbfe3322f276c79b,2023-06,North Wales Police,North Wales Police,-3.079235,53.000943,On or near Bridge Street,W01000408,Wrexham 013D,Burglary,Investigation complete; no suspect identified,
8922a548c76b0c2ec5b7960c23c5d56bcaf7e8a66bf5330ab9e2eeeb44fdc6c1,2023-06,North Wales Police,North Wales Police,-3.070533,52.998576,On or near Cristionydd,W01000408,Wrexham 013D,Public order,Unable to prosecute suspect,
103512b8730afe591bdd497f2fae8141454c7e8f7230c8f8493482dac7076b9a,2023-06,North Wales Police,North Wales Police,-3.064528,52.999169,On or near Coed-Y-Nant,W01000408,Wrexham 013D,Violence and sexual offences,Investigation complete; no suspect identified,
bf0bfd266c3f027d7dc6b49ed3844f95040d547da2aa0992443bb23fc832412f,2023-06,North Wales Police,North Wales Police,-3.070533,52.998576,On or near Cristionydd,W01000408,Wrexham 013D,Violence and sexual offences,Unable to prosecute suspect,
e71845ada73290eadf997c063aa5601e5301f3b5c56268d3ea21afd498aa2875,2023-06,North Wales Police,North Wales Police,-3.067653,52.998395,On or near Bryn Y Barcut,W01000408,Wrexham 013D,Violence and sexual offences,Unable to prosecute suspect,
5b971b184b245aacde718186b2836c8cfb63436918641eb3b7056b80740a783f,2023-06,North Wales Police,North Wales Police,-3.026296,53.028821,On or near Holmwood Avenue,W01000366,Wrexham 014A,Violence and sexual offences,Further action is not in the public interest,
,2023-06,North Wales Police,North Wales Police,-3.030666,53.032630,On or near Highgrove Close,W01000366,Wrexham 014A,Anti-social behaviour,,
,2023-06,North Wales Police,North Wales Police,-3.026296,53.028821,On or near Holmwood Avenue,W01000366,Wrexham 014A,Anti-social behaviour,,
,2023-06,North Wales Police,North Wales Police,-3.024273,53.030303,On or near Ffordd Y Ffynnon,W01000366,Wrexham 014A,Anti-social behaviour,,
fde5f3fa0b68295e78b776a0085906f6c52240ead8d0f4107ae89be3d1600b9f,2023-06,North Wales Police,North Wales Police,-3.030666,53.032630,On or near Highgrove Close,W01000366,Wrexham 014A,Other theft,Investigation complete; no suspect identified,
51395dee5ae2a7453276507fea7fca9e4a6e2f8f7abeea45c4f1e28a3743d397,2023-06,North Wales Police,North Wales Police,-3.029328,53.027796,On or near Petrol Station,W01000366,Wrexham 014A,Public order,Investigation complete; no suspect identified,
f4dab708f240d54b34ef2526f5073b9ba6d392c4c3fd16dc6d930750ea31c7ab,2023-06,North Wales Police,North Wales Police,-3.021137,53.032614,On or near Erddig Close,W01000366,Wrexham 014A,Violence and sexual offences,Unable to prosecute suspect,
3be2a7293064f7a3422f5f0eb3ad7fd43db641fb9341d721e0440817235103c2,2023-06,North Wales Police,North Wales Police,-3.023180,53.030735,On or near Trinity Street,W01000366,Wrexham 014A,Violence and sexual offences,Unable to prosecute suspect,
da919a18138f35584148e0f0624853dba281595378ed40f19ed5a0c8ef9aaee8,2023-06,North Wales Police,North Wales Police,-3.027699,53.030759,On or near Maes Amanda,W01000366,Wrexham 014A,Violence and sexual offences,Unable to prosecute suspect,
,2023-06,North Wales Police,North Wales Police,-3.030530,53.033162,On or near Clos Treftadaeth,W01000367,Wrexham 014B,Anti-social behaviour,,
2d4b02b3bbdfb8fda703f1eb1616d9d87dd3e22be59c169aa0436f28af71b54c,2023-06,North Wales Police,North Wales Police,-3.020214,53.034590,On or near Summerfields,W01000367,Wrexham 014B,Other theft,Investigation complete; no suspect identified,
9f22a417a6faaaec72c9631ef49168d528da913c9b16a227c212eb489a37ed48,2023-06,North Wales Police,North Wales Police,-3.030530,53.033162,On or near Clos Treftadaeth,W01000367,Wrexham 014B,Public order,Local resolution,
389a7a1006031c63227e69f9d6811faa0dc716f48e8251f8e398f9035bed496d,2023-06,North Wales Police,North Wales Police,-3.025751,53.033491,On or near Station Road,W01000367,Wrexham 014B,Vehicle crime,Unable to prosecute suspect,
0aed35b98cbbe3310912769f61bcb6ff133302c3e803127d0c54a0182bf81228,2023-06,North Wales Police,North Wales Police,-3.026269,53.035860,On or near Bersham Road,W01000367,Wrexham 014B,Violence and sexual offences,Unable to prosecute suspect,
ecb9595d8ef56259381f7490bc7dc81afb975751ef1b57174937f38e7f4538fb,2023-06,North Wales Police,North Wales Police,-3.030530,53.033162,On or near Clos Treftadaeth,W01000367,Wrexham 014B,Violence and sexual offences,Unable to prosecute suspect,
6f217a45d9158421ff8e77c768bd76aacb35e080a48f3df1eff261120f59a69d,2023-06,North Wales Police,North Wales Police,-3.043210,53.009247,On or near High Street,W01000385,Wrexham 014C,Other theft,Unable to prosecute suspect,
023f17022c2a89aced46731029140c215ad92495db2fc20ca39197004e3b4b01,2023-06,North Wales Police,North Wales Police,-3.039658,53.011525,On or near Brynhyfryd,W01000385,Wrexham 014C,Other theft,Investigation complete; no suspect identified,
f478e945f61100d929da5379cf5f1995bc941871be78032d1f2c0701fd60abc2,2023-06,North Wales Police,North Wales Police,-3.034860,53.009742,On or near Gwalia,W01000385,Wrexham 014C,Violence and sexual offences,Unable to prosecute suspect,
44edfcf8bebe02ad8848816e93dd17f2e1a10b67254d457920346f25c703aa22,2023-06,North Wales Police,North Wales Police,-3.039256,53.008437,On or near Melyd Avenue,W01000385,Wrexham 014C,Violence and sexual offences,Unable to prosecute suspect,
f96aaac80863264e7f4681af37cee3331fc23f3e3724ad630e25834589fa717b,2023-06,North Wales Police,North Wales Police,-3.039256,53.008437,On or near Melyd Avenue,W01000385,Wrexham 014C,Violence and sexual offences,Unable to prosecute suspect,
b8ad3dbdffdaafc1c18223df8e7465182f94726893cb40c0131d4d91605e8ffb,2023-06,North Wales Police,North Wales Police,-3.050016,53.013349,On or near Parking Area,W01000410,Wrexham 014D,Violence and sexual offences,Action to be taken by another organisation,
835bee36e1aff398ba083e3afc667c5f6061687c5e3dcec214da4c9c4f1f981d,2023-06,North Wales Police,North Wales Police,-3.044660,53.010052,On or near Maelor Road,W01000410,Wrexham 014D,Violence and sexual offences,Action to be taken by another organisation,
,2023-06,North Wales Police,North Wales Police,-3.050881,53.011084,On or near Sports/Recreation Area,W01000410,Wrexham 014D,Anti-social behaviour,,
,2023-06,North Wales Police,North Wales Police,-3.054221,53.013402,On or near Johnson Street,W01000410,Wrexham 014D,Anti-social behaviour,,
,2023-06,North Wales Police,North Wales Police,-3.044660,53.010052,On or near Maelor Road,W01000410,Wrexham 014D,Anti-social behaviour,,
,2023-06,North Wales Police,North Wales Police,-3.051763,53.012866,On or near Llys Yr Orsedd,W01000410,Wrexham 014D,Anti-social behaviour,,
,2023-06,North Wales Police,North Wales Police,-3.046328,53.014326,On or near Fennant Road,W01000410,Wrexham 014D,Anti-social behaviour,,
,2023-06,North Wales Police,North Wales Police,-3.022623,53.012878,On or near Parking Area,W01000410,Wrexham 014D,Anti-social behaviour,,
,2023-06,North Wales Police,North Wales Police,-3.051763,53.012866,On or near Llys Yr Orsedd,W01000410,Wrexham 014D,Anti-social behaviour,,
,2023-06,North Wales Police,North Wales Police,-3.051763,53.012866,On or near Llys Yr Orsedd,W01000410,Wrexham 014D,Anti-social behaviour,,
97e20dbe0bef54a62ddec8934dce64cb338bcf3327d1795be4a96a8523057a29,2023-06,North Wales Police,North Wales Police,-3.049353,53.010568,On or near Park View,W01000410,Wrexham 014D,Criminal damage and arson,Investigation complete; no suspect identified,
00f0f87fbc3a85409abca7795b24cc1ae36e16db008f85ec4320024261ce832d,2023-06,North Wales Police,North Wales Police,-3.042999,53.012233,On or near Petrol Station,W01000410,Wrexham 014D,Criminal damage and arson,Investigation complete; no suspect identified,
fc4a84a358a508b5b8bdf79096ff0e29c778eb8939c3263cbb34c1ba3eb9e8c8,2023-06,North Wales Police,North Wales Police,-3.041271,53.021580,On or near Smithy Lane,W01000410,Wrexham 014D,Criminal damage and arson,Investigation complete; no suspect identified,
04b8000ee6b115bd9c6d5746e586ee55cbe33e62435738ffbbe8aeb873d8bef2,2023-06,North Wales Police,North Wales Police,-3.043746,53.010465,On or near Frederick Street,W01000410,Wrexham 014D,Criminal damage and arson,Investigation complete; no suspect identified,
af85ab5f79b0f5bfea9998dcd01c0318fec12c58a637cbd2b8efd6af52dfa1fe,2023-06,North Wales Police,North Wales Police,-3.042999,53.012233,On or near Petrol Station,W01000410,Wrexham 014D,Vehicle crime,Investigation complete; no suspect identified,
7eb3b82c5d954c315ff2614574f4794d66851ff880deba9ab01868967593249a,2023-06,North Wales Police,North Wales Police,-3.042907,53.022662,On or near Pentre-Bychan Road,W01000410,Wrexham 014D,Vehicle crime,Investigation complete; no suspect identified,
1a0d8a3ae623b44e446593b240b66b2aed25dc08aa51d14585b170858b8ea0e8,2023-06,North Wales Police,North Wales Police,-3.046328,53.014326,On or near Fennant Road,W01000410,Wrexham 014D,Violence and sexual offences,Investigation complete; no suspect identified,
bfba4e25758e0830749e2d375c932d0c5888caf48a89a682f34e642846216b2d,2023-06,North Wales Police,North Wales Police,-3.044660,53.010052,On or near Maelor Road,W01000410,Wrexham 014D,Violence and sexual offences,Action to be taken by another organisation,
4220a2ba8e17ee4dd48448fb4ba79c17139cada016441f051107ce03e8ec0ad8,2023-06,North Wales Police,North Wales Police,-3.052211,53.012898,On or near Lon Yr Ysgol,W01000410,Wrexham 014D,Violence and sexual offences,Unable to prosecute suspect,
7cb03e697d701aefd7196546b9b1d6288b5b3998b3ddb86f624c284a4cb36a1d,2023-06,North Wales Police,North Wales Police,-3.054221,53.013402,On or near Johnson Street,W01000410,Wrexham 014D,Violence and sexual offences,Action to be taken by another organisation,
ac2f22886fff5a0cb7a76ab11dc07e59b83f52da00aceefd4670eeb18a5a0cfb,2023-06,North Wales Police,North Wales Police,-3.044660,53.010052,On or near Maelor Road,W01000410,Wrexham 014D,Violence and sexual offences,Action to be taken by another organisation,
3927e9555f5b5ed20c3ac00dd9ec7f857f27787f455c9fe82cf431f9dd7fb8ef,2023-06,North Wales Police,North Wales Police,-3.043772,53.010923,On or near Charles Street,W01000410,Wrexham 014D,Violence and sexual offences,Investigation complete; no suspect identified,
f097d1e5c668c7421311038afde012ef387c11aa66594c8663879ba9656e003f,2023-06,North Wales Police,North Wales Police,-3.049353,53.010568,On or near Park View,W01000410,Wrexham 014D,Violence and sexual offences,Unable to prosecute suspect,
5c82e16ea4b633d965ee70bc782d09b14f2da93a32be9a24c4117684a977884d,2023-06,North Wales Police,North Wales Police,-3.050476,53.012042,On or near Stryt Clarke,W01000410,Wrexham 014D,Violence and sexual offences,Unable to prosecute suspect,
24e0997b2b190c0b81ef46e77b67d307f9e79915e33fdfcafcd8d69e65bb8fab,2023-06,North Wales Police,North Wales Police,-3.044660,53.010052,On or near Maelor Road,W01000410,Wrexham 014D,Violence and sexual offences,Action to be taken by another organisation,
14cac449d6d2c80b3b3d3cde53bf8199482e155da96238d48898eb55f4e01548,2023-06,North Wales Police,North Wales Police,-3.044660,53.010052,On or near Maelor Road,W01000410,Wrexham 014D,Violence and sexual offences,Unable to prosecute suspect,
b8b12a246543ad9a33ff50c2976832712a39a555d8dc1688187c73003486f052,2023-06,North Wales Police,North Wales Police,-3.044660,53.010052,On or near Maelor Road,W01000410,Wrexham 014D,Violence and sexual offences,Investigation complete; no suspect identified,
b55dc767b3199471147103c1e48c34ca7faa8aa44387513c526e765ee3e712b8,2023-06,North Wales Police,North Wales Police,-3.051763,53.012866,On or near Llys Yr Orsedd,W01000410,Wrexham 014D,Violence and sexual offences,Court result unavailable,
8b792a4a5cc6bdbbf07f00fc3ce50626c21f80a03adbe276da20815db35f7975,2023-06,North Wales Police,North Wales Police,-3.043444,53.002907,On or near Brandy Brook,W01000386,Wrexham 015A,Violence and sexual offences,Awaiting court outcome,
,2023-06,North Wales Police,North Wales Police,-3.042482,53.005640,On or near Heol Bronwydd,W01000386,Wrexham 015A,Anti-social behaviour,,
,2023-06,North Wales Police,North Wales Police,-3.044003,53.004431,On or near Supermarket,W01000386,Wrexham 015A,Anti-social behaviour,,
b6f5f1b2a92e7f7ea7b63a80c1f6fa5790f2e7d97651446d8db168d5cbbe44d1,2023-06,North Wales Police,North Wales Police,-3.040127,53.004393,On or near Parking Area,W01000386,Wrexham 015A,Burglary,Investigation complete; no suspect identified,
ace618c6735773790a2204429aee45e6b324aa2e5a1b30f018fe85123cdff2f0,2023-06,North Wales Police,North Wales Police,-3.040127,53.004393,On or near Parking Area,W01000386,Wrexham 015A,Other theft,Unable to prosecute suspect,
6bd1271607baaf1a417f14e48175c04ef22c7a849c5ee0ddb79454b1a9be8043,2023-06,North Wales Police,North Wales Police,-3.042482,53.005640,On or near Heol Bronwydd,W01000386,Wrexham 015A,Public order,Unable to prosecute suspect,
c43a89d910de5dfe7572a69ce21380f34a145e31605768c9314b2715c02e8a9a,2023-06,North Wales Police,North Wales Police,-3.044003,53.004431,On or near Supermarket,W01000386,Wrexham 015A,Shoplifting,Investigation complete; no suspect identified,
8aaa7adc491842d5ff79934d8f013caf4a36994a43a46f2020331926e176b605,2023-06,North Wales Police,North Wales Police,-3.042482,53.005640,On or near Heol Bronwydd,W01000386,Wrexham 015A,Violence and sexual offences,Unable to prosecute suspect,
1e8556306a059494d6323a4212df5074223cf4e61c08118036ca9b61841ddd2f,2023-06,North Wales Police,North Wales Police,-3.042482,53.005640,On or near Heol Bronwydd,W01000386,Wrexham 015A,Violence and sexual offences,Unable to prosecute suspect,
601a5dcac9fd8eeaeb75c37dc6aba97445a71e8a46344f104f90d82ef1baedbf,2023-06,North Wales Police,North Wales Police,-3.041120,53.006002,On or near Heol Offa,W01000386,Wrexham 015A,Violence and sexual offences,Unable to prosecute suspect,
7417488e620c57a7ade9e7127e9f992bd1b3ccc55bc396b8fa08c92748abb353,2023-06,North Wales Police,North Wales Police,-3.041828,53.005717,On or near Heol Maelor,W01000386,Wrexham 015A,Violence and sexual offences,Unable to prosecute suspect,
e7f6a8bff7729ecfac3f49fe247e0c30c216fc947fd243ef47f27402fa20f035,2023-06,North Wales Police,North Wales Police,-3.051554,53.006090,On or near Wern Las,W01000405,Wrexham 015B,Violence and sexual offences,Unable to prosecute suspect,
,2023-06,North Wales Police,North Wales Police,-3.050639,53.007069,On or near Ffordd Powys,W01000405,Wrexham 015B,Anti-social behaviour,,
,2023-06,North Wales Police,North Wales Police,-3.052374,53.006703,On or near Pen-Y-Wern,W01000405,Wrexham 015B,Anti-social behaviour,,
,2023-06,North Wales Police,North Wales Police,-3.050278,53.008160,On or near Ffordd Dyfed,W01000405,Wrexham 015B,Anti-social behaviour,,
,2023-06,North Wales Police,North Wales Police,-3.050661,53.005550,On or near Ffordd Gwynedd,W01000405,Wrexham 015B,Anti-social behaviour,,
,2023-06,North Wales Police,North Wales Police,-3.051554,53.006090,On or near Wern Las,W01000405,Wrexham 015B,Anti-social behaviour,,
,2023-06,North Wales Police,North Wales Police,-3.056954,53.005700,On or near Llys-Y-Pant,W01000405,Wrexham 015B,Anti-social behaviour,,
5973ae81d4df2ec7dd7b945ff325948324efec465499cdd12a67467d54d25806,2023-06,North Wales Police,North Wales Police,-3.058168,53.005357,On or near Pant Hill,W01000405,Wrexham 015B,Criminal damage and arson,Investigation complete; no suspect identified,
6bdde522de30ea99952de49bc80e4efb50f53e77add8424037eccbc2d40cfc06,2023-06,North Wales Police,North Wales Police,-3.055981,53.006141,On or near Cae Daniel,W01000405,Wrexham 015B,Criminal damage and arson,Unable to prosecute suspect,
f6cd0286b76542d0596ea6187dff97369310dc8a7d6c2d2cf14abc0928463a7d,2023-06,North Wales Police,North Wales Police,-3.062230,53.005114,On or near Erw Lwyd,W01000405,Wrexham 015B,Other theft,Investigation complete; no suspect identified,
2b7882871c40bee06a6ba6f2618f6159213165669e011223a747dec41a700e89,2023-06,North Wales Police,North Wales Police,-3.055981,53.006141,On or near Cae Daniel,W01000405,Wrexham 015B,Vehicle crime,Investigation complete; no suspect identified,
1a18fbb1f821a11cb686b848014a243935bc268a1a03145a634b9b6f6d3002f3,2023-06,North Wales Police,North Wales Police,-3.052374,53.006703,On or near Pen-Y-Wern,W01000405,Wrexham 015B,Violence and sexual offences,Status update unavailable,
edd98bf330bd30c950717add2445f6ac2496be12f294e6c6b375d742fd8f5130,2023-06,North Wales Police,North Wales Police,-3.048277,53.006155,On or near Tegfan,W01000405,Wrexham 015B,Violence and sexual offences,Action to be taken by another organisation,
bfb3354cb88c5fba80cc3100f98c8f3fa20ee3876bc5c3c6a1f9239d2ab73310,2023-06,North Wales Police,North Wales Police,-3.060048,53.007291,On or near Bryn Glas,W01000405,Wrexham 015B,Violence and sexual offences,Unable to prosecute suspect,
d9368d1bc1b42908bfb4d0f140afad0a1c269ab4efaa2c64710e760ccf03a7b8,2023-06,North Wales Police,North Wales Police,-3.050661,53.005550,On or near Ffordd Gwynedd,W01000405,Wrexham 015B,Violence and sexual offences,Unable to prosecute suspect,
27e6bdb8dc1685697fe707a34784ad92f98d8ec292c94c446bc483f58f832ebe,2023-06,North Wales Police,North Wales Police,-3.055711,53.007905,On or near Victoria Street,W01000405,Wrexham 015B,Violence and sexual offences,Unable to prosecute suspect,
ab678399da2fa6a3b3ff102ce73df236573b452fe522b75b02da47442084b941,2023-06,North Wales Police,North Wales Police,-3.058685,53.007627,On or near Osborne Street,W01000405,Wrexham 015B,Violence and sexual offences,Action to be taken by another organisation,
a949de6d2a812977b8d90a412b6bd264465f060d64bd6deb3c2a83e077d6d520,2023-06,North Wales Police,North Wales Police,-3.050639,53.007069,On or near Ffordd Powys,W01000405,Wrexham 015B,Violence and sexual offences,Unable to prosecute suspect,
40dedbb2e44bef9bc804adbcd3c0b0c567e74e926c75c9d4e1ec7d86bd5576a5,2023-06,North Wales Police,North Wales Police,-3.055981,53.006141,On or near Cae Daniel,W01000405,Wrexham 015B,Violence and sexual offences,Unable to prosecute suspect,
7469d237e6a1322ac00e04d539890d251056671bbdfc0f7aaaa94f51dc6415ff,2023-06,North Wales Police,North Wales Police,-3.061971,53.008505,On or near Heol Caradoc,W01000405,Wrexham 015B,Violence and sexual offences,Unable to prosecute suspect,
007d2f012e27dc50f5c177ded50abde2ee21c1565e9a6d3dc605f2b0bf319a58,2023-06,North Wales Police,North Wales Police,-3.053315,53.014138,On or near Delph Lane,W01000411,Wrexham 015C,Violence and sexual offences,Awaiting court outcome,
,2023-06,North Wales Police,North Wales Police,-3.053315,53.014138,On or near Delph Lane,W01000411,Wrexham 015C,Anti-social behaviour,,
,2023-06,North Wales Police,North Wales Police,-3.058018,53.009584,On or near Stryt Y Farchnad,W01000411,Wrexham 015C,Anti-social behaviour,,
,2023-06,North Wales Police,North Wales Police,-3.057518,53.011701,On or near Butcher Street,W01000411,Wrexham 015C,Anti-social behaviour,,
,2023-06,North Wales Police,North Wales Police,-3.057518,53.011701,On or near Butcher Street,W01000411,Wrexham 015C,Anti-social behaviour,,
,2023-06,North Wales Police,North Wales Police,-3.057824,53.013837,On or near Llys Gwynfryn,W01000411,Wrexham 015C,Anti-social behaviour,,
ee51ab0d0aa7fe9d640ba0d761c9d007701b8517c67a263a54ee203f9a169fc3,2023-06,North Wales Police,North Wales Police,-3.057186,53.009079,On or near Butchers Row,W01000411,Wrexham 015C,Criminal damage and arson,Court result unavailable,
31c0225d4903b86526b10a10ab085f45bcd99502da948eb44c292d7e60e84838,2023-06,North Wales Police,North Wales Police,-3.056418,53.013041,On or near Penry Street,W01000411,Wrexham 015C,Other theft,Further investigation is not in the public interest,
b1cd2d1c2cdb18bc3be8b0b73f510d2778ab075a96cc4dfa5087d573191435ef,2023-06,North Wales Police,North Wales Police,-3.057186,53.009079,On or near Butchers Row,W01000411,Wrexham 015C,Public order,Court result unavailable,
98967cd3941020d8d25456da810c9c6b0bdd06a7c7cfb0a976913c1e74fe4320,2023-06,North Wales Police,North Wales Police,-3.057824,53.013837,On or near Llys Gwynfryn,W01000411,Wrexham 015C,Public order,Investigation complete; no suspect identified,
bc20925acbe09ebadfce366eae1979fef4e5288ce2827765b0fbd7bfd0d3a087,2023-06,North Wales Police,North Wales Police,-3.058340,53.010429,On or near Police Station,W01000411,Wrexham 015C,Shoplifting,Local resolution,
4d8ec7b12e1f3b1025b3f0571a3d91fb07b1087c4cf3537274a1d19d048104a9,2023-06,North Wales Police,North Wales Police,-3.058018,53.009584,On or near Stryt Y Farchnad,W01000411,Wrexham 015C,Violence and sexual offences,Action to be taken by another organisation,
3c0cac8fd046f964f925c0cb770f9056add50b848253bf4aa3e4203706e738b3,2023-06,North Wales Police,North Wales Police,-3.057779,53.010161,On or near Supermarket,W01000411,Wrexham 015C,Violence and sexual offences,Unable to prosecute suspect,
05f6bbf8032b2022b2aa4c75992e8f18dc09c0c300ba6e4e818572fe499e2f17,2023-06,North Wales Police,North Wales Police,-3.056358,53.011819,On or near New Street,W01000411,Wrexham 015C,Violence and sexual offences,Investigation complete; no suspect identified,
d91adcb6a0257b9fe5958c686e051e4abee30f0d18c96080dd084a0d2342b2b8,2023-06,North Wales Police,North Wales Police,-3.060413,53.009409,On or near Afon Yr Rhos,W01000411,Wrexham 015C,Violence and sexual offences,Unable to prosecute suspect,
8232f75999c4aae67c7713a5144f2ef754b1ddf3cb3a7925201257413205563e,2023-06,North Wales Police,North Wales Police,-3.058340,53.010429,On or near Police Station,W01000411,Wrexham 015C,Violence and sexual offences,Investigation complete; no suspect identified,
d693e7888bef34bfb34044a1bf6322124a8f0100343cdecf2af0a656cb5bf059,2023-06,North Wales Police,North Wales Police,-3.056000,53.011258,On or near Theatre/Concert Hall,W01000411,Wrexham 015C,Violence and sexual offences,Unable to prosecute suspect,
1fdc0138575dbc0d7f1d3e6b1db0d1286e958508fcbb8d191d7babcc126f559d,2023-06,North Wales Police,North Wales Police,-3.056154,53.013825,On or near Savage Street,W01000411,Wrexham 015C,Violence and sexual offences,Unable to prosecute suspect,
c26463c82577abc21a8e16a61e59d71d43e4961e42bd8439451c8389de5bf43e,2023-06,North Wales Police,North Wales Police,-3.058018,53.009584,On or near Stryt Y Farchnad,W01000411,Wrexham 015C,Violence and sexual offences,Action to be taken by another organisation,
7b87b195da29b88cdb0d8a1bbf25b79334d686600827f1152bffb5f77b01b20a,2023-06,North Wales Police,North Wales Police,-3.055228,53.013761,On or near Heol Awstralia,W01000411,Wrexham 015C,Violence and sexual offences,Unable to prosecute suspect,
61490fbb756d5f7d5051dbbe8e223035a28e455d6658a9b77c634f1449e2cf6c,2023-06,North Wales Police,North Wales Police,-3.058018,53.009584,On or near Stryt Y Farchnad,W01000411,Wrexham 015C,Violence and sexual offences,Local resolution,
f5d7760b030e74921d61b65a2530fe15dfc6e998afaa1cd48243e0a99ff519df,2023-06,North Wales Police,North Wales Police,-3.060413,53.009409,On or near Afon Yr Rhos,W01000411,Wrexham 015C,Violence and sexual offences,Unable to prosecute suspect,
740701e2b4160460ac75b30ca6a3b99c8885d210c3ae5cfc4ce5e8730cdb8d9b,2023-06,North Wales Police,North Wales Police,-3.060413,53.009409,On or near Afon Yr Rhos,W01000411,Wrexham 015C,Violence and sexual offences,Unable to prosecute suspect,
a79482e103c1cd495d04967429d9377f331ea047412041226527f870306f4a08,2023-06,North Wales Police,North Wales Police,-3.056154,53.013825,On or near Savage Street,W01000411,Wrexham 015C,Violence and sexual offences,Further investigation is not in the public interest,
d9186447845ee395c2536a8ddf722c21e09db527eda342861e280b3bed3e734b,2023-06,North Wales Police,North Wales Police,-3.057518,53.011701,On or near Butcher Street,W01000411,Wrexham 015C,Violence and sexual offences,Investigation complete; no suspect identified,
35f4da9ea3761ab530ce05b3fa27786cd47626c454a62d95b27ca72de0693f3f,2023-06,North Wales Police,North Wales Police,-3.056154,53.013825,On or near Savage Street,W01000411,Wrexham 015C,Violence and sexual offences,Unable to prosecute suspect,
6559fa202963e480b6d0ae2c6d9ad345a2f690f0b74230bb2d628063abbac182,2023-06,North Wales Police,North Wales Police,-3.056000,53.011258,On or near Theatre/Concert Hall,W01000411,Wrexham 015C,Violence and sexual offences,Investigation complete; no suspect identified,
15221b01e9c3c0092e3ac1dcaee326a4fa7dd96da5994e1d50ccdd2df17cbee2,2023-06,North Wales Police,North Wales Police,-3.057779,53.010161,On or near Supermarket,W01000411,Wrexham 015C,Violence and sexual offences,Investigation complete; no suspect identified,
8fcb04a1bbab724b88c8f3bc42fb92a4c9cf23a680f71be4405f288db828f932,2023-06,North Wales Police,North Wales Police,-3.053315,53.014138,On or near Delph Lane,W01000411,Wrexham 015C,Violence and sexual offences,Unable to prosecute suspect,
ec2bfcae7b88a9a2bf7d7fcdbf03dfc42b0a4c315689bf28cb481672f9a1f53e,2023-06,North Wales Police,North Wales Police,-3.056000,53.011258,On or near Theatre/Concert Hall,W01000411,Wrexham 015C,Violence and sexual offences,Investigation complete; no suspect identified,
98337860fc838b81a85b270b587ea46b22d8dd6f99adca5f6fee6a6dff98e38c,2023-06,North Wales Police,North Wales Police,-3.056000,53.011258,On or near Theatre/Concert Hall,W01000411,Wrexham 015C,Violence and sexual offences,Unable to prosecute suspect,
333684e499f65b2b19b30447190e180cea8eb81226b3b279822aef83b1084e2d,2023-06,North Wales Police,North Wales Police,-3.056154,53.013825,On or near Savage Street,W01000411,Wrexham 015C,Violence and sexual offences,Unable to prosecute suspect,
61f9ec9a48e1aef92c61f3232b32c33ac81beb6ac4ed9b274a0c9f29b1034c1a,2023-06,North Wales Police,North Wales Police,-3.056000,53.011258,On or near Theatre/Concert Hall,W01000411,Wrexham 015C,Violence and sexual offences,Unable to prosecute suspect,
3d25e22169ccd1691f1aec39054ad6ec8a7f0b44d7a49aff205b8de578133c27,2023-06,North Wales Police,North Wales Police,-3.054563,53.013372,On or near Craigle,W01000411,Wrexham 015C,Other crime,Unable to prosecute suspect,
18694e085f5a13bea600b29744f9d47123aef747ae9a5e874b8cc1531948ec70,2023-06,North Wales Police,North Wales Police,-3.056516,53.012788,On or near Pearson Street,W01000411,Wrexham 015C,Other crime,Unable to prosecute suspect,
2d1a3c577b66cfce07b5a63b508766b7b1883aa8c122131e0cf4a2b6aa1d98ba,2023-06,North Wales Police,North Wales Police,-3.056516,53.012788,On or near Pearson Street,W01000411,Wrexham 015C,Other crime,Unable to prosecute suspect,
,2023-06,North Wales Police,North Wales Police,-3.061165,53.011515,On or near School Road,W01000412,Wrexham 015D,Anti-social behaviour,,
,2023-06,North Wales Police,North Wales Police,-3.060610,53.014406,On or near Maes Enion,W01000412,Wrexham 015D,Anti-social behaviour,,
,2023-06,North Wales Police,North Wales Police,-3.053629,53.014809,On or near Grango Lane,W01000412,Wrexham 015D,Anti-social behaviour,,
,2023-06,North Wales Police,North Wales Police,-3.057109,53.015084,On or near Ty Gwyn,W01000412,Wrexham 015D,Anti-social behaviour,,
f9ee3411610c56aab3782b5a26c53c4146a6fe0b192b063c3c1cba2381edfb47,2023-06,North Wales Police,North Wales Police,-3.059394,53.014039,On or near Llwydiarth,W01000412,Wrexham 015D,Burglary,Status update unavailable,
2e69908e669400c944709af09c19e415a70f4c8554d69ec0faa9ed24e9261b83,2023-06,North Wales Police,North Wales Police,-3.060017,53.010878,On or near Jones Street,W01000412,Wrexham 015D,Criminal damage and arson,Investigation complete; no suspect identified,
5d0adfc6633c5cb6cc7258bb21dfc5c5c022c508d3b1211ac1682bef9070ab95,2023-06,North Wales Police,North Wales Police,-3.058802,53.012399,On or near Stryt Yr Alarch,W01000412,Wrexham 015D,Criminal damage and arson,Investigation complete; no suspect identified,
2901f9a5a9d6c3d4b8869076f28d44b97a5cd809869a515934439aa061e108b4,2023-06,North Wales Police,North Wales Police,-3.059791,53.012597,On or near Stryt Y Neuadd,W01000412,Wrexham 015D,Criminal damage and arson,Unable to prosecute suspect,
8e9c26123d9029fc8fe1a7f41c78283588456e3410b9fb6783a1a57e6d390114,2023-06,North Wales Police,North Wales Police,-3.062764,53.021983,On or near Llwn Einion Road,W01000412,Wrexham 015D,Other theft,Investigation complete; no suspect identified,
cf4552d6e7cf04af8c5a5172312779e9a3952573b8abdecefff6c895a66ab4d2,2023-06,North Wales Police,North Wales Police,-3.060017,53.010878,On or near Jones Street,W01000412,Wrexham 015D,Possession of weapons,Court result unavailable,
acfcc33e92d42efd50999f70d696ebbb3873f9493e0a9bfcb3d4db88d07d0e49,2023-06,North Wales Police,North Wales Police,-3.060017,53.010878,On or near Jones Street,W01000412,Wrexham 015D,Possession of weapons,Court result unavailable,
2c564c5c68ec77bb2a266b3e59425f75c80551d198f921d310f71ba9e6020a30,2023-06,North Wales Police,North Wales Police,-3.059394,53.014039,On or near Llwydiarth,W01000412,Wrexham 015D,Public order,Unable to prosecute suspect,
6e910fcb7b1fe9297b28abebbc51fc903ceadac703a4621312c8a3baf76c6298,2023-06,North Wales Police,North Wales Police,-3.048822,53.015131,On or near Stanley Road,W01000412,Wrexham 015D,Violence and sexual offences,Unable to prosecute suspect,
77d2ecdb44e4573ba2b9c77741953bba1a2f84b5214576fee406eca115ac5226,2023-06,North Wales Police,North Wales Police,-3.060017,53.010878,On or near Jones Street,W01000412,Wrexham 015D,Violence and sexual offences,Unable to prosecute suspect,
da5d04699397b11ed8ad96bf16318b28bebd8c0976b85281d045bfd4a83455fc,2023-06,North Wales Police,North Wales Police,-3.060610,53.014406,On or near Maes Enion,W01000412,Wrexham 015D,Violence and sexual offences,Investigation complete; no suspect identified,
0a232a5c59017dc7bf9f60b24f811173c13f6c2596517fb1304f05db9f07cc16,2023-06,North Wales Police,North Wales Police,-3.062764,53.021983,On or near Llwn Einion Road,W01000412,Wrexham 015D,Violence and sexual offences,Investigation complete; no suspect identified,
9f44e0a050af5f7dc671b0d6501566fc66c881702b676617a905b3d82c9ec32a,2023-06,North Wales Police,North Wales Police,-3.049893,53.015031,On or near Oak Road,W01000412,Wrexham 015D,Violence and sexual offences,Formal action is not in the public interest,
e1fef29f88bcc60917d17554f87b5299b1b4e0246e3f2aa0d787a0e784d16c4e,2023-06,North Wales Police,North Wales Police,-3.060672,53.012068,On or near School Street,W01000412,Wrexham 015D,Violence and sexual offences,Investigation complete; no suspect identified,
aad0f39ee90671b987e58c3ed5eaa392d99e674082bc4aea9855dadb9589ba3c,2023-06,North Wales Police,North Wales Police,-2.929344,53.017653,On or near Hunters Meadow,W01000394,Wrexham 016A,Other theft,Investigation complete; no suspect identified,
18e2b6348ebb265dc0e32aa8b099aac26bdd69d8a81a9672c9de69c4f48e165a,2023-06,North Wales Police,North Wales Police,-2.983761,52.980583,On or near A539,W01000394,Wrexham 016A,Other crime,Action to be taken by another organisation,
ad913bfd08e4a9048ac79800f51d31abb9a999097a03aedd6f9065db4e88b61f,2023-06,North Wales Police,North Wales Police,-2.983761,52.980583,On or near A539,W01000394,Wrexham 016A,Other crime,Action to be taken by another organisation,
,2023-06,North Wales Police,North Wales Police,-2.958410,53.023598,On or near Station Road,W01000395,Wrexham 016B,Anti-social behaviour,,
,2023-06,North Wales Police,North Wales Police,-2.955162,53.022347,On or near The Ridgeway,W01000395,Wrexham 016B,Anti-social behaviour,,
,2023-06,North Wales Police,North Wales Police,-2.957229,53.024197,On or near Sports/Recreation Area,W01000395,Wrexham 016B,Anti-social behaviour,,
,2023-06,North Wales Police,North Wales Police,-3.045981,52.983917,On or near Rhodfa Watkin,W01000407,Wrexham 016C,Anti-social behaviour,,
,2023-06,North Wales Police,North Wales Police,-3.039000,52.986612,On or near Park Street,W01000407,Wrexham 016C,Anti-social behaviour,,
,2023-06,North Wales Police,North Wales Police,-3.039000,52.986612,On or near Park Street,W01000407,Wrexham 016C,Anti-social behaviour,,
882facd352c788c662dd2b546978d6fd9dd9ab2368fc6fd29c65b86fefa27feb,2023-06,North Wales Police,North Wales Police,-3.048089,52.987323,On or near Pont Adam Crescent,W01000407,Wrexham 016C,Criminal damage and arson,Offender given a caution,
5263ccb1381568aa4cbba3430d71dc2ed2a7c79657acbd1d766229149144b8bc,2023-06,North Wales Police,North Wales Police,-3.040824,52.986299,On or near Duke Street,W01000407,Wrexham 016C,Criminal damage and arson,Investigation complete; no suspect identified,
7577c743c3555bd5d5b6e2789e7f9197739db758d4275cb80774e47530627140,2023-06,North Wales Police,North Wales Police,-3.043470,52.986654,On or near Parking Area,W01000407,Wrexham 016C,Criminal damage and arson,Investigation complete; no suspect identified,
9760ba1d9490d7c88efb30079418de4542bb8f616ce41f8d91d872bec40860ff,2023-06,North Wales Police,North Wales Police,-3.045013,52.983925,On or near James Park Way,W01000407,Wrexham 016C,Drugs,Court result unavailable,
ecdec597455c791831a5afbba75376f03fc35aea199ffb27fd9833309afe9b3d,2023-06,North Wales Police,North Wales Police,-3.045013,52.983925,On or near James Park Way,W01000407,Wrexham 016C,Other theft,Local resolution,
ccf178b547cce280734c78a6eabffafa44bb3c59dd406aa04e7e8841c137650d,2023-06,North Wales Police,North Wales Police,-3.045013,52.983925,On or near James Park Way,W01000407,Wrexham 016C,Other theft,Court result unavailable,
c57db89934dd423be9c553488684013b64d6d74de909815d903f69b7f4f375fa,2023-06,North Wales Police,North Wales Police,-3.045013,52.983925,On or near James Park Way,W01000407,Wrexham 016C,Other theft,Unable to prosecute suspect,
f354f80d7433577e8a1f8cd25d2307fa767ce3d8c5e8628031d926f33293fd4e,2023-06,North Wales Police,North Wales Police,-3.040751,52.986965,On or near Ysgoldy Hill,W01000407,Wrexham 016C,Public order,Local resolution,
4eebe61d7ce68b6aa04855bf613b386c0f93ac41be1eddc09600fd0427d92421,2023-06,North Wales Police,North Wales Police,-3.045013,52.983925,On or near James Park Way,W01000407,Wrexham 016C,Shoplifting,Court result unavailable,
82811e41d6ede92a7f821438a8eb2f2aad21f3c95ded25104f0330c9144c59a8,2023-06,North Wales Police,North Wales Police,-3.039000,52.986612,On or near Park Street,W01000407,Wrexham 016C,Violence and sexual offences,Unable to prosecute suspect,
bbff19b64c5db7fac38ff5e387b826f8fd229128fc0117a662f0d0f77ab56af9,2023-06,North Wales Police,North Wales Police,-3.039000,52.986612,On or near Park Street,W01000407,Wrexham 016C,Violence and sexual offences,Investigation complete; no suspect identified,
a20eba3fa3e58cc43051c48ee09bcddaeb6376ee9ef3bad954ead6a518055864,2023-06,North Wales Police,North Wales Police,-3.044738,52.985492,On or near B5605,W01000407,Wrexham 016C,Violence and sexual offences,Investigation complete; no suspect identified,
d6a6b529e64785904400e74651b86071c1e3e60b64b4c8a76921b11518ef21c9,2023-06,North Wales Police,North Wales Police,-3.031422,52.994940,On or near Gorse Close,W01000419,Wrexham 016D,Violence and sexual offences,Awaiting court outcome,
6b295bab29770dde628884493e2b46e91cd7a41823794f63c6dc8740ca01d221,2023-06,North Wales Police,North Wales Police,-3.031422,52.994940,On or near Gorse Close,W01000419,Wrexham 016D,Violence and sexual offences,Unable to prosecute suspect,
,2023-06,North Wales Police,North Wales Police,-3.036238,52.991356,On or near Wynn Avenue,W01000419,Wrexham 016D,Anti-social behaviour,,
,2023-06,North Wales Police,North Wales Police,-3.035497,52.994607,On or near Daniels Drive,W01000419,Wrexham 016D,Anti-social behaviour,,
,2023-06,North Wales Police,North Wales Police,-3.035497,52.994607,On or near Daniels Drive,W01000419,Wrexham 016D,Anti-social behaviour,,
,2023-06,North Wales Police,North Wales Police,-3.035497,52.994607,On or near Daniels Drive,W01000419,Wrexham 016D,Anti-social behaviour,,
,2023-06,North Wales Police,North Wales Police,-3.035497,52.994607,On or near Daniels Drive,W01000419,Wrexham 016D,Anti-social behaviour,,
,2023-06,North Wales Police,North Wales Police,-3.033166,52.994331,On or near Shellbrook Drive,W01000419,Wrexham 016D,Anti-social behaviour,,
,2023-06,North Wales Police,North Wales Police,-3.036238,52.991356,On or near Wynn Avenue,W01000419,Wrexham 016D,Anti-social behaviour,,
,2023-06,North Wales Police,North Wales Police,-3.035411,52.993520,On or near New Hall Road,W01000419,Wrexham 016D,Anti-social behaviour,,
9c6233424b362a068c2fba34e466e414e543ef7e51c9a45d71bc144d485409ef,2023-06,North Wales Police,North Wales Police,-3.000751,53.001647,On or near Ffordd Sonlli,W01000419,Wrexham 016D,Criminal damage and arson,Investigation complete; no suspect identified,
ffc0b37bb3deabef4d552e646b68cef19ef7d18a84bdd5917301845ba81da1e0,2023-06,North Wales Police,North Wales Police,-3.035497,52.994607,On or near Daniels Drive,W01000419,Wrexham 016D,Criminal damage and arson,Unable to prosecute suspect,
f1259b19f97b477236e97bf449ca6480777afd5a36c479781fa3c6fd7e4752ed,2023-06,North Wales Police,North Wales Police,-3.036985,52.992698,On or near East Avenue,W01000419,Wrexham 016D,Other theft,Investigation complete; no suspect identified,
c1bb369ca51c6734376cd4bbe848c35d4fa3bb6676a9a1178c7be6f7ead42502,2023-06,North Wales Police,North Wales Police,-3.035497,52.994607,On or near Daniels Drive,W01000419,Wrexham 016D,Possession of weapons,Status update unavailable,
657acbf9499acd161803dcfcfa6b580c6de51c1b1ddf1d55df3c4504a28f528b,2023-06,North Wales Police,North Wales Police,-3.035497,52.994607,On or near Daniels Drive,W01000419,Wrexham 016D,Violence and sexual offences,Unable to prosecute suspect,
7eda5b9ab0c792923f8865e57844e7b5a9fc61c424fabe27e0f01a503e23b582,2023-06,North Wales Police,North Wales Police,-3.037034,52.992877,On or near North Avenue,W01000419,Wrexham 016D,Violence and sexual offences,Status update unavailable,
1f482b2b548aba9827c6e276c253e74235b9bc06fc2f58dfef9a8d9e96de9a78,2023-06,North Wales Police,North Wales Police,-3.035497,52.994607,On or near Daniels Drive,W01000419,Wrexham 016D,Violence and sexual offences,Unable to prosecute suspect,
65759e670ba36b624a08e82af41f03d31ed06e49e3f829a268432d8bd01ece14,2023-06,North Wales Police,North Wales Police,-3.036238,52.991356,On or near Wynn Avenue,W01000419,Wrexham 016D,Violence and sexual offences,Unable to prosecute suspect,
fc53bed685b11337fa298537fabb75e85af8add7c016950b746735e308bcbcc3,2023-06,North Wales Police,North Wales Police,-3.033166,52.994331,On or near Shellbrook Drive,W01000419,Wrexham 016D,Violence and sexual offences,Formal action is not in the public interest,
02bb98eeb20a8a714e816e106fc85a1c7179010acc7960de1b0952625427eba2,2023-06,North Wales Police,North Wales Police,-3.036238,52.991356,On or near Wynn Avenue,W01000419,Wrexham 016D,Violence and sexual offences,Unable to prosecute suspect,
b212709bdfc84853493be087c603d43db17986655dc55e84fd70aa08176dbf90,2023-06,North Wales Police,North Wales Police,-3.035411,52.993520,On or near New Hall Road,W01000419,Wrexham 016D,Violence and sexual offences,Action to be taken by another organisation,
0141cfec27a998ad81a98942b6ede9e4261a144c0cf250ce309eb9b2871a849d,2023-06,North Wales Police,North Wales Police,-3.035497,52.994607,On or near Daniels Drive,W01000419,Wrexham 016D,Violence and sexual offences,Court result unavailable,
d94375085a52a1af371d980181d68c13fce979ec788e7f41afe1dc715fa1300e,2023-06,North Wales Police,North Wales Police,-3.035842,52.988483,On or near Maes-Y-Llan Lane,W01000420,Wrexham 016E,Other theft,Investigation complete; no suspect identified,
198edcb1a6230fecfa810b8083ee7f5c10dd78576a4c6e4397436a0ec9c6046c,2023-06,North Wales Police,North Wales Police,-3.037412,52.988756,On or near Parking Area,W01000420,Wrexham 016E,Shoplifting,Further action is not in the public interest,
10f1aceb4810923af35aa7ff4a06858b845d7b3ebe82cd99bb4bcf48eaa829ca,2023-06,North Wales Police,North Wales Police,-3.037412,52.988756,On or near Parking Area,W01000420,Wrexham 016E,Shoplifting,Further action is not in the public interest,
ebb930970b291813d32d9075aa8790502135c3e58fc3408613e48f71401f38ec,2023-06,North Wales Police,North Wales Police,-3.038777,52.987873,On or near High Street,W01000420,Wrexham 016E,Violence and sexual offences,Investigation complete; no suspect identified,
fb76eec53ca5b5c4926da347cfbf42641c3b69545db3e64fdce61b2a216387f7,2023-06,North Wales Police,North Wales Police,-3.034632,52.990228,On or near Hampsons Grove,W01000420,Wrexham 016E,Violence and sexual offences,Unable to prosecute suspect,
38c3fa8f7709c38a1294cc129c146ea40cdc9650e2959d45eaa91454dba02db7,2023-06,North Wales Police,North Wales Police,-3.038777,52.987873,On or near High Street,W01000420,Wrexham 016E,Violence and sexual offences,Unable to prosecute suspect,
9e5b7aade3d2724b6a1845a85d2ae1fcd4cc807965b80cf673227487ee8bb72b,2023-06,North Wales Police,North Wales Police,-3.079646,52.970824,On or near Dolydd Lane,W01000354,Wrexham 017A,Violence and sexual offences,Unable to prosecute suspect,
,2023-06,North Wales Police,North Wales Police,-3.079327,52.979546,On or near Parking Area,W01000354,Wrexham 017A,Anti-social behaviour,,
,2023-06,North Wales Police,North Wales Police,-3.079327,52.979546,On or near Parking Area,W01000354,Wrexham 017A,Anti-social behaviour,,
,2023-06,North Wales Police,North Wales Police,-3.079327,52.979546,On or near Parking Area,W01000354,Wrexham 017A,Anti-social behaviour,,
,2023-06,North Wales Police,North Wales Police,-3.073484,52.982953,On or near Bethania Road,W01000354,Wrexham 017A,Anti-social behaviour,,
,2023-06,North Wales Police,North Wales Police,-3.075037,52.968133,On or near Heol Berwyn,W01000354,Wrexham 017A,Anti-social behaviour,,
,2023-06,North Wales Police,North Wales Police,-3.079327,52.979546,On or near Parking Area,W01000354,Wrexham 017A,Anti-social behaviour,,
d0da3c15e6f8f9f41be3ba1a4f2ed6f1a0a4ecfd4a06b59c81526c472eab1319,2023-06,North Wales Police,North Wales Police,-3.077659,52.969376,On or near Heol Cefnydd,W01000354,Wrexham 017A,Criminal damage and arson,Investigation complete; no suspect identified,
efbff5d6f089a5f40cf183174c9cf6b057f8f3c5b527b26bc4bdb0ebe5a8dfe7,2023-06,North Wales Police,North Wales Police,-3.077935,52.972080,On or near Dolydd Road,W01000354,Wrexham 017A,Criminal damage and arson,Unable to prosecute suspect,
1056af77d1a126916035f770047976c6762102a42e75d5765f82ddf3f0b48dda,2023-06,North Wales Police,North Wales Police,-3.072452,52.983402,On or near Erw Deg,W01000354,Wrexham 017A,Other theft,Unable to prosecute suspect,
eb6897eda091eeaed852a8a629710b2dc14f67fb7cec89bf4bd342c10cd54949,2023-06,North Wales Police,North Wales Police,-3.077562,52.972667,On or near Queen Street,W01000354,Wrexham 017A,Public order,Further action is not in the public interest,
2a35619f26d2abcaa936ce81f5af924a3513d7d61cbc7c56eb279c2bf45ec4de,2023-06,North Wales Police,North Wales Police,-3.063410,52.984598,On or near Llangollen Road,W01000354,Wrexham 017A,Public order,Unable to prosecute suspect,
b791a52f0bbee0305403ccabb25069e048731b4e3ce80b9482fcde534d8c9b80,2023-06,North Wales Police,North Wales Police,-3.079646,52.970824,On or near Dolydd Lane,W01000354,Wrexham 017A,Violence and sexual offences,Unable to prosecute suspect,
0de9b74d7a267a40e62c5f5546b26c44dba375174e7ffa7906d1e0b462e12ae4,2023-06,North Wales Police,North Wales Police,-3.079646,52.970824,On or near Dolydd Lane,W01000354,Wrexham 017A,Violence and sexual offences,Formal action is not in the public interest,
a0570bef0a349898f44087c3e9ecf4ecf86df7bd3596bfda122666e883a1007c,2023-06,North Wales Police,North Wales Police,-3.079327,52.979546,On or near Parking Area,W01000354,Wrexham 017A,Violence and sexual offences,Unable to prosecute suspect,
9a76def236a23a74a8edb3fc8fe460e6a2bdb6d02be4840079ecea54f0ea2db3,2023-06,North Wales Police,North Wales Police,-3.075037,52.968133,On or near Heol Berwyn,W01000354,Wrexham 017A,Violence and sexual offences,Unable to prosecute suspect,
b8c4b65d09e5d69e05ddcd18a0fd7651e537dc3539355793673acb75ada9befe,2023-06,North Wales Police,North Wales Police,-3.079646,52.970824,On or near Dolydd Lane,W01000354,Wrexham 017A,Violence and sexual offences,Unable to prosecute suspect,
0efc85faf6ab364cea25e4f02f21b995ebda5c1ac61696d57038dc1aa3a0caa2,2023-06,North Wales Police,North Wales Police,-3.069257,52.975251,On or near B5096,W01000355,Wrexham 017B,Other theft,Unable to prosecute suspect,
,2023-06,North Wales Police,North Wales Police,-3.067729,52.975507,On or near Stryd Fawr,W01000355,Wrexham 017B,Anti-social behaviour,,
,2023-06,North Wales Police,North Wales Police,-3.066326,52.979601,On or near Chathams Close,W01000355,Wrexham 017B,Anti-social behaviour,,
,2023-06,North Wales Police,North Wales Police,-3.066408,52.976283,On or near Queen'S Square,W01000355,Wrexham 017B,Anti-social behaviour,,
,2023-06,North Wales Police,North Wales Police,-3.070210,52.981903,On or near Lancaster Terrace,W01000355,Wrexham 017B,Anti-social behaviour,,
,2023-06,North Wales Police,North Wales Police,-3.064581,52.977072,On or near Brook Street,W01000355,Wrexham 017B,Anti-social behaviour,,
,2023-06,North Wales Police,North Wales Police,-3.066573,52.979356,On or near Chathams Close,W01000355,Wrexham 017B,Anti-social behaviour,,
,2023-06,North Wales Police,North Wales Police,-3.064581,52.977072,On or near Brook Street,W01000355,Wrexham 017B,Anti-social behaviour,,
,2023-06,North Wales Police,North Wales Police,-3.071354,52.970944,On or near Plas Kynaston Lane,W01000355,Wrexham 017B,Anti-social behaviour,,
,2023-06,North Wales Police,North Wales Police,-3.067729,52.975507,On or near Stryd Fawr,W01000355,Wrexham 017B,Anti-social behaviour,,
,2023-06,North Wales Police,North Wales Police,-3.067729,52.975507,On or near Stryd Fawr,W01000355,Wrexham 017B,Anti-social behaviour,,
82f4f89cd844e2812a71e4301920538d5b62e138d888868efd7526c6838f5772,2023-06,North Wales Police,North Wales Police,-3.067729,52.975507,On or near Stryd Fawr,W01000355,Wrexham 017B,Drugs,Further action is not in the public interest,
4da48338799ec90ce578146a2b546d93f377447661ab3c1d2599fbab3c66c385,2023-06,North Wales Police,North Wales Police,-3.068533,52.982754,On or near Coed Richard,W01000355,Wrexham 017B,Other theft,Investigation complete; no suspect identified,
2dfc4efa8c46a81a0550c541062dd62897349480761f2b17ff6c794c076cd1c1,2023-06,North Wales Police,North Wales Police,-3.069711,52.982195,On or near Maes Derwydd,W01000355,Wrexham 017B,Other theft,Investigation complete; no suspect identified,
3d6e2a3d8e1904e91fd314c473039f6611d168f90058fd02df1b5db42c909217,2023-06,North Wales Police,North Wales Police,-3.076959,52.979550,On or near The Sycamores,W01000355,Wrexham 017B,Public order,Unable to prosecute suspect,
5de98abf6d7638f79f70c0c5c167b46e1f24c9fc0974bfc39fd1ac8a90ac3133,2023-06,North Wales Police,North Wales Police,-3.071725,52.973889,On or near Well Street,W01000355,Wrexham 017B,Robbery,Unable to prosecute suspect,
e30e46e2d6390b3272f7e83cd18140baf5c792f7ac8cf4e0b31313ce0abfa9e6,2023-06,North Wales Police,North Wales Police,-3.071725,52.973889,On or near Well Street,W01000355,Wrexham 017B,Shoplifting,Local resolution,
431da9350709797f497adb42a55e99877dd035b4d56bdf501dba381344ad3b5a,2023-06,North Wales Police,North Wales Police,-3.071725,52.973889,On or near Well Street,W01000355,Wrexham 017B,Shoplifting,Investigation complete; no suspect identified,
109c1723431af075fbbde984f6353684373eba49bec7e6a8df0cda344d96a03c,2023-06,North Wales Police,North Wales Police,-3.071725,52.973889,On or near Well Street,W01000355,Wrexham 017B,Shoplifting,Investigation complete; no suspect identified,
5c38a859a7767571556218bd2d8f267238568467674fa90e3ceb31b5f700815f,2023-06,North Wales Police,North Wales Police,-3.071725,52.973889,On or near Well Street,W01000355,Wrexham 017B,Shoplifting,Investigation complete; no suspect identified,
2a984dcfee31a8f9946fa61dd3f770e7a9fc2ce34466156804b9c1dcfb8900ea,2023-06,North Wales Police,North Wales Police,-3.071725,52.973889,On or near Well Street,W01000355,Wrexham 017B,Shoplifting,Investigation complete; no suspect identified,
821095fe2dccae9fe9c5784a7487c125163d0167e31f1ba01ef08ef380f2a339,2023-06,North Wales Police,North Wales Police,-3.071725,52.973889,On or near Well Street,W01000355,Wrexham 017B,Shoplifting,Investigation complete; no suspect identified,
ad6e0c65d2384aee51365270d7ee8977df18c9f8d6f59bcdfc44e6eeca336b5b,2023-06,North Wales Police,North Wales Police,-3.071725,52.973889,On or near Well Street,W01000355,Wrexham 017B,Shoplifting,Investigation complete; no suspect identified,
fafcee374dbd51752bd5a2bec98c951977712eeabd1c05b3c312a7f432089e13,2023-06,North Wales Police,North Wales Police,-3.066326,52.979601,On or near Chathams Close,W01000355,Wrexham 017B,Vehicle crime,Investigation complete; no suspect identified,
56c41262f577b5e26c1df6442839f7999a30c5484c2594262cb7cf095836eb5e,2023-06,North Wales Police,North Wales Police,-3.072445,52.973505,On or near Parking Area,W01000355,Wrexham 017B,Vehicle crime,Investigation complete; no suspect identified,
bbbe55e0d6eda41ab168ea868b108cc256c259c3e2d7e0d0effc0307bfcc826a,2023-06,North Wales Police,North Wales Police,-3.067424,52.977011,On or near Church Street,W01000355,Wrexham 017B,Vehicle crime,Investigation complete; no suspect identified,
ca4b51e637d6b8cb6e786684d5e63ded6c8f9fb3b16e08becba7ad5ff09c4639,2023-06,North Wales Police,North Wales Police,-3.066326,52.979601,On or near Chathams Close,W01000355,Wrexham 017B,Violence and sexual offences,Unable to prosecute suspect,
2a2c057706023e5d039ff513856352ccf07cee59fa4a4989f60b859bd1002077,2023-06,North Wales Police,North Wales Police,-3.067729,52.975507,On or near Stryd Fawr,W01000355,Wrexham 017B,Violence and sexual offences,Unable to prosecute suspect,
80a6a06cad331af398e9d0c7b276fd6640b8f27d75eaba12b0f749980e4350e8,2023-06,North Wales Police,North Wales Police,-3.067729,52.975507,On or near Stryd Fawr,W01000355,Wrexham 017B,Violence and sexual offences,Unable to prosecute suspect,
bf6aada74c01494ba8c565e1db507cd49bbab0f5015adb1979ad48447885ace4,2023-06,North Wales Police,North Wales Police,-3.070210,52.981903,On or near Lancaster Terrace,W01000355,Wrexham 017B,Violence and sexual offences,Unable to prosecute suspect,
1db510d46c0d836a9a13527e9251f7b2a902dccd5c603f33eff142e20305d08d,2023-06,North Wales Police,North Wales Police,-3.066408,52.976283,On or near Queen'S Square,W01000355,Wrexham 017B,Violence and sexual offences,Investigation complete; no suspect identified,
9c0a8d099322d7e699491e29cbf632f0a74cb3668b540062f24532aec587035c,2023-06,North Wales Police,North Wales Police,-3.062284,52.978181,On or near Plas Isaf,W01000355,Wrexham 017B,Violence and sexual offences,Unable to prosecute suspect,
100578a5939e575b8349f66a69ed1ec586caa6c03a050a766d0d90e0870f4133,2023-06,North Wales Police,North Wales Police,-3.067729,52.975507,On or near Stryd Fawr,W01000355,Wrexham 017B,Violence and sexual offences,Unable to prosecute suspect,
e0353fb7e9e6db9da2690f558901e4116ab11ec540d84ff1132c09fb8f92b492,2023-06,North Wales Police,North Wales Police,-3.066326,52.979601,On or near Chathams Close,W01000355,Wrexham 017B,Violence and sexual offences,Unable to prosecute suspect,
ba499fd54385199cf9a04b1bcc3d6cd221cc1b3d9974d6297a4de05fa19a655f,2023-06,North Wales Police,North Wales Police,-3.062284,52.978181,On or near Plas Isaf,W01000355,Wrexham 017B,Violence and sexual offences,Unable to prosecute suspect,
5f537abe1ca31f239c555e39108640d29a4408461a3534d3c54e4a99becb90f4,2023-06,North Wales Police,North Wales Police,-3.067729,52.975507,On or near Stryd Fawr,W01000355,Wrexham 017B,Other crime,Unable to prosecute suspect,
05a66523cbacb2de431e2d51307d9519037290b6e3eafef606b8fed9d39c55f8,2023-06,North Wales Police,North Wales Police,-3.066573,52.979356,On or near Chathams Close,W01000355,Wrexham 017B,Other crime,Further investigation is not in the public interest,
,2023-06,North Wales Police,North Wales Police,-3.071474,52.969154,On or near Coronation Street,W01000356,Wrexham 017C,Anti-social behaviour,,
,2023-06,North Wales Police,North Wales Police,-3.070192,52.969102,On or near Hoel-Y-Plas,W01000356,Wrexham 017C,Anti-social behaviour,,
,2023-06,North Wales Police,North Wales Police,-3.070192,52.969102,On or near Hoel-Y-Plas,W01000356,Wrexham 017C,Anti-social behaviour,,
,2023-06,North Wales Police,North Wales Police,-3.065881,52.966354,On or near Chapel Street,W01000356,Wrexham 017C,Anti-social behaviour,,
,2023-06,North Wales Police,North Wales Police,-3.065881,52.966354,On or near Chapel Street,W01000356,Wrexham 017C,Anti-social behaviour,,
,2023-06,North Wales Police,North Wales Police,-3.070192,52.969102,On or near Hoel-Y-Plas,W01000356,Wrexham 017C,Anti-social behaviour,,
67eeb2af746fe8a1857888eeca28213c7edc21e9f75269de02932754de452046,2023-06,North Wales Police,North Wales Police,-3.070192,52.969102,On or near Hoel-Y-Plas,W01000356,Wrexham 017C,Public order,Investigation complete; no suspect identified,
90705aefd226d9ce549b874861dadbab613c1e348c37bfa758c9fe5b8672aff2,2023-06,North Wales Police,North Wales Police,-3.064486,52.967158,On or near Hill Street,W01000356,Wrexham 017C,Vehicle crime,Investigation complete; no suspect identified,
f2fde04b6d0e9e403cfb87ef02b0bf3e5d85ca6b8390a166264ef1954e614ab9,2023-06,North Wales Police,North Wales Police,-3.070192,52.969102,On or near Hoel-Y-Plas,W01000356,Wrexham 017C,Violence and sexual offences,Unable to prosecute suspect,
f2c63c995f09e2f06091e3f9076b997e63d118edabc84af784d7af18ba9e94a1,2023-06,North Wales Police,North Wales Police,-3.064486,52.967158,On or near Hill Street,W01000356,Wrexham 017C,Violence and sexual offences,Investigation complete; no suspect identified,
54d49dd9e58eda22af3bd7194e3d47cdeb9e7e62aef7abfc3eac99ba7142bdb6,2023-06,North Wales Police,North Wales Police,-3.065881,52.966354,On or near Chapel Street,W01000356,Wrexham 017C,Violence and sexual offences,Status update unavailable,
,2023-06,North Wales Police,North Wales Police,-3.088348,52.972263,On or near Bron Y Gamlas,W01000389,Wrexham 017D,Anti-social behaviour,,
4ad7a224e2536d09d3b02ec49449a18f16272c8a460ec927e0f2ba5e7f80fab4,2023-06,North Wales Police,North Wales Police,-3.087426,52.973468,On or near Parking Area,W01000389,Wrexham 017D,Other theft,Investigation complete; no suspect identified,
ffeb82153498365b746bfda5bf15a3d39bf273e92623071ba00278ee35fcf54a,2023-06,North Wales Police,North Wales Police,-3.087426,52.973468,On or near Parking Area,W01000389,Wrexham 017D,Other theft,Investigation complete; no suspect identified,
7792bbebfe42a1f2b337d6230129cf091c09d287913c012cd5d589f46db6c893,2023-06,North Wales Police,North Wales Police,-3.087426,52.973468,On or near Parking Area,W01000389,Wrexham 017D,Other theft,Investigation complete; no suspect identified,
,2023-06,North Wales Police,North Wales Police,-3.062369,52.981614,On or near Tegid,W01000409,Wrexham 017E,Anti-social behaviour,,
,2023-06,North Wales Police,North Wales Police,-3.059761,52.981574,On or near Ogwen,W01000409,Wrexham 017E,Anti-social behaviour,,
,2023-06,North Wales Police,North Wales Police,-3.058076,52.982102,On or near Glaslyn,W01000409,Wrexham 017E,Anti-social behaviour,,
,2023-06,North Wales Police,North Wales Police,-3.062710,52.983391,On or near Sports/Recreation Area,W01000409,Wrexham 017E,Anti-social behaviour,,
,2023-06,North Wales Police,North Wales Police,-3.063566,52.983042,On or near Peris,W01000409,Wrexham 017E,Anti-social behaviour,,
,2023-06,North Wales Police,North Wales Police,-3.058076,52.982102,On or near Glaslyn,W01000409,Wrexham 017E,Anti-social behaviour,,
,2023-06,North Wales Police,North Wales Police,-3.062710,52.983391,On or near Sports/Recreation Area,W01000409,Wrexham 017E,Anti-social behaviour,,
547b023d5fd66eae466ec8e58462655c9373653026832919c7ef7af88252da1f,2023-06,North Wales Police,North Wales Police,-3.066728,52.982618,On or near Maple Drive,W01000409,Wrexham 017E,Criminal damage and arson,Unable to prosecute suspect,
302e2f7aa8455f0fbc54b03defb7207aac3e15fa20e8d80a7bdafa5ca19e58a4,2023-06,North Wales Police,North Wales Police,-3.062710,52.983391,On or near Sports/Recreation Area,W01000409,Wrexham 017E,Drugs,Unable to prosecute suspect,
f9983f60fd2e36efef20e07c0d9d8089b9c5e6a3729722cac6c584ac63016249,2023-06,North Wales Police,North Wales Police,-3.059761,52.981574,On or near Ogwen,W01000409,Wrexham 017E,Public order,Investigation complete; no suspect identified,
55cf9dc6f85566921baf3d1143479644edb8e629c60e125d453fb0236cd9ba74,2023-06,North Wales Police,North Wales Police,-3.062710,52.983391,On or near Sports/Recreation Area,W01000409,Wrexham 017E,Violence and sexual offences,Unable to prosecute suspect,
97f7cff2cd04abb0149c36c9d649c22b3259db0c6c48a7f3b65fd6d206d7e24a,2023-06,North Wales Police,North Wales Police,-3.058076,52.982102,On or near Glaslyn,W01000409,Wrexham 017E,Violence and sexual offences,Unable to prosecute suspect,
0433c871fa1713686cb55126b9a877b9012a5ebf29c11e2a7f155c02466bdb70,2023-06,North Wales Police,North Wales Police,-3.062710,52.983391,On or near Sports/Recreation Area,W01000409,Wrexham 017E,Violence and sexual offences,Unable to prosecute suspect,
b8aae94827b81849802ae559799499385d1b5f5824842944f91a02df3feed8e0,2023-06,North Wales Police,North Wales Police,-3.062369,52.981614,On or near Tegid,W01000409,Wrexham 017E,Violence and sexual offences,Unable to prosecute suspect,
03ee6325414f6e126d6a54ec79ab98890ecf7b50eb916f3e68ac34c5ca6b9a81,2023-06,North Wales Police,North Wales Police,-3.058076,52.982102,On or near Glaslyn,W01000409,Wrexham 017E,Violence and sexual offences,Unable to prosecute suspect,
a2c0eb95685c11127ac0cfe7c7148f7580202255f3ac59fef26e50e8f4bf5a50,2023-06,North Wales Police,North Wales Police,-3.062369,52.981614,On or near Tegid,W01000409,Wrexham 017E,Violence and sexual offences,Unable to prosecute suspect,
49ec42826ae2c3ed7af1c99006a494fdf6a5a0a9c9563201e8cb413c35e377ca,2023-06,North Wales Police,North Wales Police,-3.062369,52.981614,On or near Tegid,W01000409,Wrexham 017E,Violence and sexual offences,Status update unavailable,
5f46d3c683b1cf2e09fe13de7bc8e16dfdfa6dc1889241f12c5f51f9bbb85baa,2023-06,North Wales Police,North Wales Police,-3.062710,52.983391,On or near Sports/Recreation Area,W01000409,Wrexham 017E,Violence and sexual offences,Unable to prosecute suspect,
44086de79a537a1d1c193fbfc9847fb507db45dcca3d7f58510ff91cbd7026bf,2023-06,North Wales Police,North Wales Police,-3.058076,52.982102,On or near Glaslyn,W01000409,Wrexham 017E,Violence and sexual offences,Action to be taken by another organisation,
4ba336e7f316a8410b9971f796039b7538029c02618795d394bf5f3de091de05,2023-06,North Wales Police,North Wales Police,-3.058076,52.982102,On or near Glaslyn,W01000409,Wrexham 017E,Violence and sexual offences,Unable to prosecute suspect,
f28efd65108c25056e9dffbdf784ff006ecaada8964289c62b0a28ab78a1d9da,2023-06,North Wales Police,North Wales Police,-3.059761,52.981574,On or near Ogwen,W01000409,Wrexham 017E,Violence and sexual offences,Unable to prosecute suspect,
e57e2cf1f59562c0162adf345f760a5aa2f6138c772f44fce7e43f694eef5520,2023-06,North Wales Police,North Wales Police,-3.062369,52.981614,On or near Tegid,W01000409,Wrexham 017E,Violence and sexual offences,Unable to prosecute suspect,
ceec8a78c473823e3603f4add147440e23fd66df318aad55452af57ae4874cf6,2023-06,North Wales Police,North Wales Police,-3.062369,52.981614,On or near Tegid,W01000409,Wrexham 017E,Violence and sexual offences,Status update unavailable,
8ad4b735ae84a1a03e1da6f820d4e25187d13b5b2693151f082d3058995522dc,2023-06,North Wales Police,North Wales Police,-3.062369,52.981614,On or near Tegid,W01000409,Wrexham 017E,Violence and sexual offences,Unable to prosecute suspect,
497b8a74ef38b56ebc95b5655e7fc8677147d5d4853eea8b09eaf24c2e25ffef,2023-06,North Wales Police,North Wales Police,-3.059761,52.981574,On or near Ogwen,W01000409,Wrexham 017E,Violence and sexual offences,Unable to prosecute suspect,
a27481acc7797c1a2c10866b58aa3e42654c7aff4dd3047e2c76a47770d5e4f4,2023-06,North Wales Police,North Wales Police,-3.058076,52.982102,On or near Glaslyn,W01000409,Wrexham 017E,Violence and sexual offences,Action to be taken by another organisation,
,2023-06,North Wales Police,North Wales Police,-2.911148,53.004480,On or near Friar'S Court,W01000345,Wrexham 018A,Anti-social behaviour,,
,2023-06,North Wales Police,North Wales Police,-2.911850,53.003135,On or near High Street,W01000345,Wrexham 018A,Anti-social behaviour,,
835edc645f1daa97756153f61cdb542869eca3b811f52eb5c79c5085c3bdf38d,2023-06,North Wales Police,North Wales Police,-2.866562,53.009075,On or near Whitehouse Mews,W01000345,Wrexham 018A,Burglary,Investigation complete; no suspect identified,
a0747a5815f6bc6afc26d9e5522a2ff056427f7e962484b9e758a13349652f36,2023-06,North Wales Police,North Wales Police,-2.911850,53.003135,On or near High Street,W01000345,Wrexham 018A,Criminal damage and arson,Court result unavailable,
83b67a581720c0321117bb56e2111b5105bfb8f36197c91a74be2b6ae9b059e3,2023-06,North Wales Police,North Wales Police,-2.867295,53.010678,On or near Dawson Farm Mews,W01000345,Wrexham 018A,Other theft,Investigation complete; no suspect identified,
687b418f2a7969f1ffeeec7ff2c4daf1aeaac65b15fdf3b34861cb1d9e1569da,2023-06,North Wales Police,North Wales Police,-2.911148,53.004480,On or near Friar'S Court,W01000345,Wrexham 018A,Violence and sexual offences,Unable to prosecute suspect,
97b53baf01dd36608448fb961be61fc29fd23bd5139cc2d719cb1fb1b0e70749,2023-06,North Wales Police,North Wales Police,-2.751347,52.962269,On or near Bowkers Lane,W01000346,Wrexham 018B,Burglary,Unable to prosecute suspect,
,2023-06,North Wales Police,North Wales Police,-2.771975,52.981931,On or near Highfields,W01000346,Wrexham 018B,Anti-social behaviour,,
,2023-06,North Wales Police,North Wales Police,-2.824164,52.991280,On or near Elk View,W01000346,Wrexham 018B,Anti-social behaviour,,
368839fbf8bfcfe52f8a877d843a7ed5df6881683800f3281399da0258b30882,2023-06,North Wales Police,North Wales Police,-2.769626,52.951212,On or near Maesllwyn Close,W01000346,Wrexham 018B,Other theft,Unable to prosecute suspect,
565770f956c90e6e8266ee78853b8cef8dcd01558f808380ea5f79c5d72fdb79,2023-06,North Wales Police,North Wales Police,-2.771975,52.981931,On or near Highfields,W01000346,Wrexham 018B,Violence and sexual offences,Further action is not in the public interest,
0e9385d93a704601d51c90acdb62796e9507dad57fd5517541d1c5d82e6d822e,2023-06,North Wales Police,North Wales Police,-2.872128,52.948040,On or near West Way,W01000403,Wrexham 018C,Other theft,Investigation complete; no suspect identified,
,2023-06,North Wales Police,North Wales Police,-2.932196,52.972917,On or near Bangor Road,W01000404,Wrexham 018D,Anti-social behaviour,,
,2023-06,North Wales Police,North Wales Police,-2.935558,52.970706,On or near Yew Tree Court,W01000404,Wrexham 018D,Anti-social behaviour,,
,2023-06,North Wales Police,North Wales Police,-2.893505,52.964143,On or near Burgess Lane,W01000404,Wrexham 018D,Anti-social behaviour,,
,2023-06,North Wales Police,North Wales Police,-2.870220,52.955273,On or near Henka Road,W01000404,Wrexham 018D,Anti-social behaviour,,
,2023-06,North Wales Police,North Wales Police,-2.893505,52.964143,On or near Burgess Lane,W01000404,Wrexham 018D,Anti-social behaviour,,
,2023-06,North Wales Police,North Wales Police,-2.869766,52.954908,On or near Alson Street,W01000404,Wrexham 018D,Anti-social behaviour,,
,2023-06,North Wales Police,North Wales Police,-2.939464,52.971610,On or near Wrexham Road,W01000404,Wrexham 018D,Anti-social behaviour,,
,2023-06,North Wales Police,North Wales Police,-2.939464,52.971610,On or near Wrexham Road,W01000404,Wrexham 018D,Anti-social behaviour,,
f6a31890947c667a816ee9b2b5536f39003a20918b4b2c83271a9f82ad175eb2,2023-06,North Wales Police,North Wales Police,-2.939134,52.961203,On or near B5069,W01000404,Wrexham 018D,Criminal damage and arson,Investigation complete; no suspect identified,
8da520d7e640b3df6edbf45c473830754b4c08c6b98216661d14dfce4c6634a1,2023-06,North Wales Police,North Wales Police,-2.870220,52.955273,On or near Henka Road,W01000404,Wrexham 018D,Public order,Investigation complete; no suspect identified,
5c749796ed90eef84ba2a4c628a077e950408ab7f02f9e86bb6ac0f4a00eab09,2023-06,North Wales Police,North Wales Police,-2.866941,52.953589,On or near Penda'S Park,W01000404,Wrexham 018D,Vehicle crime,Investigation complete; no suspect identified,
329382ac2273349f963e794d4af598897808ca9549bc19a4e68b9f719c5676cf,2023-06,North Wales Police,North Wales Police,-2.869766,52.954908,On or near Alson Street,W01000404,Wrexham 018D,Violence and sexual offences,Investigation complete; no suspect identified,
ecd272bad5bb1027cb87247be93525b23c7989dcf4a14ebed01afda99efdf36e,2023-06,North Wales Police,North Wales Police,-2.925366,52.943224,On or near Grange Road,W01000404,Wrexham 018D,Violence and sexual offences,Action to be taken by another organisation,
c641b441b7a12e472b1db5aa104ed15e7fb2d5283a4a39e94428086a83d05d4a,2023-06,North Wales Police,North Wales Police,-2.933915,52.969775,On or near Church Road,W01000404,Wrexham 018D,Other crime,Unable to prosecute suspect,
,2023-06,North Wales Police,North Wales Police,-3.041497,52.954201,On or near Maes Y Parc,W01000359,Wrexham 019C,Anti-social behaviour,,
11489ff03e77eeb0ad1957116551ee3802518103d61403d18202674ff823aa8e,2023-06,North Wales Police,North Wales Police,-3.054967,52.946818,On or near Yr Helfa,W01000359,Wrexham 019C,Other theft,Unable to prosecute suspect,
54175268fb1571ed2f2c356bea12aca297ad9a6665b6dd0f3d0ea7c4aa42d915,2023-06,North Wales Police,North Wales Police,-3.041497,52.954201,On or near Maes Y Parc,W01000359,Wrexham 019C,Other theft,Investigation complete; no suspect identified,
8b209c93223da21f68a937ccb78fe7452c92dfc660f098377839e2e8f86c5760,2023-06,North Wales Police,North Wales Police,-3.041497,52.954201,On or near Maes Y Parc,W01000359,Wrexham 019C,Public order,Unable to prosecute suspect,
f14c7d8c09d4e0656cdd17505ed3f0eb996427e3e5a8fa1297772075f8fd290e,2023-06,North Wales Police,North Wales Police,-3.051786,52.946370,On or near Richmond Gardens,W01000359,Wrexham 019C,Violence and sexual offences,Investigation complete; no suspect identified,
9bd786987e0de4eee5af2783aca82c8cd52d2f4102ace732616db9ff18376503,2023-06,North Wales Police,North Wales Police,-3.054967,52.946818,On or near Yr Helfa,W01000359,Wrexham 019C,Violence and sexual offences,Unable to prosecute suspect,
a8624e51a366de73d732c5029445e6781751c4177a4b684c83af36c57677c92f,2023-06,North Wales Police,North Wales Police,-3.054655,52.946821,On or near Helfa Bach,W01000359,Wrexham 019C,Violence and sexual offences,Unable to prosecute suspect,
f807da525cd794c1c8d8c9299fdc8826953cd13f261c469f9eb56a4a17dd4f72,2023-06,North Wales Police,North Wales Police,-3.041497,52.954201,On or near Maes Y Parc,W01000359,Wrexham 019C,Violence and sexual offences,Investigation complete; no suspect identified,
9f881217820d89d57900acf51b6293eeb5c87ad5dee846beffa28dbae4b89a6e,2023-06,North Wales Police,North Wales Police,-3.054967,52.946818,On or near Yr Helfa,W01000359,Wrexham 019C,Violence and sexual offences,Unable to prosecute suspect,
8e2ae35a766a702001f2130e1b499c40028f509c4dbb74ae01ed18e3a11a7426,2023-06,North Wales Police,North Wales Police,-3.058795,52.944510,On or near Wern,W01000360,Wrexham 019D,Criminal damage and arson,Awaiting court outcome,
,2023-06,North Wales Police,North Wales Police,-3.053788,52.939322,On or near Princess Avenue,W01000360,Wrexham 019D,Anti-social behaviour,,
396109c487b80d0747807246ae77831efbb234f5810583d9748baad1e91b3ebe,2023-06,North Wales Police,North Wales Police,-3.056901,52.942486,On or near Charles Street,W01000360,Wrexham 019D,Burglary,Investigation complete; no suspect identified,
9449f0c9ca0a1d64be5c441af4e75d442262304afc7a28b4d197917a73c06c43,2023-06,North Wales Police,North Wales Police,-3.053788,52.939322,On or near Princess Avenue,W01000360,Wrexham 019D,Public order,Unable to prosecute suspect,
e769be001f2ba79e67c713210a1c5a640948740e24a1cead9d67394a0f57ba15,2023-06,North Wales Police,North Wales Police,-3.057109,52.940048,On or near Duke Street,W01000360,Wrexham 019D,Shoplifting,Investigation complete; no suspect identified,
f7426984d4531249bac87d426a3bc86ceff840b58b60764f40ff8b15982a9168,2023-06,North Wales Police,North Wales Police,-3.057173,52.941432,On or near Ewart Street,W01000360,Wrexham 019D,Violence and sexual offences,Investigation complete; no suspect identified,
9e821080243ebbddc5b56fceaa13a20deb474bc9d074eba0095191883795af81,2023-06,North Wales Police,North Wales Police,-3.052309,52.945233,On or near Sycamore Drive,W01000360,Wrexham 019D,Violence and sexual offences,Unable to prosecute suspect,
bad2ced949d865cc0b2eb937af9f2871779c7c0fea2fb7c18dad78f0812e98c4,2023-06,North Wales Police,North Wales Police,-3.055878,52.937784,On or near Plas Y Waun,W01000361,Wrexham 019E,Violence and sexual offences,Unable to prosecute suspect,
,2023-06,North Wales Police,North Wales Police,-3.053918,52.933028,On or near Trem Yr Eglwys,W01000361,Wrexham 019E,Anti-social behaviour,,
,2023-06,North Wales Police,North Wales Police,-3.052033,52.936920,On or near Chirk Green Gardens,W01000361,Wrexham 019E,Anti-social behaviour,,
,2023-06,North Wales Police,North Wales Police,-3.052033,52.936920,On or near Chirk Green Gardens,W01000361,Wrexham 019E,Anti-social behaviour,,
ff140f8da2abe6583cf2f666d71a10f3aa7d8c82f25f24cb3e53643055078671,2023-06,North Wales Police,North Wales Police,-3.060452,52.930723,On or near Ceiriog Close,W01000361,Wrexham 019E,Burglary,Investigation complete; no suspect identified,
a6cd44026dc42fe881b8ded7ce06649b27ee5bdb3f43ccbfafcc86a7e906a17c,2023-06,North Wales Police,North Wales Police,-3.055868,52.933065,On or near Parking Area,W01000361,Wrexham 019E,Burglary,Status update unavailable,
6eadeeba1067b38f20185db15ae8a34fb09a94530f9510bed739a8ca1dc35134,2023-06,North Wales Police,North Wales Police,-3.058338,52.931263,On or near Castle Walks,W01000361,Wrexham 019E,Criminal damage and arson,Court result unavailable,
dd3e40b77fa555663fcf9ceaf5d328b34d33f67eeceb5652f6b2d1661aa2f6bf,2023-06,North Wales Police,North Wales Police,-3.039951,52.948074,On or near Green Lane,W01000361,Wrexham 019E,Other theft,Investigation complete; no suspect identified,
447d32c358342d7f6b1493ccd0a80135ba2f370adaa07374b03bf83a4ffa24c9,2023-06,North Wales Police,North Wales Police,-3.076738,52.958687,On or near Stryt Y Veri,W01000361,Wrexham 019E,Other theft,Investigation complete; no suspect identified,
14452915d7576f92aa3f87b4955f402a865a8e7af29594d6e134c197bcd5c69b,2023-06,North Wales Police,North Wales Police,-3.054425,52.931235,On or near Ffordd Trevor,W01000361,Wrexham 019E,Possession of weapons,Unable to prosecute suspect,
34e9887febcfd6d31b16546f83786551ded2ab2eff667ffeeabff0eaf817c4e9,2023-06,North Wales Police,North Wales Police,-3.055868,52.933065,On or near Parking Area,W01000361,Wrexham 019E,Public order,Investigation complete; no suspect identified,
e68ae8a9098108dfd19d115bc522e75cd895a09d4af37aff3cb635de66cc99b0,2023-06,North Wales Police,North Wales Police,-3.057271,52.932055,On or near Sqwar A Syrwr,W01000361,Wrexham 019E,Shoplifting,Formal action is not in the public interest,
9dd6293d967936ff7140d232b45ae682684ae6faa16ebf0b0d637f6ed7a88a3b,2023-06,North Wales Police,North Wales Police,-3.051728,52.933515,On or near Shepherd'S Lane,W01000361,Wrexham 019E,Theft from the person,Unable to prosecute suspect,
6e13e7f2c45be175fee74f0d130213ca93c95bd02390c72d2fb5d3fe4106a8d3,2023-06,North Wales Police,North Wales Police,-3.057271,52.932055,On or near Sqwar A Syrwr,W01000361,Wrexham 019E,Vehicle crime,Court result unavailable,
d472fd2f483dbcfd0e05a20561fb7b14e8be78bdd3b5956295c70a71f477e66c,2023-06,North Wales Police,North Wales Police,-3.055878,52.937784,On or near Plas Y Waun,W01000361,Wrexham 019E,Violence and sexual offences,Unable to prosecute suspect,
0f1c9b1f7de2a74caf2a259c484c3c1bb0757697a27d2aa117f8fe8049518b78,2023-06,North Wales Police,North Wales Police,-3.062639,52.930730,On or near Telford Rise,W01000361,Wrexham 019E,Violence and sexual offences,Unable to prosecute suspect,
2c7b16368f38bc4f7a3f1cbeae87138a7cb5d52e4a6001da94f288b3847871f9,2023-06,North Wales Police,North Wales Police,-3.054425,52.931235,On or near Ffordd Trevor,W01000361,Wrexham 019E,Violence and sexual offences,Unable to prosecute suspect,
,2023-06,North Wales Police,North Wales Police,-3.256911,52.886626,On or near Cysgod Y Berwyn,W01001930,Wrexham 019F,Anti-social behaviour,,
,2023-06,North Wales Police,North Wales Police,-3.186501,52.932623,On or near Cae'R Ysgol,W01001930,Wrexham 019F,Anti-social behaviour,,
,2023-06,North Wales Police,North Wales Police,-3.139654,52.935626,On or near Maes Meredydd,W01001930,Wrexham 019F,Anti-social behaviour,,
e1f1764d919d8482717a4c64972f64444164fe59c5a6b4f53e53e6c465c97a59,2023-06,North Wales Police,North Wales Police,-3.156939,52.925399,On or near Bro-Ddewi,W01001930,Wrexham 019F,Criminal damage and arson,Investigation complete; no suspect identified,
d02fb0a67447c16c92fc7e8164b4e2681aa4a4f1b38d1be7158bcc8b9985646b,2023-06,North Wales Police,North Wales Police,-3.184532,52.933542,On or near Y Maes,W01001930,Wrexham 019F,Criminal damage and arson,Investigation complete; no suspect identified,
8ff29e533e542c637516b9ce5bffa3d23d648a7c0c7ff29cf00d2852816b5be8,2023-06,North Wales Police,North Wales Police,-3.182870,52.933702,On or near Y Gamer,W01001930,Wrexham 019F,Other theft,Unable to prosecute suspect,
d01bb497e139fbca0a0fc510c1c72d0c6f12d33442f0f2b3dc44dfff2ae6db10,2023-06,North Wales Police,North Wales Police,-3.161209,52.926553,On or near B4500,W01001930,Wrexham 019F,Other theft,Investigation complete; no suspect identified,
ce0674fa7ec6b7f15edae3b78411646ae89cfab7479ffe31baab729bd07a62a5,2023-06,North Wales Police,North Wales Police,-3.156939,52.925399,On or near Bro-Ddewi,W01001930,Wrexham 019F,Violence and sexual offences,Unable to prosecute suspect,
72edb5e9e178c274cd106f4a29cec5129d53042c8dbd2794b4088fd6d9677529,2023-06,North Wales Police,North Wales Police,-3.190881,52.923077,On or near Llanarmon Road,W01001930,Wrexham 019F,Violence and sexual offences,Investigation complete; no suspect identified,
395bfc2b738486c50cc422658156cb8d2e4dab4a02d21c3a6abc08309e07c5b9,2023-06,North Wales Police,North Wales Police,-3.139654,52.935626,On or near Maes Meredydd,W01001930,Wrexham 019F,Violence and sexual offences,Unable to prosecute suspect,
edf8be8cdb0b4f15da7044d683ec1ed26bf46525ecda61e7fea17babf5b8405c,2023-06,North Wales Police,North Wales Police,-3.186501,52.932623,On or near Cae'R Ysgol,W01001930,Wrexham 019F,Violence and sexual offences,Unable to prosecute suspect,
6f04237e3124766553187f763972d636063102aefaf4e0eb90607f96a75792a8,2023-06,North Wales Police,North Wales Police,-3.139654,52.935626,On or near Maes Meredydd,W01001930,Wrexham 019F,Violence and sexual offences,Court result unavailable,
5fd96da4c50ca9fa650f246faa044d6c31fb5671c0fb76d9cb1031bf885c423b,2023-06,North Wales Police,North Wales Police,-3.139654,52.935626,On or near Maes Meredydd,W01001930,Wrexham 019F,Violence and sexual offences,Unable to prosecute suspect,
,2023-06,North Wales Police,North Wales Police,-2.960729,53.053463,On or near Sports/Recreation Area,W01000383,Wrexham 020A,Anti-social behaviour,,
,2023-06,North Wales Police,North Wales Police,-2.929048,53.047590,On or near Preston Road,W01000383,Wrexham 020A,Anti-social behaviour,,
,2023-06,North Wales Police,North Wales Police,-2.948460,53.055284,On or near Bryn Estyn Road,W01000383,Wrexham 020A,Anti-social behaviour,,
,2023-06,North Wales Police,North Wales Police,-2.929047,53.062126,On or near Wrexham Road,W01000383,Wrexham 020A,Anti-social behaviour,,
7f6fec44329d8a1bafdfb82317c37adaa929167c3a6290eda013acc86f93a576,2023-06,North Wales Police,North Wales Police,-2.933632,53.034681,On or near Bridgeway East,W01000383,Wrexham 020A,Other theft,Status update unavailable,
9120eeeacdcb801485f55fa78b2fcbe9de043bf1c640a29365c1d85d75a0cf51,2023-06,North Wales Police,North Wales Police,-2.937238,53.034954,On or near Sports/Recreation Area,W01000383,Wrexham 020A,Violence and sexual offences,Status update unavailable,
f1ab2c644449b6535ff0ecab3daf073ea11a81b8fa69791055cc495297641753,2023-06,North Wales Police,North Wales Police,-2.933632,53.034681,On or near Bridgeway East,W01000383,Wrexham 020A,Violence and sexual offences,Status update unavailable,
9ad50cfe7ebbeb6de4a3ea54b7c34d7b840bdeb6587cda932e3f62c482410168,2023-06,North Wales Police,North Wales Police,-2.933632,53.034681,On or near Bridgeway East,W01000383,Wrexham 020A,Violence and sexual offences,Status update unavailable,
1d56c0fba5683f2a790ca3a0ea2491f1832b130acc26930ccab3f452283546df,2023-06,North Wales Police,North Wales Police,-2.933632,53.034681,On or near Bridgeway East,W01000383,Wrexham 020A,Other crime,Status update unavailable,
d252bfac438872d2c58fc55e6bc79acc240f4344cafeb5e0ff37ab2f419c4381,2023-06,North Wales Police,North Wales Police,-2.933632,53.034681,On or near Bridgeway East,W01000383,Wrexham 020A,Other crime,Status update unavailable,
4926a708ec1c9c6a0bfc3bca203f93302e5296982453c5a110a4f1d3c9a94d9a,2023-06,North Wales Police,North Wales Police,-2.881015,53.081279,On or near Caerllew,W01000384,Wrexham 020B,Violence and sexual offences,Status update unavailable,
,2023-06,North Wales Police,North Wales Police,-2.990712,53.095527,On or near Willow Drive,W01000390,Wrexham 020C,Anti-social behaviour,,
7cb007a6f3fd466251192d4456f9d9ada1a268b56b4750a7e0960628b3f2a566,2023-06,North Wales Police,North Wales Police,-3.000576,53.095849,On or near Parking Area,W01000390,Wrexham 020C,Violence and sexual offences,Status update unavailable,
0f159d10074cb65a9ab724e9390b5ba50131a0a236a81fe68f87cd7b691fe8cf,2023-06,North Wales Police,North Wales Police,-3.000576,53.095849,On or near Parking Area,W01000390,Wrexham 020C,Violence and sexual offences,Status update unavailable,
,2023-06,North Wales Police,North Wales Police,-2.939488,53.114002,On or near Chester Road,W01000417,Wrexham 020D,Anti-social behaviour,,
,2023-06,North Wales Police,North Wales Police,-2.940270,53.111497,On or near Cromar Crescent,W01000418,Wrexham 020E,Anti-social behaviour,,
,2023-06,North Wales Police,North Wales Police,-2.943663,53.108827,On or near Park Court,W01000418,Wrexham 020E,Anti-social behaviour,,
,2023-06,North Wales Police,North Wales Police,-2.948979,53.108039,On or near B5445,W01000418,Wrexham 020E,Anti-social behaviour,,
,2023-06,North Wales Police,North Wales Police,-2.939821,53.112130,On or near Waverley Crescent,W01000418,Wrexham 020E,Anti-social behaviour,,
,2023-06,North Wales Police,North Wales Police,-2.969082,53.085970,On or near Ffordd Caer,W01000370,Wrexham 020G,Anti-social behaviour,,
,2023-06,North Wales Police,North Wales Police,-2.967649,53.068003,On or near Barker'S Lane,W01000370,Wrexham 020G,Anti-social behaviour,,
,2023-06,North Wales Police,North Wales Police,-2.957742,53.098395,On or near Marford Heights,W01000396,Wrexham 020H,Anti-social behaviour,,
f577da255d5892c577bdd43ef6a0d5d964ea09ea2099cc1f38e9b15927a79ad0,2023-06,North Wales Police,North Wales Police,-2.957742,53.098395,On or near Marford Heights,W01000396,Wrexham 020H,Violence and sexual offences,Status update unavailable,
64ecb61fbdf005804b0e3d9d8198b509798faf6470667a41052ec2ac61c59d2b,2023-06,North Wales Police,North Wales Police,-3.003697,53.102241,On or near B5373,W01000390,Wrexham 021A,Criminal damage and arson,Court result unavailable,
610c767486e05c4685166382c01125905a9d813af479574156b9463cf638c671,2023-06,North Wales Police,North Wales Police,-2.990712,53.095527,On or near Willow Drive,W01000390,Wrexham 021A,Criminal damage and arson,Investigation complete; no suspect identified,
b829505b60111e81abb2995a89e8cab87baf6b377fdc854f58831f2af05d9dba,2023-06,North Wales Police,North Wales Police,-3.015069,53.099322,On or near Miners Park,W01000390,Wrexham 021A,Drugs,Court result unavailable,
8d2d0f2abb22d81586663d182112d98438e4e4f7a6254c78c010b9c3d2f0a915,2023-06,North Wales Police,North Wales Police,-2.997243,53.098943,On or near Fairoaks Crescent,W01000390,Wrexham 021A,Public order,Investigation complete; no suspect identified,
e5b595458909126c38acbddc2e5804175e6e741f3abb26019fd10c2061ff1420,2023-06,North Wales Police,North Wales Police,-3.000576,53.095849,On or near Parking Area,W01000390,Wrexham 021A,Violence and sexual offences,Unable to prosecute suspect,
93e91cbfd000d3b951d1a750956d10d6dc87454ee70c7155e4dfa50d62c68295,2023-06,North Wales Police,North Wales Police,-2.991175,53.100045,On or near Dolydd Carlton,W01000390,Wrexham 021A,Violence and sexual offences,Unable to prosecute suspect,
075d1a8d7fdb77fe4624f39de6b1c6e7aac059523e3608ccdaadce6f9bfb2be1,2023-06,North Wales Police,North Wales Police,-3.000666,53.096487,On or near First Avenue,W01000390,Wrexham 021A,Violence and sexual offences,Unable to prosecute suspect,
b61174e0dc4d9675c583dffd432fc4a9aec31af456685d6c778cf5fc8f629435,2023-06,North Wales Police,North Wales Police,-2.957742,53.098395,On or near Marford Heights,W01001970,Wrexham 021C,Burglary,Investigation complete; no suspect identified,
4f7faa8d02095b33ff47aedea380b1fc944c9a2b8820a16e421e137fa4bf1aa7,2023-06,North Wales Police,North Wales Police,-2.957742,53.098395,On or near Marford Heights,W01001970,Wrexham 021C,Other theft,Further investigation is not in the public interest,
2ce1d52843d5abd95cae6ed1df1082fb5cad2d5d7c24371d3052aef35d68b095,2023-06,North Wales Police,North Wales Police,-2.958188,53.096962,On or near Beech Lane,W01001970,Wrexham 021C,Possession of weapons,Unable to prosecute suspect,
28615adba8193ad9c959ccf761912d9c58e5af32f177fda24341f07d314eea1c,2023-06,North Wales Police,North Wales Police,-2.957742,53.098395,On or near Marford Heights,W01001970,Wrexham 021C,Public order,Unable to prosecute suspect,
99d714e11226391d017099bf8828dcf9d1cdc9c7c0911c577843d998596d81f7,2023-06,North Wales Police,North Wales Police,-2.959697,53.101004,On or near The Spinney,W01001970,Wrexham 021C,Public order,Investigation complete; no suspect identified,
9fbd57ab3745bb27acb143665555f01357d48b51cd17b29f47a45e05af3046db,2023-06,North Wales Police,North Wales Police,-2.958353,53.090668,On or near Supermarket,W01001970,Wrexham 021C,Shoplifting,Investigation complete; no suspect identified,
453f172ef3c8b3b6cddc8f77ed110a4547d79ed5c49079e13c2b4464c2568718,2023-06,North Wales Police,North Wales Police,-2.958188,53.096962,On or near Beech Lane,W01001970,Wrexham 021C,Vehicle crime,Court result unavailable,
a89f92b10b59d9c527dc44025d4c3f1f6c123e50b0641613c993b0c0d014f87f,2023-06,North Wales Police,North Wales Police,-2.957742,53.098395,On or near Marford Heights,W01001970,Wrexham 021C,Violence and sexual offences,Unable to prosecute suspect,
bd824f664789d06ba7017b36210c20b1879326a9191f6d0e24125f82deb48d32,2023-06,North Wales Police,North Wales Police,-2.957742,53.098395,On or near Marford Heights,W01001970,Wrexham 021C,Violence and sexual offences,Unable to prosecute suspect,
a54341ead5e7e6b40be3bc2f62308200b17f03e4cb388f2174566a25082e7a6b,2023-06,North Wales Police,North Wales Police,-2.957742,53.098395,On or near Marford Heights,W01001970,Wrexham 021C,Violence and sexual offences,Unable to prosecute suspect,
7daec637641d73eb754d43b53fc2a34ab80a7a125b29d2bc228677e02f63a522,2023-06,North Wales Police,North Wales Police,-2.973410,53.083211,On or near Maxwell Close,W01000370,Wrexham 021D,Criminal damage and arson,Unable to prosecute suspect,
48d0b1a75d75f1da523d14b18a099f183c902c5d824c7fc3cd0fcc36546f52cf,2023-06,North Wales Police,North Wales Police,-2.940270,53.111497,On or near Cromar Crescent,W01000418,Wrexham 022A,Violence and sexual offences,Awaiting court outcome,
c9a2a21b346878d2f7af551c224c7a4f98f628768be98a2cfa36e92eedab51cc,2023-06,North Wales Police,North Wales Police,-2.947176,53.108287,On or near Gun Street,W01000418,Wrexham 022A,Criminal damage and arson,Investigation complete; no suspect identified,
a6e27c58bda24d7265373ae5dd23c5beca09d083f93323c4e16a1186464c7ff4,2023-06,North Wales Police,North Wales Police,-2.947176,53.108287,On or near Gun Street,W01000418,Wrexham 022A,Other theft,Investigation complete; no suspect identified,
f7a214c18dd7dea966f9d5d0a52c4d3fb666806efef67629442d30cf7389557a,2023-06,North Wales Police,North Wales Police,-2.947176,53.108287,On or near Gun Street,W01000418,Wrexham 022A,Other theft,Investigation complete; no suspect identified,
495b5130eea1de0f23d4c74b9fe511c32ef0a4784a51eca6c1f396229ab37bc0,2023-06,North Wales Police,North Wales Police,-2.940270,53.111497,On or near Cromar Crescent,W01000418,Wrexham 022A,Public order,Investigation complete; no suspect identified,
5ae8837dd76ffec1264b1fb2ccc2634bccd70c2f09ee29e733a2c2a3e4816ac4,2023-06,North Wales Police,North Wales Police,-2.940270,53.111497,On or near Cromar Crescent,W01000418,Wrexham 022A,Public order,Investigation complete; no suspect identified,
a140b7911d25d845e8d5d7d26557e953fefca4b7678b5b9ae095d26495cf4a7f,2023-06,North Wales Police,North Wales Police,-2.946022,53.108755,On or near Supermarket,W01000418,Wrexham 022A,Shoplifting,Court result unavailable,
9ff2286916ef64a5930df8ec113d5767df3add1d23864482b22205c9d54257ce,2023-06,North Wales Police,North Wales Police,-2.946022,53.108755,On or near Supermarket,W01000418,Wrexham 022A,Shoplifting,Court result unavailable,
cbaba19d2d23518aedfcaf78fb6b42a059e9aea28729c7e0e3aa3dc2e8b235d3,2023-06,North Wales Police,North Wales Police,-2.946022,53.108755,On or near Supermarket,W01000418,Wrexham 022A,Shoplifting,Local resolution,
1c59fac7871bc3029e2462275a78f65b6ef6bd5449231ee05c59819081199b80,2023-06,North Wales Police,North Wales Police,-2.946022,53.108755,On or near Supermarket,W01000418,Wrexham 022A,Shoplifting,Court result unavailable,
ff6fb3035927d16aefc89dc9a97d174004a6a68e2e4812b176522e669ced3baf,2023-06,North Wales Police,North Wales Police,-2.946022,53.108755,On or near Supermarket,W01000418,Wrexham 022A,Shoplifting,Court result unavailable,
15294b8c1c7b600dc630ab9209042e69e5953ad6b0ae9cd757801376e34d3623,2023-06,North Wales Police,North Wales Police,-2.946022,53.108755,On or near Supermarket,W01000418,Wrexham 022A,Shoplifting,Investigation complete; no suspect identified,
d2fd0f4b34c5f2712adb76e2c7e266231c00dc0b88ed22e154f079bf4ad1ca4e,2023-06,North Wales Police,North Wales Police,-2.946022,53.108755,On or near Supermarket,W01000418,Wrexham 022A,Shoplifting,Court result unavailable,
4a86c442bd6e52a87861962ef72b30981f549b77c1e42f0bb9950ff579cb534e,2023-06,North Wales Police,North Wales Police,-2.946022,53.108755,On or near Supermarket,W01000418,Wrexham 022A,Shoplifting,Investigation complete; no suspect identified,
4c1b998fb8deba064f609476a67fd5cf27bc41a5895599a7fd2b20c81f1acb18,2023-06,North Wales Police,North Wales Police,-2.946022,53.108755,On or near Supermarket,W01000418,Wrexham 022A,Shoplifting,Investigation complete; no suspect identified,
01f790229b44a5305fbeb7d5c4f931087419ad42da0bfc92de2f42f2604b5b13,2023-06,North Wales Police,North Wales Police,-2.943663,53.108827,On or near Park Court,W01000418,Wrexham 022A,Violence and sexual offences,Investigation complete; no suspect identified,
95273915078523f84e5adf5acd156b0fc60c337adddbe1a5b65c14246f308670,2023-06,North Wales Police,North Wales Police,-2.945887,53.108073,On or near Williams Way,W01000418,Wrexham 022A,Violence and sexual offences,Unable to prosecute suspect,
2c0c0cb0d035e68cd1f00696b849ee4191f807c37f281e81fd59cccca7058933,2023-06,North Wales Police,North Wales Police,-2.949050,53.107211,On or near Manor Lane,W01000418,Wrexham 022A,Violence and sexual offences,Formal action is not in the public interest,
ec6d7917869b3ce55a03bde0cf4fc58a4bc0c7a8196642f1622592e90e52ed69,2023-06,North Wales Police,North Wales Police,-2.935061,53.111149,On or near Sports/Recreation Area,W01000418,Wrexham 022A,Violence and sexual offences,Unable to prosecute suspect,
2ba2e1959aa96821c2d896a4fa55754118f540cab9c608430e8d52a125c649cf,2023-06,North Wales Police,North Wales Police,-2.940270,53.111497,On or near Cromar Crescent,W01000418,Wrexham 022A,Violence and sexual offences,Unable to prosecute suspect,
093d28474f29821ac1675b346954b8d1b33029bafc37f0a685f64900c4acf575,2023-06,North Wales Police,North Wales Police,-2.938875,53.112586,On or near Sports/Recreation Area,W01000418,Wrexham 022A,Violence and sexual offences,Unable to prosecute suspect,
c4ad7aa53b7ccd20158d4e2d1c396cdd49cfda7e60d1f7277195bf47efa3660e,2023-06,North Wales Police,North Wales Police,-2.939921,53.096874,On or near Lon Cox,W01000418,Wrexham 022A,Violence and sexual offences,Unable to prosecute suspect,
35fddf84fa778b86d961fecd535527e3a6fbdface07c7a2f04f6c25fc9692cfe,2023-06,North Wales Police,North Wales Police,-2.940270,53.111497,On or near Cromar Crescent,W01000418,Wrexham 022A,Other crime,Investigation complete; no suspect identified,
996f9d30b830900198913934a93edc7979872c2492dbb92e3989bd502ac6c24a,2023-06,North Wales Police,North Wales Police,-2.944448,53.107149,On or near Campbell Close,W01000417,Wrexham 022B,Criminal damage and arson,Investigation complete; no suspect identified,
1b5b5396805eeb87b9f10ca41b1f02c7865cfdc21d04f8983c62287a6ec4f246,2023-06,North Wales Police,North Wales Police,-2.937613,53.115725,On or near Darland Lane,W01000417,Wrexham 022B,Public order,Formal action is not in the public interest,
4bf60732f23a0f9a1f8c88d71caa551cc901a34255ec63f91933f6cc06947cc3,2023-06,North Wales Police,North Wales Police,-2.929512,53.103797,On or near Mountain View,W01000417,Wrexham 022B,Violence and sexual offences,Unable to prosecute suspect,
397ea0cd7fc86db70962445b0165ed4169b88acaca54a7bd5294d29a377e710d,2023-06,North Wales Police,North Wales Police,-2.942521,53.107155,On or near Grosvenor Crescent,W01000417,Wrexham 022B,Violence and sexual offences,Unable to prosecute suspect,
c1836b6a79146af301bee51556166c2165c552a6bd57ba33464eb91ed1ff472d,2023-06,North Wales Police,North Wales Police,-2.937613,53.115725,On or near Darland Lane,W01000417,Wrexham 022B,Violence and sexual offences,Formal action is not in the public interest,
7acb9bee314b1e86ebf56b5cd5961cf155538a52b87922da39d996337dd88081,2023-06,North Wales Police,North Wales Police,-2.940478,53.108026,On or near West Way,W01000417,Wrexham 022B,Violence and sexual offences,Unable to prosecute suspect,
d4c03cdab4c8357453da25c33791ad267cf2040b928d346e34dd91f01d9fc53e,2023-06,North Wales Police,North Wales Police,-2.882066,53.077882,On or near Fairview,W01000384,Wrexham 022C,Criminal damage and arson,Investigation complete; no suspect identified,
c3a8ab44c56e87116420ea1443cc189e51419600ed0467244dc0dfad774d1f10,2023-06,North Wales Police,North Wales Police,-2.881015,53.081279,On or near Caerllew,W01000384,Wrexham 022C,Other theft,Investigation complete; no suspect identified,
dafc28a73b99bbf1c43af4064ad06ac3e2fd2de56f2cc1a6404705b56c33a836,2023-06,North Wales Police,North Wales Police,-2.886796,53.075636,On or near Wrexham Road,W01000384,Wrexham 022C,Shoplifting,Investigation complete; no suspect identified,
bf7a8c40db4c099717119897eb5b27f99b793a368aff9efce3390b59c1068863,2023-06,North Wales Police,North Wales Police,-2.933632,53.034681,On or near Bridgeway East,W01001971,Wrexham 022D,Violence and sexual offences,Awaiting court outcome,
70741860a088d6372b8b567c79ede701bf85b17f656d64c2e5a5e248f2198c02,2023-06,North Wales Police,North Wales Police,-2.933632,53.034681,On or near Bridgeway East,W01001971,Wrexham 022D,Violence and sexual offences,Awaiting court outcome,
54bd192500fca7cb838c35d38b191f6efa307fc7b08551486467901d16932602,2023-06,North Wales Police,North Wales Police,-2.933632,53.034681,On or near Bridgeway East,W01001971,Wrexham 022D,Violence and sexual offences,Awaiting court outcome,
7870e723378a63f594994b855ecee5888ceece45e3b1c28c299cc302db11d5be,2023-06,North Wales Police,North Wales Police,-2.933632,53.034681,On or near Bridgeway East,W01001971,Wrexham 022D,Violence and sexual offences,Awaiting court outcome,
e3fcb42d35be2604d09a6ef8f0e85d04d1c00b58c1575211c950875120d3a3a4,2023-06,North Wales Police,North Wales Police,-2.933632,53.034681,On or near Bridgeway East,W01001971,Wrexham 022D,Violence and sexual offences,Awaiting court outcome,
59bde03e5a4ce92e1dcb0553e09722c9cff4f31def55ed8f1f4bf3738c60f56a,2023-06,North Wales Police,North Wales Police,-2.948460,53.055284,On or near Bryn Estyn Road,W01001971,Wrexham 022D,Burglary,Investigation complete; no suspect identified,
d881c9488f1f53525c6d6df5ab318453ac6d52919a5ab889817534ef98a02964,2023-06,North Wales Police,North Wales Police,-2.933632,53.034681,On or near Bridgeway East,W01001971,Wrexham 022D,Criminal damage and arson,Action to be taken by another organisation,
36ea4cca0187571b24d1d4c4b8ede20e94aefc617f4a4991e24cb57321410ee4,2023-06,North Wales Police,North Wales Police,-2.929048,53.047590,On or near Preston Road,W01001971,Wrexham 022D,Other theft,Investigation complete; no suspect identified,
fc5c596df92191a90e3fb3f3ddaa02726029b8ea06b686a64ac04d111a20a819,2023-06,North Wales Police,North Wales Police,-2.933632,53.034681,On or near Bridgeway East,W01001971,Wrexham 022D,Violence and sexual offences,Court result unavailable,
72d9ec7711eb0fa52374d9fe8f9bff552e4c741e17a85fc3f40610c5694b23e2,2023-06,North Wales Police,North Wales Police,-2.933632,53.034681,On or near Bridgeway East,W01001971,Wrexham 022D,Violence and sexual offences,Action to be taken by another organisation,
4121df1f190fbbf71f346bcd005085a75dbd9f740eefd22aaac37401a189423d,2023-06,North Wales Police,North Wales Police,-2.935858,53.035554,On or near The Oval,W01001971,Wrexham 022D,Violence and sexual offences,Unable to prosecute suspect,
412987cf23f25e275f08916538f21b94b2acd553831454525810de47b4952f73,2023-06,North Wales Police,North Wales Police,-2.948460,53.055284,On or near Bryn Estyn Road,W01001971,Wrexham 022D,Violence and sexual offences,Unable to prosecute suspect,
7bab6175732ed7784b5c7abaf53a4b6ca4ef1a1aed59191f74408cd64a08650d,2023-06,North Wales Police,North Wales Police,-2.933632,53.034681,On or near Bridgeway East,W01001971,Wrexham 022D,Violence and sexual offences,Court result unavailable,
0861e1b1eb436aa891bc16a400e5289d1236dc4b7af7d8b897ff1667279558f3,2023-06,North Wales Police,North Wales Police,-2.938424,53.034248,On or near Pilgrim Way,W01001971,Wrexham 022D,Violence and sexual offences,Unable to prosecute suspect,
c29c67cb048ff729468a96364ca9b0241dbe0cfaf0be98cc279699450c020511,2023-06,North Wales Police,North Wales Police,-2.933632,53.034681,On or near Bridgeway East,W01001971,Wrexham 022D,Violence and sexual offences,Court result unavailable,
97596ca51da6ba65f4cacea8731512e7503d7bbb8bb21ae7dd0297aa8e2c60ad,2023-06,North Wales Police,North Wales Police,-2.935858,53.035554,On or near The Oval,W01001971,Wrexham 022D,Violence and sexual offences,Unable to prosecute suspect,
c3693563675d0e83bc70df41b2120de83eff4681203a5ed1d4078873cbb7dc0d,2023-06,North Wales Police,North Wales Police,-2.933632,53.034681,On or near Bridgeway East,W01001971,Wrexham 022D,Other crime,Court result unavailable,
889249f59e6521a99100fcb429e3622fb18f2c0cec1857f7c1849b8af36e352e,2023-06,North Wales Police,North Wales Police,-2.933632,53.034681,On or near Bridgeway East,W01001971,Wrexham 022D,Other crime,Court result unavailable,
ab163409beef108f34572504863d343c521af52c9d39a7dd90f41e9bd6aa4a75,2023-06,North Wales Police,North Wales Police,-2.933632,53.034681,On or near Bridgeway East,W01001971,Wrexham 022D,Other crime,Unable to prosecute suspect,
63d99bce7925e4031fbc0a4fe653720eaaf6e84ee872a4ea3d55cd788903d615,2023-06,North Wales Police,North Wales Police,-2.960669,53.056796,On or near St Mellion Crescent,W01001972,Wrexham 022E,Violence and sexual offences,Unable to prosecute suspect,
ca5615cff0c1d2e4157ab105def04446c23f551c7ccc18fbe0ac8cadff58ca29,2023-06,North Wales Police,North Wales Police,-2.960729,53.053463,On or near Sports/Recreation Area,W01001972,Wrexham 022E,Criminal damage and arson,Unable to prosecute suspect,
ea53619082db7f6d8fc181dbbd0328e1d16ffa54ee89be505ff416f8d6017cfc,2023-06,North Wales Police,North Wales Police,-2.962271,53.057727,On or near Stryt Holt,W01001972,Wrexham 022E,Public order,Unable to prosecute suspect,
4c317df29a32502f6d9e691e53f4953b466b3199facc755082e0d999774d236b,2023-06,North Wales Police,North Wales Police,-2.965460,53.055552,On or near Ffordd Carden Park,W01001972,Wrexham 022E,Violence and sexual offences,Unable to prosecute suspect,
08b5e2394bed29a397cea98b4b5cab28e0bfe839966757f52cbf3b0f895ff721,2023-06,North Wales Police,North Wales Police,-2.965460,53.055552,On or near Ffordd Carden Park,W01001972,Wrexham 022E,Violence and sexual offences,Unable to prosecute suspect,
4c227d061796ca11fbcc7b8ded1b51705f08f4f58ab3fdb9df2a5018533ff053,2023-06,North Wales Police,North Wales Police,-2.963796,53.055188,On or near Clos Woburn,W01001972,Wrexham 022E,Violence and sexual offences,Investigation complete; no suspect identified,
b8e941b3e095e93db65f10b8e47bbc1665d0dddd93bb5e92f723078eb176e9df,2023-06,North Wales Police,North Wales Police,-2.962271,53.057727,On or near Stryt Holt,W01001972,Wrexham 022E,Violence and sexual offences,Unable to prosecute suspect,
4a43837d0bb96c2fc330e18a1706b68a6b0fc8084539320ec742a2a25f68ff48,2023-06,North Wales Police,North Wales Police,-2.965460,53.055552,On or near Ffordd Carden Park,W01001972,Wrexham 022E,Violence and sexual offences,Unable to prosecute suspect,
f92d2bc7d687632ada7e8b5a41dd86ac9681a84416f4a307b2e4cb53e466515d,2023-06,North Wales Police,North Wales Police,-2.965460,53.055552,On or near Ffordd Carden Park,W01001972,Wrexham 022E,Violence and sexual offences,Unable to prosecute suspect,
f1144426296f482da8a8c52df5157172cc088ac6efa3545a4085a3805d9c9090,2023-06,North Wales Police,North Wales Police,-2.965460,53.055552,On or near Ffordd Carden Park,W01001972,Wrexham 022E,Violence and sexual offences,Unable to prosecute suspect,
a7fdeb07796b0233b8521851b963b2967f8e292add620229dbdafd7b4045ab31,2023-06,North Wales Police,North Wales Police,-2.962924,53.054881,On or near Hawkstone Way,W01001972,Wrexham 022E,Violence and sexual offences,Unable to prosecute suspect,
2c4c4d6e4063f352c32e466cfee1e50083f92dad22af18344e68d8e4b62ecd01,2023-06,North Wales Police,North Wales Police,-2.963796,53.055188,On or near Clos Woburn,W01001972,Wrexham 022E,Other crime,Further action is not in the public interest,
cd76219e9c47894a05f7430dfd4132aaa50badaa45c1152bef5c3cf70ccc129d,2023-06,North Wales Police,North Wales Police,-2.980290,53.066695,On or near Lower Minster,W01000344,Wrexham 023A,Other theft,Investigation complete; no suspect identified,
627cf87eadd0ee86dc86b040b5be3bb9c0b3e9768793bcb1583e3e8a8e3d7908,2023-06,North Wales Police,North Wales Police,-2.971359,53.061105,On or near Clarke Road,W01000343,Wrexham 023B,Burglary,Investigation complete; no suspect identified,
e16acdf55853c238e8c71aa54d2bfce8ccca16a01cf5f5dbbf583011125b979d,2023-06,North Wales Police,North Wales Police,-2.969514,53.062019,On or near Gainsborough Road,W01000343,Wrexham 023B,Violence and sexual offences,Further investigation is not in the public interest,
9ea67555fd58b05e527c072a58a0be4691bff745ec1fb46a829b068a8ce021fa,2023-06,North Wales Police,North Wales Police,-2.969514,53.062019,On or near Gainsborough Road,W01000343,Wrexham 023B,Violence and sexual offences,Court result unavailable,
c3f52d433c284262e812fb9640b743befbb0fb936d077a91e420b6724a1ee01a,2023-06,North Wales Police,North Wales Police,-2.983661,53.056149,On or near Marsh Crescent,W01000341,Wrexham 023C,Theft from the person,Unable to prosecute suspect,
77a153f76dcdeee40d045431839e61f5ad4372d31eed831ff7ac567ac422b8b3,2023-06,North Wales Police,North Wales Police,-2.980512,53.058728,On or near Stratford Close,W01000341,Wrexham 023C,Violence and sexual offences,Unable to prosecute suspect,
14a12619c3c227a1c4f82f04ef3d8ad402f8bb89ab028576874e673adc520fcf,2023-06,North Wales Police,North Wales Police,-2.982101,53.064945,On or near Heol Dinas,W01000341,Wrexham 023C,Violence and sexual offences,Investigation complete; no suspect identified,
9d634e99e894ddee187cd499efaab67e759f06b924d3f6ccdb8d1c363349c4b5,2023-06,North Wales Police,North Wales Police,-2.980512,53.058728,On or near Stratford Close,W01000341,Wrexham 023C,Violence and sexual offences,Formal action is not in the public interest,
0690f104da2980b8fd0a980e1fd14694c0f2de5f83ceecb91306b28793f80925,2023-06,North Wales Police,North Wales Police,-2.980512,53.058728,On or near Stratford Close,W01000341,Wrexham 023C,Violence and sexual offences,Unable to prosecute suspect,
10172818f78d90d39c8ac6b082aef0feb26d4fa830368a728231a50f6fd7cffe,2023-06,North Wales Police,North Wales Police,-2.979950,53.057618,On or near The Laurels,W01000341,Wrexham 023C,Other crime,Investigation complete; no suspect identified,
a3a9068b3c3d07ca6eae8dcb568f6d58d6df3296948c09518e96dc6cc5003f4c,2023-06,North Wales Police,North Wales Police,-2.962854,53.061111,On or near Conningsby Court,W01000416,Wrexham 023D,Criminal damage and arson,Unable to prosecute suspect,
0aa0b7434752352c4c3f04b9de8771fd765677b952afe1474b54c37b8ec1c45a,2023-06,North Wales Police,North Wales Police,-2.988994,53.056429,On or near Neville Crescent,W01000342,Wrexham 023E,Bicycle theft,Investigation complete; no suspect identified,
4e909c31d13d61fde658674218322b4911ed4d1212a494a1482d16a7c6bfdbec,2023-06,North Wales Police,North Wales Police,-2.990988,53.055549,On or near Cilcen Grove,W01000342,Wrexham 023E,Criminal damage and arson,Further investigation is not in the public interest,
e4dada4c7ab4a13ccdf70a0e7c65531c0d729fbeb78449f22cb1f2f914279968,2023-06,North Wales Police,North Wales Police,-2.989287,53.059447,On or near Cilgant Derwennydd,W01000342,Wrexham 023E,Criminal damage and arson,Investigation complete; no suspect identified,
8622500eb8da93259f0bf86d7a18ff2e4c3f799496c5072ab0b5cffd4c03c5c0,2023-06,North Wales Police,North Wales Police,-2.988327,53.058574,On or near St Margaret Way,W01000342,Wrexham 023E,Other theft,Investigation complete; no suspect identified,
e362d3026b33f1ff31284caa27071fabefaf57f08829c17780647a6b99c5421f,2023-06,North Wales Police,North Wales Police,-2.987202,53.055715,On or near The Beeches,W01000342,Wrexham 023E,Public order,Unable to prosecute suspect,
2ba2da14b7f85854cd0cab94f97b8d09d2162f839fab020984f3bb2875834b2c,2023-06,North Wales Police,North Wales Police,-2.990988,53.055549,On or near Cilcen Grove,W01000342,Wrexham 023E,Public order,Investigation complete; no suspect identified,
041c8a9200f32fef04da5f14676824415709e715b192c1403d67b38236e5e9b4,2023-06,North Wales Police,North Wales Police,-2.986261,53.060218,On or near Grange Close,W01000342,Wrexham 023E,Violence and sexual offences,Unable to prosecute suspect,
67c9678fb0c636c443ce1c65cd2efc767e909901c5aa192d5ebd6c6c4ab8ad4e,2023-06,North Wales Police,North Wales Police,-2.985681,53.058982,On or near Dee Avenue,W01000342,Wrexham 023E,Violence and sexual offences,Unable to prosecute suspect,
95292546c14af681fbc568ae45588188cd426e4869e373eac93452344efa3e3d,2023-06,North Wales Police,North Wales Police,-2.984986,53.057981,On or near Overton Way,W01000342,Wrexham 023E,Violence and sexual offences,Unable to prosecute suspect,
88d5c6ad26d458596af68402382b987401bddd2288493b89d6241239aab06307,2023-06,North Wales Police,North Wales Police,-2.973518,53.054938,On or near Sports/Recreation Area,W01000415,Wrexham 023F,Public order,Unable to prosecute suspect,
9ccc1e6ef445734b681968805c031bd2f31a7e2c8fb355426ede88fcd63c9759,2023-06,North Wales Police,North Wales Police,-2.971252,53.059676,On or near Supermarket,W01000415,Wrexham 023F,Shoplifting,Investigation complete; no suspect identified,
f14f5511e07dd5a106ffcb7c3f788721d989f2b7be3375876e875c696a67b5c1,2023-06,North Wales Police,North Wales Police,-2.971252,53.059676,On or near Supermarket,W01000415,Wrexham 023F,Shoplifting,Investigation complete; no suspect identified,
e22aab5e2e2238a43e331220111c700c7d2a4c30bd61ede66c748b155c9538ac,2023-06,North Wales Police,North Wales Police,-2.971216,53.054723,On or near Clos Y Cowper,W01000415,Wrexham 023F,Shoplifting,Investigation complete; no suspect identified,
91428a41b3359a56f50d8f01fbda74fae22d7b058f70077d2871eaca3e0c33d5,2023-06,North Wales Police,North Wales Police,-2.971252,53.059676,On or near Supermarket,W01000415,Wrexham 023F,Shoplifting,Investigation complete; no suspect identified,
dcdc47e8449791a189bf2848623715172d5f5e340629a4562cd8758c381bf162,2023-06,North Wales Police,North Wales Police,-2.965671,53.060998,On or near Ansell Road,W01000415,Wrexham 023F,Violence and sexual offences,Court result unavailable,
3e32d3ca93424681f8be4bb319c17023081d3e653b3032e745d0ad6c4f46da0a,2023-06,North Wales Police,North Wales Police,-2.971216,53.054723,On or near Clos Y Cowper,W01000415,Wrexham 023F,Violence and sexual offences,Investigation complete; no suspect identified,
d24013139829e97ddd2ad15d5447a08a83abab45a772c1b97707eade019a62f8,2023-06,North Wales Police,North Wales Police,-2.973056,53.052955,On or near St Davids' Court,W01000415,Wrexham 023F,Violence and sexual offences,Unable to prosecute suspect,
816a35b07b3be5bf48d83e454eca577e046a099aa8dc994f225e78f99a035a02,2023-06,North Wales Police,North Wales Police,-2.973518,53.054938,On or near Sports/Recreation Area,W01000415,Wrexham 023F,Violence and sexual offences,Unable to prosecute suspect,
577e26a37537e97a48f8c222d9a4b20fe49e8e7165e961b9eec3b500031cb54f,2023-06,North Wales Police,North Wales Police,-2.973518,53.054938,On or near Sports/Recreation Area,W01000415,Wrexham 023F,Violence and sexual offences,Local resolution,
48ca83fd40d30b2f1b97a37a9d62e9a559246ea66b3260898e24429c48b4a8bc,2023-06,North Wales Police,North Wales Police,-2.973518,53.054938,On or near Sports/Recreation Area,W01000415,Wrexham 023F,Violence and sexual offences,Unable to prosecute suspect,
ed70dffaab559774af1cc743da2e62c2e7a04c0ef62dd55adf14e57cd94b4b86,2023-06,North Wales Police,North Wales Police,-2.981908,53.051211,On or near Kingstown,W01000393,Wrexham 023G,Drugs,Unable to prosecute suspect,
da126c6b37d0c8bd6c6ad9fcc236d8fdc7cbdacfb3602db54154d7e792c6cc8a,2023-06,North Wales Police,North Wales Police,-2.979771,53.053044,On or near Ffordd Maelor,W01000393,Wrexham 023G,Burglary,Investigation complete; no suspect identified,
33d1aa77841c9738459a1300d982ac909ab633d29fce38948afb98c63aa43209,2023-06,North Wales Police,North Wales Police,-2.983552,53.053309,On or near Russell Grove,W01000393,Wrexham 023G,Criminal damage and arson,Investigation complete; no suspect identified,
983e9bb2fcdf77aa7d61694711feea5ece93e85621ab99016b4737601de1606f,2023-06,North Wales Police,North Wales Police,-2.977095,53.054747,On or near Ffordd Dyfed,W01000393,Wrexham 023G,Criminal damage and arson,Unable to prosecute suspect,
3e43fce53cb1fd591944240f7312851d9f4cb66fc9f913993cf755b5fd797bd7,2023-06,North Wales Police,North Wales Police,-2.985979,53.049895,On or near Supermarket,W01000393,Wrexham 023G,Criminal damage and arson,Investigation complete; no suspect identified,
8d80bf378f0436bbe4aa1dfab59eddf400e99d61100bb5dab334380e55f6788d,2023-06,North Wales Police,North Wales Police,-2.981908,53.051211,On or near Kingstown,W01000393,Wrexham 023G,Other theft,Investigation complete; no suspect identified,
2be3bde757b4acc2dac438ba8fa78c278c745f8ecb459219116f2c573faf3a20,2023-06,North Wales Police,North Wales Police,-2.983960,53.051598,On or near Aston Grove,W01000393,Wrexham 023G,Other theft,Investigation complete; no suspect identified,
979c9eb0252ba963fe49136b88d284c4adac44e8a45de81cdf16da5924b9dfe8,2023-06,North Wales Police,North Wales Police,-2.990199,53.053012,On or near Maesydre Road,W01000393,Wrexham 023G,Other theft,Unable to prosecute suspect,
772de1558f6870dbb97f23f67883c8da37b2193a074b42c93174d99405af80a6,2023-06,North Wales Police,North Wales Police,-2.989324,53.049047,On or near Police Station,W01000393,Wrexham 023G,Possession of weapons,Unable to prosecute suspect,
f8d7cccc0f06005d4e80cb25ce519dba0ce7487fe4d5f64989f6e56526bc628e,2023-06,North Wales Police,North Wales Police,-2.989324,53.049047,On or near Police Station,W01000393,Wrexham 023G,Public order,Unable to prosecute suspect,
32913998a926a84c6ef454770d4ea231bcf17bff82c9e1a0b157a5d7c5778624,2023-06,North Wales Police,North Wales Police,-2.980913,53.054041,On or near Camberley Drive,W01000393,Wrexham 023G,Public order,Local resolution,
6aaf880e415bda707c11fd0451e1e138f6aa35bde6e1231cdefd2e77dc552819,2023-06,North Wales Police,North Wales Police,-2.988949,53.053786,On or near Westminster Drive,W01000393,Wrexham 023G,Theft from the person,Further investigation is not in the public interest,
ebed43f1a844e3a7ecbaa5f009e5b0a4e341c98129e16ba360758c342e10b922,2023-06,North Wales Police,North Wales Police,-2.986699,53.053265,On or near Westminster Close,W01000393,Wrexham 023G,Vehicle crime,Investigation complete; no suspect identified,
3906a6c971b17825e7cc5761cc8dfc71e07af417c0b880022b7d6fb356008ef9,2023-06,North Wales Police,North Wales Police,-2.982368,53.054380,On or near Camberley Crescent,W01000393,Wrexham 023G,Violence and sexual offences,Unable to prosecute suspect,
db4221226c562732bb07b21a5ef34c901d3a4cec2aa8f9446cf9ec26e3f121b6,2023-06,North Wales Police,North Wales Police,-2.981900,53.052199,On or near Glan Garth,W01000393,Wrexham 023G,Violence and sexual offences,Local resolution,
69bfb816b13b51d65896b6bc1eb168336c4be3595b42b5f235bd64e83a25c368,2023-06,North Wales Police,North Wales Police,-2.983552,53.053309,On or near Russell Grove,W01000393,Wrexham 023G,Violence and sexual offences,Unable to prosecute suspect,
477cac8de26870cd4b2f6f50ca1c7116647afa4852a6326fb60a88d6512c6af4,2023-06,North Wales Police,North Wales Police,-2.981900,53.052199,On or near Glan Garth,W01000393,Wrexham 023G,Violence and sexual offences,Local resolution,
d654e2ac68760d5164723fad84730a8133801f2cc8a1c820ef0670b314a12f9c,2023-06,North Wales Police,North Wales Police,-2.986699,53.053265,On or near Westminster Close,W01000393,Wrexham 023G,Violence and sexual offences,Unable to prosecute suspect,
8684b763684444f3a4062b4b8668b1c5d2cbd867eb2274b1e36f672dc1a65e0f,2023-06,North Wales Police,North Wales Police,-2.981900,53.052199,On or near Glan Garth,W01000393,Wrexham 023G,Violence and sexual offences,Unable to prosecute suspect,
dfaba927e9306b17a988e7afb6bc6458a978570feb1ce7cbeb1a3289847f4bec,2023-06,North Wales Police,North Wales Police,-2.983552,53.053309,On or near Russell Grove,W01000393,Wrexham 023G,Violence and sexual offences,Unable to prosecute suspect,
86df92a5db8fb6584077c21c84cc1e2ce8c0afd75075aa65ae6b05740e922941,2023-06,North Wales Police,North Wales Police,-2.979771,53.053044,On or near Ffordd Maelor,W01000393,Wrexham 023G,Violence and sexual offences,Unable to prosecute suspect,
27eb25370b49054ac017616f53875970b21640def88abc66974d4b78bdfbdb6a,2023-06,North Wales Police,North Wales Police,-2.989324,53.049047,On or near Police Station,W01000393,Wrexham 023G,Violence and sexual offences,Investigation complete; no suspect identified,
3b202d50236628aed211a8219bfe530b5c7968c5b2499d8e23e383bd83da48fb,2023-06,North Wales Police,North Wales Police,-2.986699,53.053265,On or near Westminster Close,W01000393,Wrexham 023G,Other crime,Further investigation is not in the public interest,
